4 0.0484375 0.1953125 0.0296875 0.0515625
3 0.0453125 0.1390625 0.0796875 0.0171875
3 0.0453125 0.1171875 0.071875 0.0203125
3 0.1296875 0.0953125 0.0265625 0.0390625
2 0.1828125 0.2140625 0.025 0.0375
6 0.196875 0.35625 0.025 0.04375
3 0.9453125 0.084375 0.0875 0.0484375
2 0.828125 0.1890625 0.0484375 0.046875
5 0.8984375 0.3453125 0.071875 0.05625
3 0.075 0.8234375 0.0984375 0.1234375
3 0.215625 0.784375 0.134375 0.0984375
4 0.046875 0.9296875 0.0703125 0.0390625
2 0.696875 0.6828125 0.059375 0.0578125
5 0.96875 0.7734375 0.0625 0.065625