3 0.41484375 0.1732776617954071 0.0296875 0.033402922755741124
3 0.4140625 0.12839248434237996 0.028125 0.06471816283924843
3 0.490625 0.12734864300626306 0.0484375 0.06889352818371608
3 0.5625 0.11482254697286012 0.0625 0.081419624217119
4 0.475 0.24425887265135698 0.0578125 0.04801670146137787
2 0.603125 0.27139874739039666 0.040625 0.07515657620041753
5 0.43125 0.3674321503131524 0.028125 0.07933194154488518
5 0.559375 0.348643006263048 0.046875 0.0709812108559499
6 0.6203125 0.4613778705636743 0.025 0.081419624217119
7 0.4203125 0.4822546972860125 0.0203125 0.06680584551148225
1 0.5015625 0.5302713987473904 0.0640625 0.04175365344467641
7 0.5859375 0.46764091858037576 0.025 0.06889352818371608
3 0.1625 0.7807933194154488 0.0796875 0.06889352818371608
3 0.2109375 0.6910229645093946 0.0546875 0.04384133611691023
3 0.3375 0.6743215031315241 0.09375 0.05010438413361169
3 0.2359375 0.7578288100208769 0.0421875 0.027139874739039668
3 0.5875 0.6607515657620042 0.096875 0.022964509394572025
3 0.675 0.6764091858037579 0.059375 0.054279749478079335
2 0.7125 0.8016701461377871 0.0359375 0.0709812108559499
4 0.5859375 0.7118997912317327 0.0234375 0.04592901878914405
5 0.6328125 0.9331941544885177 0.040625 0.07306889352818371