3 0.52578125 0.221875 0.0734375 0.059375
3 0.6484375 0.234375 0.11875 0.075
3 0.7875 0.2484375 0.1140625 0.090625
4 0.6875 0.325 0.0640625 0.078125
2 0.50546875 0.41328125 0.0328125 0.0609375
2 0.8640625 0.409375 0.0546875 0.071875
5 0.58515625 0.52421875 0.0734375 0.0890625
5 0.784375 0.52109375 0.06875 0.0953125
3 0.2828125 0.5859375 0.08125 0.034375
3 0.2546875 0.6328125 0.0953125 0.0296875
3 0.10625 0.5984375 0.0734375 0.0359375
3 0.1390625 0.653125 0.065625 0.0375
2 0.00859375 0.75546875 0.0171875 0.0546875
2 0.3609375 0.7640625 0.0515625 0.065625
5 0.259375 0.9046875 0.0484375 0.059375
5 0.0796875 0.9078125 0.059375 0.0734375
5 0.95390625 0.7265625 0.0921875 0.125
5 0.6734375 0.740625 0.0765625 0.1265625
1 0.9265625 0.9140625 0.059375 0.0640625
1 0.690625 0.9015625 0.0921875 0.084375
6 0.584375 0.5984375 0.05625 0.05