3 0.234375 0.225 0.0625 0.0703125
3 0.325 0.21875 0.059375 0.05625
3 0.39375 0.2453125 0.046875 0.034375
2 0.15 0.34375 0.053125 0.0640625
6 0.1375 0.43125 0.0578125 0.0953125
6 0.1515625 0.51875 0.03125 0.040625
7 0.18046875 0.5234375 0.0265625 0.03125
5 0.225 0.459375 0.05 0.0796875
4 0.328125 0.2984375 0.0484375 0.0484375
5 0.2625 0.6109375 0.034375 0.059375
5 0.1578125 0.625 0.040625 0.0515625
1 0.2578125 0.7046875 0.0359375 0.0375
1 0.1421875 0.696875 0.0359375 0.0515625
2 0.321875 0.55078125 0.034375 0.0234375
0 0.2265625 0.5578125 0.0421875 0.0359375
6 0.2984375 0.690625 0.0359375 0.0546875
7 0.7765625 0.71875 0.034375 0.0828125