4 0.803125 0.6208333333333333 0.0234375 0.052083333333333336
4 0.8265625 0.6208333333333333 0.025 0.06041666666666667
2 0.6921875 0.7125 0.03125 0.058333333333333334
2 0.946875 0.7 0.034375 0.05416666666666667
3 0.8578125 0.5583333333333333 0.0578125 0.03333333333333333
3 0.7390625 0.5791666666666667 0.0796875 0.03125
3 0.75078125 0.5416666666666666 0.0734375 0.025
3 0.821875 0.540625 0.046875 0.022916666666666665
3 0.8859375 0.5395833333333333 0.053125 0.020833333333333332
5 0.8875 0.8145833333333333 0.04375 0.07291666666666667
5 0.7640625 0.80625 0.0296875 0.06875