3 0.1984375 0.1 0.05 0.0640625
3 0.3109375 0.0453125 0.0671875 0.0265625
3 0.4015625 0.0484375 0.06875 0.034375
3 0.37734375 0.015625 0.0796875 0.03125
3 0.209375 0.03125 0.053125 0.05
7 0.265625 0.390625 0.053125 0.046875
3 0.790625 0.165625 0.0703125 0.059375
3 0.865625 0.15 0.0515625 0.06875
3 0.93125 0.15 0.05625 0.0609375
3 0.990625 0.165625 0.01875 0.071875
4 0.9296875 0.2125 0.028125 0.0453125
4 0.896875 0.2140625 0.025 0.046875
2 0.746875 0.2828125 0.05625 0.04375
5 0.8234375 0.3609375 0.046875 0.0640625
5 0.975 0.3625 0.0484375 0.090625
2 0.075 0.6640625 0.05625 0.05
5 0.0234375 0.8109375 0.046875 0.084375
5 0.509375 0.80859375 0.040625 0.0734375
5 0.3390625 0.8484375 0.0453125 0.090625
5 0.890625 0.9640625 0.071875 0.071875
5 0.68203125 0.96328125 0.0515625 0.0734375
2 0.596875 0.8703125 0.04375 0.0875
2 0.97734375 0.8640625 0.0453125 0.075
4 0.775 0.8234375 0.071875 0.0625