3 0.103125 0.215962441314554 0.071875 0.09859154929577464
3 0.184375 0.22065727699530516 0.071875 0.07042253521126761
4 0.653125 0.13849765258215962 0.021875 0.06103286384976526
4 0.6765625 0.14084507042253522 0.015625 0.0539906103286385
3 0.609375 0.06807511737089202 0.05 0.03051643192488263
3 0.5984375 0.09624413145539906 0.0421875 0.035211267605633804
3 0.6671875 0.051643192488262914 0.040625 0.03755868544600939
2 0.55 0.1784037558685446 0.0390625 0.0539906103286385
2 0.740625 0.20892018779342722 0.0234375 0.0539906103286385
1 0.5734375 0.4131455399061033 0.028125 0.04225352112676056
7 0.696875 0.39906103286384975 0.0203125 0.04460093896713615
3 0.80625 0.7652582159624414 0.09375 0.06807511737089202
3 0.975 0.7676056338028169 0.05 0.06103286384976526
4 0.8765625 0.8497652582159625 0.0265625 0.04929577464788732
2 0.9921875 0.9107981220657277 0.015625 0.056338028169014086
2 0.78125 0.8896713615023474 0.028125 0.03990610328638498
5 0.83359375 0.9812206572769953 0.0421875 0.03755868544600939
5 0.94296875 0.9859154929577465 0.0359375 0.028169014084507043