2 0.1484375 0.0828125 0.0609375 0.06875
5 0.2609375 0.21875 0.0640625 0.1109375
7 0.2328125 0.3515625 0.0390625 0.071875
6 0.178125 0.30625 0.05625 0.1140625
5 0.578125 0.3296875 0.04375 0.065625
3 0.94921875 0.0765625 0.1015625 0.040625
4 0.496875 0.1890625 0.034375 0.025
2 0.2921875 0.5609375 0.0265625 0.0375
0 0.3515625 0.6 0.01875 0.025
6 0.25625 0.6546875 0.025 0.0734375
7 0.3734375 0.69375 0.0140625 0.0484375
5 0.3125 0.621875 0.0359375 0.01875
5 0.3828125 0.6484375 0.015625 0.0328125
3 0.7015625 0.5109375 0.0421875 0.0546875
3 0.86875 0.4984375 0.24375 0.0546875
4 0.8390625 0.5953125 0.0453125 0.025
2 0.9890625 0.640625 0.021875 0.03125
2 0.690625 0.6203125 0.040625 0.034375
5 0.9125 0.7421875 0.065625 0.0828125
5 0.746875 0.734375 0.04375 0.084375
7 0.9390625 0.81875 0.025 0.046875
7 0.71875 0.80625 0.034375 0.040625
6 0.684375 0.803125 0.025 0.0703125