3 0.371875 0.12578125 0.034375 0.0515625
5 0.38125 0.28046875 0.015625 0.0328125
2 0.35 0.2078125 0.0171875 0.0296875
2 0.4734375 0.04375 0.0328125 0.06875
7 0.8828125 0.4921875 0.0484375 0.090625
6 0.959375 0.4765625 0.0375 0.0953125
4 0.2171875 0.684375 0.034375 0.05625
3 0.2921875 0.615625 0.078125 0.03125
3 0.18359375 0.61015625 0.0890625 0.0203125
2 0.3609375 0.721875 0.046875 0.0421875
5 0.1234375 0.853125 0.053125 0.0734375
5 0.284375 0.825 0.0390625 0.053125
5 0.925 0.8265625 0.071875 0.0890625
7 0.8140625 0.8828125 0.034375 0.0484375
7 0.971875 0.9 0.034375 0.0515625