3 0.1609375 0.20612813370473537 0.0515625 0.1309192200557103
3 0.23125 0.16991643454038996 0.0609375 0.1392757660167131
3 0.3 0.20891364902506965 0.0546875 0.12813370473537605
3 0.096875 0.2075208913649025 0.05 0.14206128133704735
3 0.04921875 0.24651810584958217 0.0390625 0.06406685236768803
5 0.66875 0.07520891364902507 0.034375 0.10027855153203342
5 0.8 0.04178272980501393 0.0421875 0.07520891364902507
3 0.953125 0.3022284122562674 0.09375 0.04735376044568245
4 0.95625 0.40947075208913647 0.0296875 0.08356545961002786
2 0.790625 0.49025069637883006 0.0390625 0.0584958217270195
5 0.8375 0.7158774373259053 0.065625 0.07520891364902507
6 0.7984375 0.83008356545961 0.025 0.12256267409470752