3 0.23125 0.171875 0.015625 0.03125
4 0.2703125 0.196875 0.0265625 0.0390625
3 0.253125 0.146875 0.0640625 0.0234375
3 0.221875 0.0984375 0.0578125 0.0234375
3 0.2125 0.1203125 0.059375 0.0296875
3 0.3078125 0.11875 0.0578125 0.025
3 0.3078125 0.1 0.0578125 0.0234375
5 0.2109375 0.328125 0.0296875 0.05
5 0.3625 0.334375 0.0453125 0.0359375
3 0.78359375 0.18671875 0.046875 0.0671875
2 0.046875 0.65 0.040625 0.053125
4 0.19375 0.6125 0.0296875 0.05
3 0.2265625 0.55625 0.0328125 0.0234375
3 0.153125 0.55078125 0.059375 0.0234375
1 0.15 0.84375 0.0515625 0.021875
5 0.609375 0.54765625 0.04375 0.0171875
7 0.7609375 0.596875 0.040625 0.0375
6 0.578125 0.5859375 0.028125 0.065625