2 0.2609375 0.26458333333333334 0.0375 0.058333333333333334
3 0.309375 0.11875 0.05625 0.07083333333333333
3 0.3703125 0.11666666666666667 0.05625 0.075
3 0.42109375 0.13541666666666666 0.0359375 0.075
5 0.321875 0.38958333333333334 0.0390625 0.08958333333333333
1 0.28125 0.5375 0.040625 0.08333333333333333
4 0.415625 0.21041666666666667 0.03125 0.06666666666666667
4 0.55625 0.075 0.040625 0.08125
2 0.4578125 0.20833333333333334 0.0375 0.07916666666666666
2 0.7671875 0.11875 0.0515625 0.07291666666666667
6 0.8109375 0.24166666666666667 0.0640625 0.09583333333333334
5 0.6890625 0.2833333333333333 0.04375 0.058333333333333334
6 0.803125 0.3333333333333333 0.0328125 0.08333333333333333
3 0.4125 0.7385416666666667 0.053125 0.03958333333333333
2 0.38125 0.8958333333333334 0.03125 0.029166666666666667
4 0.89375 0.9604166666666667 0.028125 0.05416666666666667
3 0.9046875 0.89375 0.075 0.0375
3 0.90625 0.8708333333333333 0.071875 0.029166666666666667
3 0.8265625 0.9208333333333333 0.0484375 0.03333333333333333
3 0.9546875 0.9395833333333333 0.05 0.03125
2 0.771875 0.990625 0.03125 0.01875