3 0.0125 0.0921875 0.025 0.053125
3 0.0578125 0.090625 0.05625 0.05625
3 0.115625 0.1046875 0.0484375 0.05625
3 0.165625 0.1203125 0.040625 0.06875
5 0.0140625 0.29453125 0.028125 0.0671875
5 0.15625 0.346875 0.021875 0.075
1 0.140625 0.4359375 0.025 0.0625
4 0.103125 0.1609375 0.03125 0.05
5 0.79375 0.1 0.0421875 0.0765625
5 0.6046875 0.075 0.059375 0.0703125
3 0.06953125 0.52265625 0.0578125 0.0265625
3 0.1765625 0.546875 0.10625 0.0625
3 0.28125 0.55625 0.065625 0.0625
4 0.1546875 0.615625 0.03125 0.040625
2 0.33125 0.7015625 0.05 0.0515625
2 0.021875 0.65859375 0.04375 0.0390625
5 0.2546875 0.78125 0.06875 0.06875
5 0.065625 0.7703125 0.053125 0.059375
1 0.1421875 0.9 0.0921875 0.034375
1 0.2265625 0.8984375 0.04375 0.04375
1 0.0640625 0.8734375 0.0453125 0.05
7 0.2890625 0.8546875 0.028125 0.0453125
7 0.0390625 0.8234375 0.0296875 0.03125
6 0.7171875 0.6625 0.03125 0.078125
7 0.775 0.7140625 0.03125 0.103125