3 0.2515625 0.125 0.0515625 0.05
3 0.265625 0.1671875 0.0640625 0.0390625
3 0.340625 0.1484375 0.0609375 0.05
3 0.378125 0.1046875 0.0359375 0.0484375
5 0.41796875 0.3578125 0.0390625 0.021875
2 0.69921875 0.140625 0.0203125 0.04375
3 0.4390625 0.5 0.0328125 0.0328125
3 0.478125 0.5015625 0.03125 0.0359375
3 0.5171875 0.503125 0.0328125 0.0421875
2 0.540625 0.56875 0.034375 0.034375
2 0.3875 0.553125 0.0234375 0.0328125
5 0.4921875 0.6234375 0.025 0.0421875
5 0.415625 0.6171875 0.028125 0.040625
3 0.85703125 0.56640625 0.0234375 0.04375
3 0.82421875 0.58828125 0.015625 0.0484375
2 0.871875 0.6625 0.00859375 0.04375
2 0.81015625 0.684375 0.0109375 0.05078125
5 0.828125 0.7734375 0.01171875 0.06953125
5 0.859375 0.746875 0.01484375 0.07734375
6 0.81640625 0.85078125 0.0109375 0.0984375
6 0.8703125 0.84609375 0.00859375 0.0796875