3 0.265625 0.1609375 0.0515625 0.05
3 0.2796875 0.203125 0.0640625 0.0390625
3 0.3546875 0.184375 0.0609375 0.05
3 0.3921875 0.140625 0.0359375 0.0484375
5 0.4328125 0.4171875 0.0390625 0.06875
7 0.3 0.5140625 0.025 0.05
7 0.459375 0.5015625 0.034375 0.046875
2 0.946875 0.0953125 0.059375 0.059375
2 0.50625 0.7359375 0.00625 0.03125
4 0.984375 0.653125 0.0171875 0.0375
4 0.990625 0.640625 0.01875 0.0375
3 0.9453125 0.625 0.040625 0.0234375
5 0.965625 0.7453125 0.0328125 0.0453125
7 0.9640625 0.7953125 0.021875 0.0328125