3 0.2078125 0.0953125 0.0515625 0.05
3 0.221875 0.1375 0.0640625 0.0390625
3 0.296875 0.11875 0.0609375 0.05
3 0.334375 0.075 0.0359375 0.0484375
5 0.375 0.3515625 0.0390625 0.06875
7 0.2421875 0.4484375 0.025 0.05
7 0.4015625 0.4359375 0.034375 0.046875
4 0.63125 0.1328125 0.025 0.05
3 0.7140625 0.1015625 0.0359375 0.0578125
2 0.7796875 0.2234375 0.0359375 0.0484375
3 0.33359375 0.70390625 0.04765625 0.0296875
3 0.26875 0.71875 0.03125 0.0328125
2 0.36328125 0.76953125 0.01640625 0.0296875
2 0.24140625 0.784375 0.021875 0.034375
5 0.27734375 0.8453125 0.0234375 0.04765625
5 0.3390625 0.82734375 0.0296875 0.05234375
6 0.253125 0.89765625 0.021875 0.0671875
6 0.3609375 0.89453125 0.01640625 0.0546875
2 0.98515625 0.6125 0.0296875 0.053125
2 0.7078125 0.6859375 0.046875 0.053125
4 0.82265625 0.58828125 0.0546875 0.0390625