3 0.1828125 0.0875 0.0375 0.01875
3 0.2234375 0.0859375 0.0328125 0.021875
3 0.171875 0.103125 0.034375 0.025
3 0.2234375 0.1046875 0.04375 0.021875
5 0.1875 0.2296875 0.01875 0.046875
2 0.7609375 0.2078125 0.0515625 0.0875
5 0.6875 0.353125 0.0625 0.0984375
3 0.6421875 0.0875 0.0984375 0.046875
3 0.65859375 0.01328125 0.0828125 0.0265625
3 0.409375 0.546875 0.04375 0.034375
3 0.4578125 0.5421875 0.040625 0.025
3 0.4921875 0.5359375 0.025 0.0125
4 0.9734375 0.546875 0.0171875 0.03125
3 0.94140625 0.5328125 0.0265625 0.00625