3 0.3171875 0.0609375 0.0375 0.01875
3 0.3578125 0.059375 0.0328125 0.021875
3 0.30625 0.0765625 0.034375 0.025
3 0.3578125 0.078125 0.04375 0.021875
5 0.321875 0.203125 0.01875 0.046875
3 0.6921875 0.06875 0.140625 0.05625
3 0.8890625 0.0828125 0.1953125 0.059375
5 0.9 0.3828125 0.04375 0.0921875
3 0.1765625 0.625 0.1125 0.053125
3 0.3 0.6390625 0.1 0.06875
4 0.2375 0.703125 0.0453125 0.05
2 0.0828125 0.7765625 0.0421875 0.05625
2 0.359375 0.7734375 0.028125 0.0484375
6 0.08125 0.9140625 0.0328125 0.071875
6 0.3125 0.9359375 0.0328125 0.065625
3 0.834375 0.79375 0.084375 0.0421875
3 0.9265625 0.7953125 0.0859375 0.0390625
3 0.99140625 0.775 0.0171875 0.05
3 0.9921875 0.81171875 0.015625 0.0421875
4 0.9078125 0.8640625 0.0359375 0.0671875
2 0.76875 0.953125 0.0359375 0.0375