4 0.3671875 0.1640625 0.034375 0.0796875
3 0.5015625 0.11875 0.1375 0.0453125
3 0.2515625 0.0875 0.1171875 0.0421875
3 0.378125 0.0640625 0.0796875 0.0703125
3 0.5015625 0.0265625 0.1421875 0.0484375
3 0.4984375 0.0765625 0.128125 0.0453125
3 0.2515625 0.0453125 0.1171875 0.0375
3 0.3328125 0.009375 0.065625 0.01875
2 0.140625 0.2375 0.059375 0.08125
6 0.159375 0.4421875 0.04375 0.075
5 0.4765625 0.434375 0.05 0.05625
2 0.58125 0.24375 0.0375 0.06875
3 0.75703125 0.02265625 0.0953125 0.0453125
3 0.88046875 0.0234375 0.0953125 0.046875
4 0.815625 0.0953125 0.0453125 0.06875
4 0.8265625 0.2171875 0.059375 0.078125
5 0.634375 0.446875 0.06875 0.065625
5 0.92578125 0.4453125 0.0609375 0.06875
0 0.8015625 0.31875 0.053125 0.06875
0 0.765625 0.3390625 0.0390625 0.059375
4 0.534375 0.59375 0.059375 0.0625
5 0.378125 0.7734375 0.0890625 0.09375
7 0.321875 0.875 0.0625 0.0671875
7 0.525 0.9515625 0.040625 0.08125
2 0.3328125 0.6234375 0.0671875 0.059375
3 0.5109375 0.5140625 0.0453125 0.0578125
1 0.9453125 0.740625 0.0578125 0.0296875