4 0.3546875 0.2234375 0.034375 0.0796875
3 0.4890625 0.178125 0.1375 0.0453125
3 0.2390625 0.146875 0.1171875 0.0421875
3 0.365625 0.1234375 0.0796875 0.0703125
3 0.4890625 0.0859375 0.1421875 0.0484375
3 0.4859375 0.1359375 0.128125 0.0453125
3 0.2390625 0.1046875 0.1171875 0.0375
3 0.3203125 0.0546875 0.065625 0.0484375
2 0.128125 0.296875 0.059375 0.08125
6 0.146875 0.48671875 0.04375 0.0453125
5 0.4640625 0.4875 0.05 0.04375
2 0.5734375 0.303125 0.0453125 0.06875
7 0.25625 0.52734375 0.025 0.0359375
7 0.38515625 0.5328125 0.0265625 0.046875