2 0.15703125 0.3544600938967136 0.1078125 0.0892018779342723
7 0.671875 0.2863849765258216 0.028125 0.07511737089201878
5 0.66875 0.18779342723004694 0.028125 0.07981220657276995
3 0.1796875 0.528169014084507 0.084375 0.08215962441314555
3 0.078125 0.4953051643192488 0.046875 0.14084507042253522
3 0.1515625 0.4354460093896714 0.04375 0.07276995305164319
4 0.1875 0.6291079812206573 0.0421875 0.07746478873239436
2 0.01875 0.744131455399061 0.0375 0.08450704225352113
5 0.0578125 0.9483568075117371 0.0375 0.10328638497652583
2 0.81328125 0.4225352112676056 0.0703125 0.046948356807511735
5 0.9328125 0.6525821596244131 0.0796875 0.12441314553990611
7 0.8578125 0.8661971830985915 0.0578125 0.19014084507042253