4 0.21875 0.12614678899082568 0.06875 0.13073394495412843
5 0.921875 0.3256880733944954 0.028125 0.07110091743119266
5 0.7875 0.31422018348623854 0.0375 0.06651376146788991
4 0.8890625 0.13302752293577982 0.021875 0.0779816513761468
3 0.87109375 0.011467889908256881 0.0390625 0.022935779816513763
2 0.7453125 0.1720183486238532 0.034375 0.06651376146788991
2 0.1484375 0.555045871559633 0.0265625 0.05733944954128441
5 0.09375 0.6972477064220184 0.034375 0.08256880733944955
4 0.053125 0.5011467889908257 0.021875 0.04357798165137615
4 0.02890625 0.49770642201834864 0.0234375 0.03669724770642202
3 0.821875 0.6743119266055045 0.0484375 0.04357798165137615
3 0.97109375 0.6811926605504587 0.0578125 0.03211009174311927
4 0.928125 0.7660550458715596 0.0203125 0.052752293577981654