5 0.459375 0.04375 0.0359375 0.04375
3 0.709375 0.19166666666666668 0.071875 0.0625
3 0.7109375 0.11458333333333333 0.0515625 0.06458333333333334
3 0.7765625 0.19166666666666668 0.04375 0.0875
3 0.8640625 0.2375 0.0875 0.06666666666666667
3 0.95859375 0.24166666666666667 0.0828125 0.05416666666666667
3 0.98828125 0.16875 0.0234375 0.05416666666666667
3 0.8578125 0.17291666666666666 0.0765625 0.05416666666666667
3 0.9453125 0.19583333333333333 0.0734375 0.06666666666666667
3 0.9953125 0.296875 0.009375 0.06458333333333334
4 0.384375 0.6770833333333334 0.0203125 0.05625
5 0.503125 0.9333333333333333 0.0578125 0.07708333333333334
2 0.8 0.6479166666666667 0.040625 0.075
4 0.56875 0.65 0.0328125 0.07291666666666667
3 0.55703125 0.48125 0.0359375 0.04583333333333333
3 0.55390625 0.5302083333333333 0.0296875 0.035416666666666666