5 0.1109375 0.2328125 0.0328125 0.075
2 0.671875 0.01015625 0.05 0.0203125
5 0.9390625 0.2078125 0.0578125 0.0875
6 0.975 0.375 0.05 0.084375
3 0.26875 0.5421875 0.1953125 0.06875
3 0.23125 0.5921875 0.0625 0.0453125
3 0.315625 0.596875 0.0921875 0.0421875
3 0.4140625 0.578125 0.059375 0.0734375
3 0.2046875 0.6296875 0.0375 0.040625
3 0.353125 0.6453125 0.0421875 0.0453125
4 0.240625 0.6640625 0.0328125 0.059375
4 0.2921875 0.6734375 0.0296875 0.0765625
2 0.0234375 0.7609375 0.046875 0.084375
2 0.4421875 0.83203125 0.053125 0.0953125
5 0.0375 0.95703125 0.075 0.0765625
5 0.39609375 0.95546875 0.0921875 0.0890625
3 0.1296875 0.5625 0.08125 0.0390625
3 0.66953125 0.4921875 0.0828125 0.025
2 0.5921875 0.584375 0.0390625 0.04375
5 0.7671875 0.6546875 0.0453125 0.0515625
5 0.634375 0.6625 0.05625 0.0421875