5 0.175 0.09375 0.053125 0.090625
5 0.33125 0.1140625 0.0328125 0.075
7 0.146875 0.178125 0.0265625 0.0609375
1 0.8125 0.059375 0.046875 0.0921875
1 0.609375 0.0765625 0.0625 0.065625
5 0.3515625 0.5234375 0.053125 0.08125
5 0.50078125 0.53671875 0.0359375 0.0609375
6 0.271875 0.565625 0.0609375 0.0765625
2 0.2875 0.4171875 0.04375 0.0640625
4 0.96796875 0.4828125 0.0640625 0.08125
2 0.74375 0.575 0.08125 0.0625
5 0.83125 0.75625 0.0671875 0.090625
1 0.8921875 0.903125 0.0390625 0.0546875
6 0.775 0.859375 0.059375 0.125
3 0.78671875 0.36875 0.0890625 0.0375
3 0.8421875 0.4 0.121875 0.059375
3 0.9625 0.40859375 0.075 0.0609375
3 0.9265625 0.3625 0.146875 0.025
4 0.965625 0.53125 0.059375 0.040625