3 0.3375 0.24561403508771928 0.0734375 0.07017543859649122
3 0.3515625 0.16290726817042606 0.09375 0.07268170426065163
3 0.4859375 0.2656641604010025 0.075 0.07017543859649122
3 0.4796875 0.20802005012531327 0.0671875 0.06516290726817042
4 0.4171875 0.3258145363408521 0.04375 0.10526315789473684
2 0.25625 0.39097744360902253 0.0421875 0.11027568922305764
5 0.2890625 0.5087719298245614 0.04375 0.040100250626566414
0 0.640625 0.016290726817042606 0.025 0.03258145363408521
0 0.61328125 0.02506265664160401 0.0078125 0.040100250626566414
5 0.6953125 0.07017543859649122 0.0484375 0.07017543859649122
7 0.715625 0.18796992481203006 0.025 0.09022556390977443
6 0.740625 0.09022556390977443 0.0296875 0.045112781954887216
3 0.25625 0.9348370927318296 0.14375 0.08020050125313283
3 0.2484375 0.849624060150376 0.1171875 0.07017543859649122
3 0.3859375 0.8270676691729323 0.0875 0.10275689223057644
3 0.6328125 0.6015037593984962 0.040625 0.05263157894736842
3 0.6671875 0.5739348370927319 0.025 0.06766917293233082