3 0.94453125 0.12265625 0.1109375 0.0296875
4 0.99140625 0.2125 0.0171875 0.0125
3 0.9046875 0.1671875 0.08125 0.025
3 0.22890625 0.43828125 0.0578125 0.08203125
3 0.16015625 0.4234375 0.06015625 0.07890625
3 0.0953125 0.390625 0.0375 0.08046875
3 0.2625 0.5484375 0.021875 0.10234375
2 0.25859375 0.65078125 0.0375 0.06015625
5 0.19765625 0.7453125 0.028125 0.07109375
5 0.08984375 0.6984375 0.040625 0.0546875
7 0.0859375 0.7953125 0.02890625 0.08046875
6 0.22421875 0.85546875 0.02421875 0.084375
6 0.2703125 0.7015625 0.028125 0.06953125
4 0.153125 0.584375 0.0296875 0.02734375
3 0.63359375 0.421875 0.0671875 0.05625
3 0.79375 0.4359375 0.1953125 0.059375
5 0.8046875 0.7359375 0.04375 0.0921875