4 0.3395931142410016 0.0125 0.04381846635367762 0.025
2 0.17449139280125195 0.034375 0.04225352112676056 0.06875
6 0.15492957746478872 0.1484375 0.025039123630672927 0.0546875
5 0.20970266040688576 0.1234375 0.04538341158059468 0.0578125
1 0.2676056338028169 0.2890625 0.06729264475743349 0.0359375
4 0.7261345852895149 0.3171875 0.054773082942097026 0.0625
2 0.8998435054773083 0.334375 0.050078247261345854 0.05
2 0.554773082942097 0.3140625 0.051643192488262914 0.04375
4 0.7527386541471048 0.253125 0.03286384976525822 0.0609375
3 0.20187793427230047 0.45 0.08450704225352113 0.1125
3 0.14397496087636932 0.5953125 0.08763693270735524 0.08125
8 0.48982785602503914 0.6453125 0.046948356807511735 0.06875
8 0.4397496087636933 0.734375 0.053208137715179966 0.065625
4 0.24256651017214398 0.565625 0.0594679186228482 0.040625
7 0.4287949921752739 0.7953125 0.056338028169014086 0.05625
4 0.6118935837245696 0.6046875 0.03442879499217527 0.053125
3 0.6103286384976526 0.534375 0.09233176838810642 0.03125
3 0.6056338028169014 0.4984375 0.07511737089201878 0.0265625
3 0.6932707355242567 0.490625 0.056338028169014086 0.040625
2 0.7777777777777778 0.6765625 0.04381846635367762 0.0578125
6 0.7715179968701096 0.8359375 0.046948356807511735 0.1109375
5 0.7261345852895149 0.8 0.04381846635367762 0.0546875
6 0.7683881064162754 0.7375 0.06103286384976526 0.0546875