5 0.2078125 0.1390625 0.0515625 0.0765625
5 0.01796875 0.140625 0.0359375 0.090625
2 0.5671875 0.1484375 0.040625 0.046875
2 0.8078125 0.140625 0.034375 0.0453125
5 0.615625 0.2328125 0.0421875 0.046875
5 0.7703125 0.221875 0.046875 0.0515625
7 0.778125 0.2953125 0.028125 0.0546875
7 0.5953125 0.30078125 0.03125 0.0578125
3 0.7046875 0.034375 0.08125 0.0359375
4 0.14375 0.5484375 0.0109375 0.053125
4 0.16015625 0.5484375 0.00546875 0.0421875
2 0.19609375 0.6078125 0.00703125 0.0328125
2 0.09609375 0.59375 0.01171875 0.0375
6 0.08828125 0.753125 0.0171875 0.10546875
7 0.10390625 0.7984375 0.009375 0.06328125
5 0.1828125 0.7546875 0.009375 0.0359375
0 0.1359375 0.61484375 0.01015625 0.034375
4 0.14765625 0.5890625 0.01875 0.025
3 0.1796875 0.49453125 0.0328125 0.034375
3 0.1234375 0.48203125 0.01484375 0.0421875
3 0.65234375 0.525 0.025 0.08046875
2 0.57734375 0.69140625 0.0296875 0.0375
5 0.65234375 0.8125 0.025 0.13203125
5 0.74765625 0.7546875 0.025 0.08203125