3 0.3796875 0.0125 0.08125 0.025
5 0.4578125 0.2796875 0.0515625 0.0765625
5 0.25625 0.28125 0.059375 0.090625
4 0.3453125 0.0828125 0.05 0.05625
4 0.3875 0.0875 0.0328125 0.053125
4 0.8828125 0.1234375 0.0328125 0.03125
6 0.7421875 0.25 0.0234375 0.0546875
5 0.778125 0.246875 0.03125 0.05625
7 0.75625 0.2859375 0.03125 0.03125
3 0.859375 0.0875 0.0421875 0.0328125
3 0.9109375 0.0875 0.0453125 0.0203125
3 0.1265625 0.5796875 0.065625 0.0390625
3 0.2234375 0.5984375 0.0578125 0.0453125
4 0.1859375 0.6578125 0.0390625 0.0390625
5 0.2359375 0.7859375 0.040625 0.0578125
5 0.096875 0.7828125 0.0453125 0.059375
2 0.05625 0.7 0.04375 0.053125
2 0.2796875 0.71875 0.0265625 0.034375
3 0.665625 0.7953125 0.0921875 0.0375
3 0.803125 0.7796875 0.0703125 0.0375
5 0.6578125 0.99140625 0.0625 0.0171875