3 0.3109375 0.015625 0.040625 0.03125
3 0.38984375 0.01015625 0.0609375 0.0203125
4 0.3484375 0.0640625 0.0375 0.0328125
2 0.465625 0.10625 0.025 0.0390625
5 0.4078125 0.184375 0.0328125 0.0390625
6 0.459375 0.23125 0.021875 0.046875
6 0.4640625 0.184375 0.028125 0.040625
2 0.796875 0.0640625 0.0625 0.071875
5 0.7328125 0.171875 0.04375 0.0671875
6 0.775 0.23125 0.0546875 0.109375
5 0.56875 0.1765625 0.0328125 0.071875
3 0.1015625 0.609375 0.071875 0.0265625
3 0.0890625 0.6421875 0.0921875 0.034375
3 0.10625 0.69375 0.0734375 0.0546875
3 0.1875 0.671875 0.04375 0.0390625
3 0.2046875 0.7109375 0.0640625 0.0390625
3 0.603125 0.628125 0.034375 0.040625
3 0.6578125 0.6078125 0.0421875 0.040625
3 0.7171875 0.6109375 0.0609375 0.0609375
3 0.78125 0.6296875 0.05 0.0625
4 0.6890625 0.6828125 0.046875 0.0578125
5 0.76875 0.809375 0.0375 0.065625
5 0.6125 0.8171875 0.040625 0.0765625
2 0.821875 0.7265625 0.0375 0.0546875
2 0.5671875 0.7265625 0.0375 0.0375
6 0.59375 0.890625 0.0328125 0.05