4 0.1265625 0.02112676056338028 0.03125 0.04225352112676056
2 0.0234375 0.051643192488262914 0.028125 0.03286384976525822
2 0.2234375 0.04929577464788732 0.0171875 0.035211267605633804
0 0.1515625 0.09624413145539906 0.025 0.03990610328638498
0 0.10625 0.10093896713615023 0.0265625 0.04225352112676056
5 0.0703125 0.16901408450704225 0.025 0.07981220657276995
5 0.18125 0.15258215962441316 0.03125 0.04929577464788732
1 0.1265625 0.3004694835680751 0.0296875 0.03051643192488263
6 0.2171875 0.176056338028169 0.015625 0.06103286384976526
6 0.0328125 0.19718309859154928 0.015625 0.051643192488262914
7 0.0703125 0.2323943661971831 0.028125 0.028169014084507043
7 0.1890625 0.2323943661971831 0.01875 0.035211267605633804
8 0.1046875 0.19483568075117372 0.0265625 0.023474178403755867
8 0.165625 0.19718309859154928 0.0203125 0.02112676056338028
1 0.1734375 0.2863849765258216 0.0203125 0.03051643192488263
1 0.078125 0.2863849765258216 0.028125 0.035211267605633804
3 0.61484375 0.7241784037558685 0.0296875 0.06807511737089202
3 0.6734375 0.6901408450704225 0.0671875 0.07511737089201878
3 0.73125 0.6643192488262911 0.040625 0.08450704225352113
5 0.67109375 0.9624413145539906 0.0265625 0.07511737089201878
5 0.7875 0.9389671361502347 0.046875 0.08685446009389672