5 0.121875 0.0859375 0.0625 0.1328125
5 0.396875 0.0625 0.0765625 0.08125
1 0.2609375 0.30625 0.0734375 0.053125
6 0.4828125 0.1 0.0390625 0.1015625
6 0.0296875 0.1328125 0.0390625 0.0875
7 0.121875 0.1921875 0.06875 0.05
7 0.4140625 0.190625 0.05 0.059375
8 0.2078125 0.1296875 0.0671875 0.040625
8 0.35625 0.134375 0.053125 0.0375
1 0.3765625 0.2828125 0.053125 0.0515625
1 0.140625 0.2828125 0.06875 0.059375
4 0.8265625 0.0828125 0.028125 0.0484375
4 0.865625 0.0875 0.021875 0.0515625
3 0.859375 0.01328125 0.0625 0.0265625
2 0.6609375 0.1328125 0.0375 0.046875
5 0.7203125 0.2640625 0.0390625 0.065625
5 0.8609375 0.2953125 0.0203125 0.040625
3 0.54375 0.5375 0.0375 0.0453125
3 0.5890625 0.53125 0.0375 0.05625
3 0.640625 0.528125 0.04375 0.053125
3 0.696875 0.5375 0.046875 0.040625
4 0.575 0.5921875 0.0203125 0.034375
4 0.6265625 0.590625 0.025 0.0359375
5 0.715625 0.7625 0.053125 0.053125