4 0.31328125 0.01484375 0.0765625 0.0296875
2 0.0578125 0.0453125 0.06875 0.0546875
2 0.553125 0.040625 0.04375 0.059375
0 0.375 0.1171875 0.0625 0.0671875
0 0.2609375 0.1265625 0.0671875 0.071875
5 0.1734375 0.2359375 0.0625 0.1328125
5 0.4484375 0.2125 0.0765625 0.08125
6 0.534375 0.25 0.0390625 0.1015625
6 0.08125 0.2828125 0.0390625 0.0875
7 0.1734375 0.3421875 0.06875 0.05
7 0.465625 0.340625 0.05 0.059375
8 0.259375 0.2796875 0.0671875 0.040625
8 0.4078125 0.284375 0.053125 0.0375
3 0.809375 0.05625 0.0625 0.1015625
2 0.9015625 0.2640625 0.096875 0.084375
0 0.6875 0.2734375 0.0453125 0.05
5 0.34296875 0.6984375 0.0421875 0.14453125
5 0.47734375 0.7015625 0.0484375 0.11640625
7 0.490625 0.834375 0.0203125 0.0984375
7 0.325 0.8359375 0.025 0.07890625
1 0.3609375 0.84375 0.01953125 0.0625
1 0.4453125 0.87890625 0.0171875 0.04921875
4 0.4140625 0.5109375 0.0125 0.07578125
6 0.290625 0.65234375 0.0203125 0.1046875
6 0.53046875 0.6125 0.0234375 0.08828125