5 0.01328125 0.29765625 0.0265625 0.0640625
3 0.61171875 0.0140625 0.0546875 0.028125
3 0.70234375 0.0109375 0.0765625 0.021875
3 0.81640625 0.0109375 0.1046875 0.021875
4 0.74375 0.0703125 0.0375 0.0578125
2 0.5640625 0.165625 0.0671875 0.0578125
2 0.925 0.1625 0.053125 0.090625
5 0.6390625 0.275 0.0515625 0.0796875
5 0.8734375 0.3171875 0.0328125 0.0859375
3 0.13125 0.6515625 0.0703125 0.028125
4 0.271875 0.6984375 0.03125 0.046875
2 0.05 0.765625 0.046875 0.028125
3 0.5234375 0.6390625 0.053125 0.0453125
3 0.5890625 0.6328125 0.053125 0.0515625
3 0.6484375 0.6328125 0.046875 0.0546875
3 0.696875 0.6390625 0.0375 0.0609375
2 0.49375 0.721875 0.0390625 0.034375
2 0.715625 0.7453125 0.0328125 0.040625