4 0.3296875 0.1140625 0.0234375 0.0390625
4 0.3828125 0.11875 0.0234375 0.0390625
4 0.3546875 0.0953125 0.0234375 0.028125
5 0.28125 0.26875 0.0375 0.0546875
3 0.2984375 0.0828125 0.046875 0.0234375
6 0.8390625 0.0203125 0.053125 0.040625
5 0.76875 0.015625 0.0375 0.03125
1 0.5125 0.1359375 0.0703125 0.096875
1 0.70625 0.1578125 0.0515625 0.084375
2 0.125 0.590625 0.046875 0.0484375
3 0.2578125 0.51875 0.0921875 0.0515625
4 0.578125 0.571875 0.03125 0.053125
5 0.5078125 0.8109375 0.065625 0.0875
5 0.7390625 0.8328125 0.0484375 0.0734375
7 0.7421875 0.928125 0.0390625 0.075
7 0.490625 0.8921875 0.0484375 0.0796875