1 0.525 0.400355871886121 0.028125 0.03202846975088968
4 0.7734375 0.15302491103202848 0.021875 0.0498220640569395
4 0.803125 0.1512455516014235 0.025 0.05338078291814947
3 0.7078125 0.06761565836298933 0.0546875 0.06583629893238434
3 0.76875 0.0498220640569395 0.046875 0.07651245551601424
3 0.828125 0.051601423487544484 0.0546875 0.07295373665480427
3 0.1109375 0.6067615658362989 0.05625 0.04804270462633452
3 0.1703125 0.608540925266904 0.053125 0.05693950177935943
2 0.0234375 0.7758007117437722 0.040625 0.0693950177935943
5 0.0921875 0.8540925266903915 0.034375 0.0693950177935943
3 0.125 0.6672597864768683 0.0484375 0.033807829181494664
2 0.259375 0.7295373665480427 0.0265625 0.04804270462633452
3 0.7546875 0.5765124555160143 0.0421875 0.042704626334519574
3 0.8078125 0.5836298932384342 0.05 0.04448398576512456
3 0.85625 0.5907473309608541 0.0375 0.0498220640569395
3 0.8984375 0.5871886120996441 0.0359375 0.0498220640569395
2 0.728125 0.6548042704626335 0.0375 0.037366548042704624
2 0.9140625 0.6708185053380783 0.0328125 0.037366548042704624
5 0.8703125 0.7402135231316725 0.028125 0.046263345195729534
5 0.7671875 0.7313167259786477 0.03125 0.04448398576512456