3 0.15078125 0.5234375 0.01796875 0.0578125
3 0.16875 0.52890625 0.01328125 0.07421875
3 0.18515625 0.53203125 0.01640625 0.05625
2 0.1390625 0.62734375 0.00859375 0.0390625
2 0.19375 0.64296875 0.00859375 0.0578125
5 0.1828125 0.759375 0.00625 0.06015625
5 0.1515625 0.734375 0.0140625 0.071875
1 0.1671875 0.83828125 0.0125 0.03359375
2 0.4390625 0.615625 0.03125 0.0296875
2 0.64375 0.6046875 0.0265625 0.0421875
6 0.640625 0.728125 0.028125 0.0609375
6 0.4765625 0.7375 0.0421875 0.05625
8 0.5609375 0.7109375 0.075 0.01875
6 0.4515625 0.66875 0.021875 0.05
6 0.6421875 0.65625 0.0296875 0.0421875
4 0.5328125 0.565625 0.0203125 0.034375
3 0.4796875 0.528125 0.034375 0.0328125