2 0.1078125 0.2234375 0.040625 0.05625
3 0.7796875 0.0609375 0.0828125 0.0953125
3 0.9046875 0.13125 0.0984375 0.0796875
3 0.89375 0.0421875 0.0765625 0.0640625
4 0.74140625 0.22890625 0.0453125 0.0546875
6 0.3109375 0.9578125 0.0265625 0.05
6 0.12734375 0.98203125 0.0359375 0.0359375
3 0.92890625 0.7 0.0703125 0.021875
3 0.9171875 0.725 0.0640625 0.0265625
3 0.8015625 0.7296875 0.05 0.021875
4 0.853125 0.7515625 0.0375 0.028125
2 0.9625 0.7875 0.03125 0.046875
2 0.7703125 0.7921875 0.021875 0.0390625
5 0.9171875 0.859375 0.0421875 0.053125
5 0.8046875 0.8703125 0.0296875 0.0453125
7 0.9390625 0.9140625 0.021875 0.0421875
7 0.809375 0.9234375 0.0203125 0.046875
1 0.909375 0.934375 0.0359375 0.025
1 0.8671875 0.9359375 0.0375 0.0203125
1 0.8296875 0.9375 0.03125 0.025
6 0.9640625 0.8703125 0.021875 0.0765625
6 0.7859375 0.903125 0.0296875 0.0609375