2 0.3453125 0.1484375 0.040625 0.05625
4 0.1140625 0.15 0.0328125 0.0546875
3 0.09375 0.0234375 0.0546875 0.034375
3 0.0875 0.0609375 0.0546875 0.0265625
3 0.7984375 0.046875 0.040625 0.0515625
3 0.8078125 0.1046875 0.059375 0.040625
3 0.853125 0.05 0.0421875 0.0453125
3 0.8921875 0.1 0.053125 0.0359375
3 0.9140625 0.046875 0.0609375 0.046875
3 0.97578125 0.0484375 0.0484375 0.05625
3 0.971875 0.09609375 0.05625 0.0515625
4 0.8953125 0.1359375 0.0515625 0.05
5 0.97734375 0.275 0.0453125 0.059375
5 0.821875 0.278125 0.046875 0.059375
2 0.759375 0.1765625 0.0390625 0.04375
6 0.7609375 0.2390625 0.0375 0.0453125
2 0.26875 0.625 0.071875 0.059375
3 0.3265625 0.5078125 0.0953125 0.0390625
3 0.3765625 0.4609375 0.025 0.0375
2 0.5703125 0.7046875 0.0359375 0.0515625
2 0.865625 0.6875 0.0359375 0.0390625
4 0.715625 0.646875 0.040625 0.028125
5 0.6375 0.7921875 0.0375 0.0859375
3 0.6875 0.546875 0.0765625 0.0265625