5 0.359375 0.03125 0.0328125 0.059375
7 0.3484375 0.096875 0.0203125 0.0421875
3 0.87421875 0.0046875 0.0453125 0.009375
4 0.9125 0.0375 0.028125 0.05625
5 0.98046875 0.19609375 0.0390625 0.0671875
5 0.85 0.2 0.028125 0.059375
1 0.92578125 0.30234375 0.0390625 0.0328125
7 0.99453125 0.284375 0.0109375 0.05
5 0.1546875 0.4640625 0.034375 0.0703125
5 0.25625 0.4515625 0.0515625 0.0515625
6 0.2875 0.5203125 0.0359375 0.046875
6 0.153125 0.54375 0.0359375 0.046875
4 0.6234375 0.39375 0.03125 0.1125
2 0.4359375 0.525 0.034375 0.08125
6 0.8421875 0.678125 0.0375 0.121875
6 0.43125 0.6703125 0.025 0.11875