3 0.103125 0.021875 0.0390625 0.040625
3 0.17578125 0.015625 0.0671875 0.03125
4 0.16875 0.0640625 0.0265625 0.040625
3 0.2296875 0.0328125 0.03125 0.0578125
5 0.1140625 0.18125 0.0328125 0.059375
5 0.21875 0.1921875 0.03125 0.0640625
7 0.103125 0.246875 0.0203125 0.0421875
2 0.0671875 0.0984375 0.0265625 0.0296875
2 0.2421875 0.1140625 0.021875 0.03125
3 0.6328125 0.065625 0.078125 0.0640625
3 0.7234375 0.075 0.08125 0.0671875
5 0.6234375 0.2765625 0.0390625 0.0625
5 0.7203125 0.275 0.028125 0.040625
2 0.3640625 0.5921875 0.0484375 0.0390625
6 0.384375 0.721875 0.053125 0.0578125
1 0.2953125 0.7625 0.0484375 0.0234375
3 0.640625 0.6171875 0.0609375 0.0265625
3 0.7203125 0.625 0.0453125 0.0203125
3 0.7140625 0.6046875 0.034375 0.025