5 0.315625 0.0890625 0.0328125 0.059375
5 0.4203125 0.1 0.03125 0.0640625
7 0.3046875 0.1546875 0.0203125 0.0421875
2 0.26796875 0.01015625 0.0265625 0.0203125
2 0.4359375 0.021875 0.00625 0.03125
6 0.9546875 0.0546875 0.028125 0.0609375
6 0.93046875 0.03203125 0.0265625 0.0640625
2 0.2953125 0.70625 0.0171875 0.0625
6 0.30078125 0.784375 0.0125 0.0609375
5 0.27265625 0.81328125 0.01171875 0.0625
5 0.19453125 0.7640625 0.015625 0.07265625
2 0.18671875 0.665625 0.0109375 0.02890625
3 0.2734375 0.57578125 0.034375 0.040625
4 0.740625 0.4765625 0.040625 0.0375
5 0.7875 0.571875 0.040625 0.0640625
5 0.690625 0.5828125 0.03125 0.053125
7 0.6765625 0.6421875 0.025 0.040625
7 0.80625 0.646875 0.0265625 0.053125
3 0.740625 0.43125 0.075 0.034375
6 0.8328125 0.5515625 0.034375 0.04375