2 0.4078125 0.07741935483870968 0.071875 0.08817204301075268
6 0.440625 0.210752688172043 0.08125 0.10967741935483871
3 0.59453125 0.015053763440860216 0.0296875 0.030107526881720432
4 0.4140625 0.6451612903225806 0.03125 0.05161290322580645
4 0.4515625 0.6408602150537634 0.03125 0.043010752688172046
4 0.378125 0.6387096774193548 0.021875 0.03870967741935484
2 0.56484375 0.7086021505376344 0.0296875 0.08387096774193549
2 0.303125 0.7354838709677419 0.0375 0.06666666666666667
5 0.503125 0.8731182795698925 0.03125 0.08602150537634409
5 0.3640625 0.8838709677419355 0.028125 0.07741935483870968
6 0.5609375 0.946236559139785 0.0328125 0.060215053763440864
5 0.6921875 0.6903225806451613 0.040625 0.14193548387096774
7 0.6890625 0.8301075268817204 0.0234375 0.08172043010752689
1 0.61171875 0.8666666666666667 0.0640625 0.047311827956989246