3 0.6203125 0.0453125 0.0515625 0.0265625
3 0.6875 0.034375 0.046875 0.0359375
3 0.75234375 0.0171875 0.0609375 0.034375
2 0.8109375 0.1015625 0.0328125 0.0359375
2 0.6 0.1328125 0.028125 0.034375
6 0.6125 0.2046875 0.028125 0.0453125
5 0.765625 0.190625 0.0265625 0.0375
5 0.1203125 0.7296875 0.040625 0.05
5 0.0140625 0.74609375 0.028125 0.0484375
7 0.1421875 0.7890625 0.0234375 0.046875
7 0.025 0.803125 0.025 0.0453125
2 0.1609375 0.6765625 0.0265625 0.05
3 0.09375 0.5859375 0.053125 0.0265625
3 0.0265625 0.5890625 0.0453125 0.021875
3 0.05625 0.6109375 0.053125 0.0265625
5 0.7921875 0.659375 0.046875 0.0515625
5 0.9921875 0.63984375 0.015625 0.0453125
7 0.7890625 0.7421875 0.0421875 0.0609375
2 0.7453125 0.546875 0.04375 0.046875