3 0.12734375 0.090625 0.0109375 0.02578125
3 0.14140625 0.07421875 0.015625 0.02578125
4 0.1296875 0.1234375 0.00546875 0.0359375
2 0.153125 0.15078125 0.00859375 0.0234375
5 0.1390625 0.225 0.01015625 0.0546875
3 0.1546875 0.07265625 0.00703125 0.02734375
2 0.825 0.1609375 0.05625 0.0734375
2 0.440625 0.1875 0.0546875 0.084375
4 0.6203125 0.059375 0.0375 0.0859375
5 0.7453125 0.278125 0.09375 0.1234375
5 0.5046875 0.3109375 0.059375 0.1171875
7 0.509375 0.4171875 0.0578125 0.084375
7 0.7921875 0.4140625 0.0546875 0.1
1 0.79375 0.521875 0.0421875 0.0875
1 0.6359375 0.4875 0.1296875 0.0421875
1 0.5203125 0.51875 0.065625 0.09375
3 0.6171875 0.771875 0.0671875 0.0390625
3 0.728125 0.775 0.0859375 0.0390625
6 0.6171875 0.98046875 0.034375 0.0390625
5 0.7375 0.9359375 0.03125 0.0390625