5 0.29140625 0.33828125 0.0546875 0.0578125
2 0.2484375 0.2390625 0.0390625 0.0390625
4 0.63671875 0.1578125 0.02734375 0.07265625
2 0.53359375 0.24921875 0.02578125 0.05234375
2 0.7625 0.25390625 0.0234375 0.05390625
5 0.59453125 0.346875 0.03125 0.07578125
5 0.6984375 0.346875 0.0328125 0.06796875
7 0.71328125 0.45703125 0.0203125 0.09453125
7 0.58203125 0.46640625 0.02265625 0.07578125
6 0.746875 0.4234375 0.02421875 0.07890625
6 0.5515625 0.415625 0.03515625 0.08984375
4 0.2671875 0.6375 0.03125 0.1125
2 0.0625 0.76875 0.0703125 0.08125
6 0.0671875 0.9140625 0.040625 0.11875
3 0.9921875 0.58515625 0.015625 0.0328125
5 0.9390625 0.8640625 0.0375 0.0703125