2 0.7265625 0.2421875 0.0390625 0.0578125
6 0.7390625 0.3140625 0.028125 0.05625
5 0.675 0.340625 0.0265625 0.0578125
5 0.496875 0.2953125 0.0359375 0.0671875
2 0.4796875 0.2046875 0.025 0.0265625
3 0.678125 0.121875 0.078125 0.0375
3 0.203125 0.659375 0.0828125 0.0453125
3 0.2359375 0.7015625 0.0984375 0.0359375
3 0.26875 0.7609375 0.1265625 0.0640625
4 0.3296875 0.8546875 0.01875 0.046875
2 0.1421875 0.9 0.0484375 0.04375
2 0.6515625 0.6890625 0.0390625 0.0421875
2 0.9140625 0.721875 0.0265625 0.04375
5 0.8671875 0.8375 0.021875 0.065625
5 0.671875 0.8203125 0.028125 0.0640625
6 0.6421875 0.8125 0.0203125 0.05625
6 0.9046875 0.8203125 0.0171875 0.065625