3 0.325 0.2265625 0.0609375 0.05
3 0.453125 0.21875 0.071875 0.040625
5 0.484375 0.4375 0.053125 0.0734375
5 0.334375 0.44375 0.0359375 0.0671875
1 0.384375 0.56875 0.04375 0.0359375
4 0.89765625 0.18203125 0.01171875 0.04921875
5 0.875 0.36328125 0.0125 0.07734375
6 0.8671875 0.43515625 0.01484375 0.04453125
3 0.87890625 0.14921875 0.015625 0.0265625
3 0.25625 0.8 0.096875 0.084375
3 0.38125 0.796875 0.134375 0.065625
5 0.7046875 0.89375 0.053125 0.08125
5 0.8578125 0.9078125 0.0421875 0.0609375