3 0.03046875 0.1328125 0.0609375 0.040625
5 0.05625 0.3515625 0.053125 0.0734375
3 0.8515625 0.259375 0.059375 0.0296875
3 0.165625 0.6234375 0.1 0.028125
2 0.0875 0.6984375 0.03125 0.03125
2 0.2453125 0.690625 0.021875 0.025
5 0.2171875 0.746875 0.0328125 0.0484375
5 0.128125 0.7546875 0.034375 0.040625
6 0.1140625 0.834375 0.046875 0.05
7 0.228125 0.7984375 0.021875 0.0328125
4 0.1671875 0.6890625 0.0375 0.028125
3 0.715625 0.5703125 0.10625 0.0640625
3 0.865625 0.590625 0.0875 0.0546875
4 0.7890625 0.65625 0.0703125 0.065625
2 0.9234375 0.7375 0.046875 0.0765625
2 0.6140625 0.6984375 0.084375 0.065625
5 0.8625 0.85 0.0453125 0.084375
5 0.69375 0.8046875 0.0625 0.05625
7 0.8625 0.9265625 0.0375 0.0703125
7 0.6640625 0.8984375 0.0328125 0.084375
1 0.7578125 0.9625 0.1109375 0.0578125
6 0.6015625 0.8390625 0.046875 0.140625
6 0.9234375 0.878125 0.0296875 0.06875
6 0.93125 0.8046875 0.046875 0.0765625
0 0.753125 0.7421875 0.0421875 0.053125