3 0.1375 0.1984375 0.059375 0.0296875
4 0.63203125 0.1609375 0.028125 0.07421875
2 0.52734375 0.25390625 0.02578125 0.053125
2 0.759375 0.25859375 0.0234375 0.0546875
5 0.5890625 0.353125 0.03125 0.07734375
5 0.69453125 0.353125 0.03359375 0.06875
7 0.709375 0.465625 0.0203125 0.09609375
7 0.57578125 0.475 0.02265625 0.07734375
6 0.74296875 0.43203125 0.025 0.08046875
6 0.5453125 0.42421875 0.0359375 0.09140625
2 0.5109375 0.7640625 0.046875 0.0625
2 0.7734375 0.7453125 0.0359375 0.0640625
5 0.7375 0.884375 0.0328125 0.0859375
5 0.56875 0.8671875 0.0421875 0.08125
4 0.634375 0.675 0.0578125 0.0359375
3 0.6578125 0.60625 0.0609375 0.0375