3 0.50625 0.096875 0.08125 0.05
3 0.5171875 0.1390625 0.084375 0.046875
2 0.453125 0.3078125 0.053125 0.0671875
7 0.91875 0.5171875 0.0296875 0.0515625
2 0.878125 0.30625 0.05 0.03125
6 0.878125 0.5296875 0.034375 0.040625
4 0.40078125 0.55859375 0.0296875 0.0171875
2 0.590625 0.60703125 0.0375 0.0390625
6 0.584375 0.7484375 0.025 0.0765625
5 0.3234375 0.75 0.0421875 0.053125
5 0.5140625 0.7578125 0.0515625 0.075
2 0.221875 0.60625 0.0375 0.0515625
3 0.7484375 0.6203125 0.0484375 0.0703125
3 0.7984375 0.609375 0.0390625 0.0734375
3 0.8671875 0.590625 0.0625 0.0609375
3 0.928125 0.596875 0.040625 0.0390625
2 0.9703125 0.6734375 0.0359375 0.0484375
2 0.753125 0.73125 0.0296875 0.0453125
4 0.846875 0.6859375 0.0359375 0.0375
6 0.99296875 0.73984375 0.0140625 0.0703125
6 0.9921875 0.8203125 0.015625 0.075
6 0.784375 0.83125 0.0421875 0.0515625
5 0.946875 0.7515625 0.0515625 0.0328125