3 0.0203125 0.34296875 0.040625 0.0265625
3 0.6046875 0.01875 0.0953125 0.03125
3 0.5890625 0.0546875 0.078125 0.04375
3 0.6875 0.0453125 0.0484375 0.053125
3 0.8078125 0.0640625 0.0875 0.053125
3 0.85625 0.0984375 0.071875 0.04375
3 0.81640625 0.01640625 0.1078125 0.0328125
4 0.5921875 0.121875 0.034375 0.05625
3 0.3828125 0.525 0.0671875 0.0359375
4 0.365625 0.5703125 0.03125 0.040625
7 0.2421875 0.8328125 0.0296875 0.0375
3 0.69375 0.6203125 0.08125 0.034375
3 0.6140625 0.59375 0.075 0.034375
3 0.8578125 0.665625 0.0859375 0.040625
5 0.80390625 0.96796875 0.0453125 0.0640625
5 0.596875 0.95703125 0.053125 0.0859375