3 0.540625 0.234375 0.0859375 0.0515625
2 0.5453125 0.4328125 0.0578125 0.0625
4 0.7640625 0.0640625 0.046875 0.065625
2 0.9734375 0.25 0.053125 0.096875
5 0.85625 0.3421875 0.0578125 0.0875
6 0.8953125 0.509375 0.05625 0.084375
3 0.95625 0.0671875 0.078125 0.046875
3 0.475 0.6828125 0.0671875 0.0390625
3 0.5859375 0.6859375 0.0859375 0.0390625
6 0.475 0.9015625 0.034375 0.0578125
5 0.5953125 0.846875 0.03125 0.0390625
3 0.9578125 0.79921875 0.084375 0.0453125
4 0.9609375 0.8765625 0.0296875 0.0375
2 0.81875 0.921875 0.040625 0.0390625
3 0.96015625 0.74921875 0.0796875 0.0390625