5 0.3046875 0.09375 0.0515625 0.0578125
5 0.0953125 0.09375 0.034375 0.0515625
3 0.5765625 0.1515625 0.034375 0.040625
3 0.63125 0.13125 0.0421875 0.040625
3 0.690625 0.134375 0.0609375 0.0609375
3 0.7546875 0.153125 0.05 0.0625
4 0.6625 0.20625 0.046875 0.0578125
5 0.7421875 0.3328125 0.0375 0.065625
5 0.5859375 0.340625 0.040625 0.0765625
2 0.7953125 0.25 0.0375 0.0546875
2 0.540625 0.25 0.0375 0.0375
6 0.56640625 0.409375 0.0328125 0.040625
3 0.1640625 0.5671875 0.1296875 0.0671875
3 0.2875 0.55 0.096875 0.065625
4 0.2640625 0.6203125 0.0359375 0.05625
5 0.36875 0.80859375 0.040625 0.0828125
5 0.184375 0.834375 0.0484375 0.0828125
6 0.13046875 0.94765625 0.0421875 0.1046875
3 0.496875 0.63125 0.0453125 0.053125
3 0.58125 0.60625 0.08125 0.025
3 0.678125 0.6125 0.0734375 0.05
3 0.7015625 0.578125 0.0640625 0.0453125
2 0.48125 0.753125 0.0359375 0.0328125
2 0.7328125 0.7265625 0.046875 0.04375
5 0.6921875 0.8359375 0.0609375 0.0640625
5 0.5375 0.8546875 0.03125 0.075
7 0.7203125 0.9265625 0.0328125 0.0453125
6 0.753125 0.8578125 0.03125 0.06875
1 0.628125 0.96875 0.0734375 0.0234375