5 0.2875 0.3359375 0.0515625 0.0578125
5 0.078125 0.3359375 0.034375 0.0515625
3 0.7890625 0.0375 0.053125 0.040625
3 0.85 0.03125 0.0484375 0.0546875
3 0.9125 0.0375 0.05625 0.046875
3 0.97578125 0.03203125 0.0484375 0.0453125
5 0.9671875 0.28125 0.046875 0.065625
5 0.8203125 0.2796875 0.0328125 0.0546875
3 0.2171875 0.7140625 0.1546875 0.053125
3 0.471875 0.71875 0.09375 0.075
4 0.3265625 0.865625 0.065625 0.034375
2 0.0484375 0.9078125 0.05625 0.0484375
2 0.50703125 0.9484375 0.0234375 0.05
8 0.7734375 0.809375 0.0203125 0.0484375
8 0.8234375 0.8125 0.03125 0.0515625