3 0.21875 0.0390625 0.084375 0.0546875
3 0.1171875 0.03203125 0.046875 0.0640625
4 0.2265625 0.10625 0.0421875 0.0515625
2 0.0453125 0.1828125 0.0640625 0.05625
6 0.01171875 0.26796875 0.0234375 0.0796875
5 0.096875 0.3015625 0.0375 0.034375
3 0.665625 0.1171875 0.05625 0.046875
3 0.7640625 0.1125 0.09375 0.040625
5 0.7765625 0.271875 0.040625 0.05
5 0.6703125 0.271875 0.03125 0.05
2 0.45625 0.359375 0.059375 0.08125
5 0.06875 0.540625 0.075 0.1140625
5 0.3234375 0.5328125 0.0828125 0.1375
1 0.3421875 0.7515625 0.06875 0.0765625
1 0.071875 0.76875 0.0703125 0.0640625
7 0.0125 0.67578125 0.025 0.0921875
7 0.3859375 0.6609375 0.05625 0.0703125
6 0.465625 0.5828125 0.0421875 0.10625
4 0.63125 0.6890625 0.0484375 0.065625
5 0.709375 0.8421875 0.05 0.0796875
5 0.56875 0.8890625 0.0546875 0.0953125
6 0.7890625 0.9375 0.05 0.0515625
7 0.77265625 0.984375 0.0328125 0.03125
7 0.565625 0.9859375 0.03125 0.028125
3 0.625 0.6109375 0.0765625 0.03125