2 0.171875 0.290625 0.0453125 0.040625
3 0.334375 0.1875 0.065625 0.0265625
5 0.240625 0.390625 0.046875 0.0421875
5 0.375 0.4265625 0.025 0.0453125
3 0.825 0.1296875 0.0703125 0.05625
3 0.8953125 0.1265625 0.053125 0.0578125
3 0.9578125 0.1328125 0.059375 0.0515625
3 0.8796875 0.08125 0.05 0.0453125
3 0.96953125 0.1890625 0.0609375 0.05
2 0.6640625 0.1984375 0.0390625 0.0453125
4 0.01015625 0.74140625 0.0203125 0.0640625
2 0.2234375 0.7859375 0.0671875 0.0515625
3 0.0890625 0.6734375 0.1109375 0.0359375
3 0.47421875 0.75625 0.0296875 0.040625
3 0.525 0.7359375 0.040625 0.053125