2 0.21484375 0.009375 0.0453125 0.01875
5 0.284375 0.0984375 0.046875 0.0421875
5 0.41875 0.134375 0.025 0.0453125
3 0.615625 0.0953125 0.0609375 0.0328125
5 0.59375 0.334375 0.0421875 0.065625
2 0.81875 0.23125 0.034375 0.0375
4 0.6984375 0.1859375 0.021875 0.0421875
3 0.33125 0.671875 0.075 0.03125
3 0.415625 0.6625 0.071875 0.0453125
5 0.2796875 0.8390625 0.04375 0.06875
5 0.3984375 0.846875 0.05 0.0578125
7 0.4171875 0.9140625 0.034375 0.0515625
7 0.2625 0.9078125 0.0390625 0.0453125
2 0.45 0.76875 0.0421875 0.0390625
2 0.2203125 0.765625 0.034375 0.0375
3 0.6359375 0.6921875 0.0640625 0.0171875
3 0.7078125 0.6875 0.053125 0.021875