5 0.56328125 0.01171875 0.0359375 0.0234375
3 0.66640625 0.10078125 0.0328125 0.0296875
3 0.6984375 0.0609375 0.05625 0.0484375
3 0.7609375 0.0640625 0.046875 0.065625
3 0.821875 0.0828125 0.04375 0.0546875
3 0.815625 0.134375 0.05625 0.0453125
4 0.753125 0.1609375 0.021875 0.0484375
4 0.728125 0.146875 0.021875 0.04375
2 0.865625 0.2265625 0.025 0.0484375
5 0.8046875 0.2984375 0.0296875 0.08125
5 0.66015625 0.2890625 0.0203125 0.08125
7 0.809375 0.403125 0.021875 0.0546875
6 0.3265625 0.703125 0.0359375 0.0625
5 0.5375 0.6453125 0.0640625 0.0546875
5 0.365625 0.6515625 0.040625 0.0640625
3 0.3765625 0.4671875 0.0671875 0.025
3 0.50078125 0.4671875 0.0859375 0.034375
3 0.6921875 0.4984375 0.0765625 0.0328125
3 0.6984375 0.53125 0.0703125 0.0296875
2 0.7359375 0.6375 0.0390625 0.040625
5 0.66875 0.75703125 0.0375 0.1015625