3 0.20625 0.01875 0.0890625 0.025
4 0.2578125 0.103125 0.0265625 0.059375
5 0.31875 0.2953125 0.0328125 0.046875
5 0.1796875 0.3109375 0.0359375 0.0453125
5 0.590625 0.1859375 0.0375 0.059375
6 0.790625 0.234375 0.05625 0.046875
3 0.1640625 0.56328125 0.01875 0.08125
3 0.21796875 0.5484375 0.03046875 0.0671875
4 0.19140625 0.61875 0.01796875 0.03828125
2 0.23828125 0.653125 0.0171875 0.03984375
2 0.1546875 0.6859375 0.0140625 0.05390625
5 0.21796875 0.78515625 0.01484375 0.0578125
5 0.17734375 0.79609375 0.01328125 0.0484375
6 0.234375 0.86484375 0.01015625 0.06484375
6 0.16328125 0.83359375 0.009375 0.06875
6 0.1625 0.7421875 0.0140625 0.03828125
6 0.23203125 0.71796875 0.0140625 0.046875
3 0.728125 0.484375 0.059375 0.0359375
3 0.7875 0.4890625 0.04375 0.0453125
3 0.8453125 0.4890625 0.05625 0.0453125
5 0.8234375 0.63125 0.0390625 0.0375
5 0.7125 0.6296875 0.0546875 0.03125