4 0.609375 0.23541666666666666 0.0171875 0.052083333333333336
5 0.6703125 0.41458333333333336 0.034375 0.1
5 0.553125 0.4083333333333333 0.0375 0.10625
7 0.67890625 0.48854166666666665 0.0296875 0.03958333333333333
7 0.54375 0.490625 0.021875 0.035416666666666666
2 0.7140625 0.3229166666666667 0.03125 0.03958333333333333
2 0.5125 0.3104166666666667 0.025 0.041666666666666664
3 0.278125 0.56875 0.034375 0.06875
2 0.2796875 0.63125 0.05625 0.052083333333333336
5 0.2328125 0.7666666666666667 0.0640625 0.075
4 0.1234375 0.575 0.0203125 0.05625
3 0.08828125 0.5302083333333333 0.0390625 0.04375
5 0.62734375 0.5354166666666667 0.0609375 0.05416666666666667
5 0.7984375 0.55625 0.040625 0.09583333333333334
7 0.7953125 0.6708333333333333 0.0234375 0.07916666666666666
7 0.596875 0.63125 0.0296875 0.075
1 0.6390625 0.6979166666666666 0.0328125 0.06666666666666667
1 0.709375 0.70625 0.0828125 0.04583333333333333