5 0.2234375 0.0109375 0.04375 0.021875
5 0.09375 0.1859375 0.1171875 0.040625
5 0.7890625 0.0484375 0.071875 0.0796875
5 0.5671875 0.0390625 0.109375 0.0734375
6 0.45078125 0.0328125 0.0609375 0.065625
6 0.8859375 0.02734375 0.04375 0.0546875
3 0.21484375 0.58828125 0.01171875 0.05390625
2 0.23828125 0.68359375 0.0171875 0.05078125
2 0.1390625 0.7015625 0.015625 0.04140625
5 0.16875 0.79296875 0.015625 0.08359375
6 0.2390625 0.82265625 0.01015625 0.08203125
2 0.7015625 0.4265625 0.0359375 0.0640625
2 0.95078125 0.40703125 0.0296875 0.0546875
5 0.753125 0.5078125 0.05 0.046875
5 0.9109375 0.4796875 0.0484375 0.0453125
1 0.8453125 0.6046875 0.04375 0.0328125
7 0.74375 0.571875 0.05 0.0546875
7 0.9265625 0.5484375 0.0265625 0.0609375