5 0.275 0.0328125 0.04375 0.065625
5 0.02109375 0.06875 0.0421875 0.08125
5 0.1453125 0.2296875 0.1171875 0.040625
4 0.784375 0.16875 0.0296875 0.071875
4 0.7546875 0.1796875 0.025 0.04375
3 0.846875 0.096875 0.071875 0.0390625
3 0.8625 0.1328125 0.0546875 0.0546875
3 0.6765625 0.1296875 0.0765625 0.04375
3 0.7359375 0.115625 0.0421875 0.0625
2 0.615625 0.2453125 0.046875 0.05
5 0.6859375 0.340625 0.046875 0.0640625
3 0.36875 0.865625 0.0625 0.0640625
3 0.290625 0.8859375 0.0796875 0.0546875
4 0.38515625 0.959375 0.0515625 0.08125
2 0.4859375 0.98984375 0.034375 0.0203125
2 0.871875 0.721875 0.0421875 0.046875
5 0.9390625 0.8078125 0.04375 0.06875
4 0.9875 0.68671875 0.025 0.0328125