5 0.3640625 0.0609375 0.0296875 0.03125
5 0.2921875 0.0671875 0.0234375 0.028125
5 0.871875 0.0421875 0.046875 0.075
3 0.3765625 0.5421875 0.04375 0.08515625
3 0.50078125 0.5265625 0.0703125 0.0703125
4 0.440625 0.60078125 0.04140625 0.03984375
2 0.5484375 0.63671875 0.0390625 0.04140625
2 0.35546875 0.67109375 0.03203125 0.05703125
5 0.50078125 0.775 0.034375 0.0609375
5 0.4078125 0.7859375 0.03046875 0.05078125
6 0.53984375 0.8578125 0.0234375 0.06796875
6 0.375 0.82578125 0.02109375 0.071875
6 0.37265625 0.7296875 0.0328125 0.03984375
6 0.53359375 0.7046875 0.03203125 0.04921875
3 0.79765625 0.51953125 0.0359375 0.0390625
5 0.7984375 0.7265625 0.0375 0.05625
7 0.81875 0.80625 0.0390625 0.05625