3 0.165625 0.1078125 0.040625 0.0125
3 0.0953125 0.109375 0.0421875 0.0125
4 0.1328125 0.1328125 0.025 0.0234375
5 0.16875 0.2140625 0.0296875 0.03125
5 0.096875 0.2203125 0.0234375 0.028125
3 0.5609375 0.1375 0.1328125 0.06875
3 0.5609375 0.04375 0.1265625 0.0828125
3 0.6890625 0.046875 0.090625 0.09375
3 0.79375 0.05 0.090625 0.1
3 0.8859375 0.071875 0.075 0.11875
4 0.7453125 0.153125 0.0484375 0.0890625
4 0.70625 0.16875 0.034375 0.0875
4 0.66875 0.190625 0.0390625 0.075
4 0.7171875 0.25 0.078125 0.0421875
2 0.53125 0.35 0.06875 0.05625
2 0.921875 0.228125 0.05 0.0453125
5 0.871875 0.4015625 0.0953125 0.096875
5 0.6125 0.41953125 0.05 0.0796875
4 0.1859375 0.5921875 0.03125 0.0515625
4 0.1375 0.5890625 0.05 0.046875
2 0.315625 0.65 0.053125 0.05
2 0.01015625 0.64921875 0.0203125 0.0578125
5 0.240625 0.7484375 0.053125 0.06875
5 0.0671875 0.7484375 0.059375 0.05
6 0.00859375 0.8125 0.0171875 0.065625
6 0.296875 0.8203125 0.0390625 0.08125
6 0.3296875 0.721875 0.046875 0.0609375
6 0.01015625 0.7171875 0.0203125 0.053125
3 0.2828125 0.5734375 0.0578125 0.0359375
3 0.484375 0.61484375 0.03125 0.0359375
3 0.56875 0.575 0.1203125 0.0359375
5 0.50625 0.8421875 0.021875 0.0953125
7 0.678125 0.8921875 0.0359375 0.053125
7 0.5234375 0.9296875 0.0203125 0.0546875
1 0.596875 0.9078125 0.065625 0.0234375