3 0.221875 0.2 0.01953125 0.01328125
3 0.1875 0.20234375 0.0203125 0.01328125
4 0.20546875 0.22734375 0.0125 0.02578125
5 0.2234375 0.315625 0.01484375 0.03359375
5 0.18828125 0.32265625 0.01171875 0.03046875
3 0.93125 0.175 0.1 0.078125
2 0.8046875 0.2875 0.05 0.075
6 0.8015625 0.4875 0.0375 0.11875
3 0.465625 0.640625 0.046875 0.0625
2 0.384375 0.7546875 0.0421875 0.059375
5 0.4453125 0.8796875 0.0453125 0.053125
2 0.753125 0.659375 0.0375 0.0484375
5 0.953125 0.759375 0.03125 0.0625
5 0.8140625 0.7671875 0.028125 0.05625
1 0.9359375 0.875 0.046875 0.0421875
1 0.8453125 0.875 0.028125 0.034375