2 0.0703125 0.321875 0.040625 0.0421875
0 0.1984375 0.365625 0.025 0.0375
5 0.1375 0.4328125 0.0640625 0.0515625
5 0.29375 0.4578125 0.05 0.0609375
6 0.075 0.51640625 0.053125 0.0859375
3 0.590625 0.196875 0.059375 0.05
3 0.6625 0.1796875 0.0546875 0.0578125
3 0.73125 0.1828125 0.05625 0.0828125
3 0.7984375 0.1765625 0.0703125 0.0671875
2 0.86875 0.2734375 0.0375 0.0515625
2 0.575 0.3234375 0.0421875 0.053125
5 0.815625 0.4 0.053125 0.0671875
5 0.659375 0.41875 0.0375 0.0625
3 0.0265625 0.5828125 0.053125 0.03125
3 0.009375 0.60859375 0.01875 0.0328125
2 0.6796875 0.615625 0.0640625 0.0796875