6 0.240625 0.01875 0.053125 0.0375
3 0.853125 0.0890625 0.15625 0.1171875
4 0.934375 0.184375 0.0265625 0.0546875
2 0.7421875 0.2421875 0.0640625 0.06875
5 0.7875 0.3484375 0.0921875 0.0421875
6 0.7171875 0.3671875 0.05 0.084375
4 0.2140625 0.6625 0.0265625 0.0546875
2 0.0953125 0.7625 0.046875 0.046875
0 0.815625 0.521875 0.053125 0.0796875
5 0.64296875 0.71875 0.0671875 0.146875
5 0.96640625 0.6765625 0.0671875 0.084375
7 0.99375 0.9203125 0.0125 0.1
7 0.61953125 0.89609375 0.0203125 0.0921875
8 0.921875 0.796875 0.0765625 0.0609375
1 0.81171875 0.98984375 0.0578125 0.0203125