2 0.48125 0.278125 0.0421875 0.0390625
2 0.1484375 0.3109375 0.0359375 0.040625
3 0.8078125 0.1203125 0.0796875 0.0515625
3 0.91875 0.109375 0.1109375 0.0484375
2 0.7640625 0.240625 0.0421875 0.0578125
7 0.98046875 0.3484375 0.0296875 0.0625
7 0.8046875 0.36640625 0.0125 0.0265625
6 0.7828125 0.3625 0.025 0.034375
6 0.74921875 0.340625 0.0265625 0.078125
3 0.31484375 0.54609375 0.03984375 0.03125
2 0.25859375 0.66875 0.0203125 0.04296875
2 0.390625 0.62578125 0.0203125 0.05
7 0.38515625 0.7953125 0.01171875 0.046875
2 0.53046875 0.5640625 0.0421875 0.059375
2 0.884375 0.6640625 0.046875 0.0625
3 0.734375 0.5203125 0.05625 0.05625
3 0.8140625 0.534375 0.0796875 0.05
3 0.6328125 0.4953125 0.0859375 0.0390625
3 0.85625 0.5046875 0.0578125 0.0453125
3 0.7796875 0.471875 0.0703125 0.040625
3 0.7015625 0.4546875 0.0578125 0.05625
3 0.6125 0.4625 0.078125 0.0421875
3 0.88125 0.478125 0.05 0.0453125
5 0.5765625 0.7375 0.0734375 0.0765625
5 0.7765625 0.8 0.0515625 0.0875
5 0.53125 0.815625 0.025 0.0484375
5 0.79375 0.8734375 0.0265625 0.04375
7 0.7578125 0.9015625 0.025 0.0578125