2 0.29453125 0.4 0.0421875 0.01875
3 0.64765625 0.01171875 0.0671875 0.0234375
3 0.73515625 0.02265625 0.0671875 0.0453125
3 0.83046875 0.00703125 0.0671875 0.0140625
3 0.91484375 0.01328125 0.0734375 0.0265625
4 0.709375 0.08125 0.0265625 0.0484375
4 0.7765625 0.084375 0.04375 0.0515625
2 0.9734375 0.2328125 0.053125 0.05
5 0.58203125 0.36015625 0.0734375 0.0984375
5 0.85234375 0.384375 0.0859375 0.05
3 0.028125 0.52578125 0.05625 0.0265625
4 0.103125 0.525 0.0359375 0.0609375
4 0.153125 0.496875 0.0265625 0.0484375
3 0.215625 0.465625 0.0828125 0.025
3 0.165625 0.440625 0.10625 0.03125
3 0.0421875 0.4796875 0.0796875 0.0359375
2 0.346875 0.6 0.065625 0.0515625
5 0.315625 0.734375 0.08125 0.065625
5 0.071875 0.7703125 0.025 0.0609375
6 0.021875 0.865625 0.0359375 0.0671875
6 0.390625 0.7734375 0.03125 0.0671875
3 0.846875 0.6375 0.125 0.0875
3 0.971875 0.67421875 0.05625 0.0796875
3 0.6859375 0.6046875 0.0890625 0.08125
2 0.575 0.7890625 0.05 0.08125
5 0.92734375 0.984375 0.0765625 0.03125
8 0.659375 0.95625 0.090625 0.075
6 0.56640625 0.9828125 0.0546875 0.034375