5 0.36796875 0.02109375 0.0796875 0.0421875
5 0.1890625 0.0328125 0.0484375 0.0546875
6 0.44375 0.1015625 0.05 0.090625
3 0.134375 0.42578125 0.1546875 0.05390625
3 0.1890625 0.49921875 0.0921875 0.02890625
3 0.09296875 0.49375 0.0734375 0.0484375
4 0.12734375 0.5640625 0.0125 0.046875
2 0.26953125 0.6078125 0.0265625 0.046875
5 0.08984375 0.79140625 0.03671875 0.07734375
3 0.915625 0.4375 0.0828125 0.046875
3 0.9375 0.4796875 0.1109375 0.0390625
3 0.8359375 0.48125 0.075 0.05
3 0.9875 0.46640625 0.025 0.0421875