3 0.115625 0.0375 0.1265625 0.0375
2 0.2953125 0.121875 0.0625 0.0625
2 0.0046875 0.17265625 0.009375 0.0515625
5 0.046875 0.2703125 0.028125 0.0625
5 0.240625 0.225 0.09375 0.0515625
6 0.303125 0.3453125 0.03125 0.1375
1 0.1796875 0.409375 0.0609375 0.01875
2 0.3515625 0.640625 0.059375 0.0703125
0 0.13125 0.7109375 0.05 0.075
5 0.01015625 0.81640625 0.0203125 0.0796875
5 0.2375 0.7953125 0.09375 0.0625
3 0.7140625 0.69140625 0.0453125 0.0453125
2 0.64609375 0.77890625 0.0109375 0.03515625
2 0.7359375 0.7859375 0.01484375 0.040625