2 0.096875 0.171875 0.0359375 0.0265625
2 0.375 0.16875 0.0359375 0.0328125
3 0.6328125 0.0359375 0.0828125 0.0640625
3 0.73125 0.025 0.090625 0.05
3 0.8359375 0.0265625 0.084375 0.053125
4 0.74375 0.0984375 0.0359375 0.046875
2 0.8984375 0.1546875 0.0578125 0.0375
2 0.5859375 0.1859375 0.0453125 0.0625
6 0.6359375 0.2953125 0.0453125 0.0953125
6 0.890625 0.240625 0.053125 0.0671875
6 0.8984375 0.34375 0.021875 0.0921875
5 0.834375 0.2734375 0.053125 0.0578125
7 0.8609375 0.378125 0.0421875 0.0734375
5 0.6796875 0.325 0.0265625 0.071875
6 0.6640625 0.3859375 0.040625 0.0578125
1 0.709375 0.409375 0.03125 0.0328125
1 0.775 0.425 0.0703125 0.03125
3 0.28125 0.5640625 0.090625 0.0421875
3 0.4 0.578125 0.0671875 0.0375
3 0.5796875 0.671875 0.05 0.03125
3 0.625 0.6859375 0.0296875 0.0359375
3 0.6953125 0.6953125 0.046875 0.034375
4 0.659375 0.73125 0.028125 0.021875
5 0.6078125 0.821875 0.034375 0.059375
5 0.7 0.825 0.028125 0.0546875
7 0.5921875 0.8953125 0.01875 0.04375
6 0.5453125 0.815625 0.03125 0.06875
2 0.55 0.75 0.025 0.028125
6 0.7375 0.7921875 0.021875 0.040625