2 0.1171875 0.0859375 0.0359375 0.0265625
2 0.3953125 0.0828125 0.0359375 0.0328125
3 0.61640625 0.27890625 0.0734375 0.0296875
2 0.6765625 0.3515625 0.034375 0.03125
5 0.6140625 0.4546875 0.0671875 0.0578125
3 0.3828125 0.66875 0.0421875 0.025
4 0.3921875 0.7234375 0.03125 0.04375
5 0.434375 0.7921875 0.0234375 0.034375
5 0.3609375 0.7984375 0.021875 0.05
2 0.315625 0.7546875 0.0203125 0.0265625
2 0.478125 0.746875 0.0234375 0.025
3 0.346875 0.6765625 0.0359375 0.0265625
4 0.85234375 0.5171875 0.0234375 0.015625
4 0.8609375 0.55 0.053125 0.0390625
2 0.7046875 0.6015625 0.04375 0.04375
7 0.7734375 0.8828125 0.046875 0.0703125
1 0.9609375 0.85 0.025 0.0328125
5 0.97578125 0.709375 0.0484375 0.0625
5 0.7859375 0.746875 0.0421875 0.0765625
6 0.7375 0.6578125 0.078125 0.03125