5 0.4375 0.0328125 0.040625 0.065625
4 0.5671875 0.08125 0.03125 0.0515625
4 0.51875 0.078125 0.05 0.046875
2 0.696875 0.1390625 0.053125 0.05
5 0.621875 0.2375 0.053125 0.06875
5 0.46875 0.2375 0.01875 0.05
6 0.678125 0.309375 0.0390625 0.08125
6 0.7109375 0.2109375 0.046875 0.0609375
3 0.6640625 0.0625 0.0578125 0.0359375
4 0.225 0.7078125 0.028125 0.0484375
2 0.096875 0.765625 0.0296875 0.0375
2 0.346875 0.7734375 0.034375 0.0296875
5 0.284375 0.8796875 0.040625 0.06875
5 0.14375 0.8765625 0.0375 0.0640625
3 0.2140625 0.6515625 0.0515625 0.0265625
8 0.734375 0.590625 0.053125 0.01875
6 0.634375 0.65 0.0390625 0.040625
6 0.8453125 0.6703125 0.04375 0.0484375