2 0.2 0.209375 0.0359375 0.05
8 0.328125 0.328125 0.053125 0.01875
6 0.228125 0.3875 0.0390625 0.040625
3 0.590625 0.1359375 0.05625 0.025
3 0.7203125 0.140625 0.059375 0.03125
3 0.6015625 0.159375 0.0453125 0.0203125
3 0.65625 0.159375 0.05 0.0234375
4 0.6296875 0.209375 0.021875 0.0484375
4 0.6546875 0.209375 0.0203125 0.040625
2 0.7859375 0.2609375 0.0375 0.0484375
2 0.553125 0.2671875 0.0296875 0.0390625
7 0.7640625 0.3671875 0.040625 0.046875
5 0.578125 0.34375 0.040625 0.046875
3 0.15625 0.540625 0.053125 0.0421875
3 0.228125 0.55625 0.05 0.05625
3 0.2921875 0.55625 0.0546875 0.05
3 0.3546875 0.5421875 0.0546875 0.075
4 0.2328125 0.615625 0.028125 0.03125
2 0.38125 0.6515625 0.034375 0.0375
2 0.1015625 0.6421875 0.03125 0.0375
3 0.6453125 0.6109375 0.0421875 0.05
3 0.7078125 0.6171875 0.05 0.0515625
3 0.765625 0.625 0.040625 0.0546875
3 0.821875 0.6609375 0.046875 0.05
3 0.8203125 0.6125 0.0421875 0.0296875
4 0.7359375 0.69375 0.0453125 0.0484375
5 0.6546875 0.8640625 0.040625 0.059375
5 0.8234375 0.8609375 0.0390625 0.0640625