3 0.1359375 0.13671875 0.04296875 0.05859375
4 0.13125 0.18046875 0.0140625 0.02734375
2 0.16640625 0.2546875 0.01015625 0.03984375
2 0.09609375 0.21640625 0.01015625 0.0484375
5 0.10625 0.28359375 0.01328125 0.0296875
5 0.14296875 0.3046875 0.0125 0.0484375
2 0.57109375 0.27421875 0.02109375 0.0359375
2 0.721875 0.3078125 0.0234375 0.034375
5 0.68046875 0.38046875 0.02421875 0.05390625
5 0.5953125 0.371875 0.03359375 0.040625
7 0.6890625 0.4609375 0.0171875 0.05234375
7 0.58671875 0.44140625 0.021875 0.05546875
3 0.025 0.71015625 0.05 0.0828125
3 0.19375 0.7296875 0.140625 0.09375
2 0.2625 0.890625 0.0671875 0.0609375
5 0.1484375 0.978125 0.0625 0.04375
5 0.6390625 0.771875 0.0796875 0.06875