3 0.19140625 0.034375 0.0546875 0.04375
4 0.203125 0.06640625 0.03125 0.0203125
2 0.1203125 0.09375 0.025 0.0359375
5 0.14375 0.14375 0.03125 0.021875
5 0.8578125 0.1796875 0.0828125 0.0953125
5 0.690625 0.1453125 0.040625 0.0765625
6 0.61875 0.2265625 0.0265625 0.0953125
3 0.08984375 0.4671875 0.01875 0.0265625
4 0.109375 0.465625 0.0078125 0.06171875
4 0.1203125 0.4375 0.00546875 0.04921875
3 0.134375 0.40546875 0.01796875 0.025
3 0.1234375 0.38046875 0.0234375 0.03125
3 0.09609375 0.41953125 0.0171875 0.03671875
2 0.08203125 0.61875 0.01328125 0.05234375
2 0.1625 0.54140625 0.0140625 0.05234375
5 0.15625 0.67734375 0.01796875 0.06640625
5 0.10234375 0.7140625 0.00546875 0.06171875
6 0.09140625 0.81015625 0.0078125 0.06796875
6 0.171875 0.7171875 0.00703125 0.06796875
3 0.5546875 0.371875 0.18828125 0.065625
3 0.803125 0.3703125 0.128125 0.0640625
4 0.671875 0.43828125 0.07109375 0.04609375
2 0.86484375 0.50703125 0.0484375 0.03359375
5 0.721875 0.596875 0.0453125 0.05
5 0.45078125 0.62421875 0.05859375 0.0546875
5 0.5875 0.73203125 0.121875 0.02734375