3 0.2421875 0.090625 0.103125 0.04375
4 0.23125 0.1234375 0.034375 0.0203125
2 0.3140625 0.178125 0.0234375 0.0296875
2 0.146875 0.15 0.025 0.0359375
5 0.1703125 0.2 0.03125 0.021875
5 0.2578125 0.215625 0.0296875 0.0359375
6 0.81875 0.01171875 0.053125 0.0234375
8 0.6765625 0.08984375 0.053125 0.0515625
5 0.7203125 0.04140625 0.059375 0.0828125
7 0.7359375 0.1765625 0.040625 0.0828125
1 0.66953125 0.22109375 0.0390625 0.0546875
6 0.7921875 0.1078125 0.0375 0.078125
2 0.025 0.57890625 0.05 0.0390625
2 0.3484375 0.5875 0.025 0.0359375
5 0.3140625 0.7125 0.046875 0.0546875
5 0.0703125 0.728125 0.046875 0.04375
6 0.0234375 0.75625 0.025 0.075
3 0.753125 0.43359375 0.01875 0.08671875
3 0.7796875 0.38828125 0.0296875 0.04921875
2 0.7703125 0.634375 0.01796875 0.06484375
3 0.75625 0.52734375 0.015625 0.07265625
6 0.79140625 0.78671875 0.01953125 0.1046875
5 0.83046875 0.7515625 0.0109375 0.103125
7 0.8328125 0.90078125 0.0171875 0.07421875
8 0.85625 0.7375 0.01640625 0.034375