3 0.4375 0.2484375 0.1203125 0.0390625
3 0.5796875 0.2296875 0.10625 0.0375
4 0.4125 0.390625 0.05 0.0375
4 0.7296875 0.08125 0.0421875 0.059375
5 0.665625 0.22421875 0.0125 0.0671875
5 0.7796875 0.234375 0.034375 0.065625
7 0.771875 0.2921875 0.0328125 0.040625
3 0.7296875 0.0421875 0.075 0.0296875
5 0.2359375 0.7015625 0.0515625 0.1046875
5 0.48125 0.7296875 0.059375 0.1234375
7 0.478125 0.8484375 0.05625 0.0859375
7 0.209375 0.8421875 0.05625 0.09375
5 0.815625 0.63203125 0.05625 0.0453125
7 0.8046875 0.728125 0.05 0.0890625