3 0.5984375 0.13828125 0.0859375 0.01328125
3 0.6953125 0.134375 0.0828125 0.01953125
5 0.5390625 0.21015625 0.05 0.0296875
5 0.67578125 0.21328125 0.05703125 0.025
7 0.696875 0.2421875 0.0390625 0.021875
7 0.51953125 0.23984375 0.04453125 0.01953125
2 0.734375 0.1796875 0.0484375 0.01640625
2 0.47109375 0.17890625 0.0390625 0.01640625
3 0.5296875 0.63359375 0.03828125 0.03046875
3 0.64765625 0.63828125 0.04609375 0.02265625
4 0.61328125 0.69765625 0.01640625 0.03671875
1 0.59453125 0.9234375 0.04609375 0.02109375