5 0.2640625 0.0296875 0.0515625 0.059375
5 0.1 0.01875 0.05 0.0375
6 0.0390625 0.096875 0.059375 0.0890625
6 0.3171875 0.1171875 0.034375 0.09375
3 0.8609375 0.1546875 0.1203125 0.0765625
3 0.97578125 0.175 0.0484375 0.059375
2 0.2828125 0.6609375 0.0578125 0.05
3 0.0703125 0.4953125 0.075 0.0421875
3 0.1203125 0.5203125 0.09375 0.0296875
3 0.2078125 0.4875 0.05625 0.0640625
3 0.1734375 0.5421875 0.0703125 0.0328125
3 0.15625 0.4703125 0.0640625 0.03125
6 0.2703125 0.8359375 0.0328125 0.0671875
3 0.60625 0.6234375 0.0125 0.053125
3 0.65 0.621875 0.0515625 0.0625
2 0.73125 0.696875 0.05 0.0421875
4 0.60390625 0.6921875 0.0078125 0.040625
5 0.675 0.784375 0.05 0.05
6 0.75 0.8640625 0.03125 0.04375