3 0.4625 0.0828125 0.053125 0.0578125
3 0.3953125 0.1046875 0.059375 0.0515625
4 0.503125 0.1453125 0.06875 0.0359375
2 0.35625 0.2234375 0.0328125 0.046875
0 0.446875 0.2609375 0.0234375 0.0375
5 0.409375 0.3375 0.040625 0.09375
1 0.503125 0.4484375 0.0671875 0.0359375
1 0.425 0.4390625 0.0421875 0.03125
6 0.353125 0.31875 0.0265625 0.096875
2 0.60078125 0.0078125 0.0359375 0.015625
2 0.87890625 0.0078125 0.0359375 0.015625
3 0.3 0.60625 0.1140625 0.065625
3 0.4328125 0.603125 0.115625 0.0609375
4 0.3796875 0.6609375 0.0203125 0.0328125
2 0.225 0.7375 0.0421875 0.0265625
2 0.5078125 0.7296875 0.025 0.053125
3 0.753125 0.721875 0.0484375 0.05625
3 0.8515625 0.7390625 0.065625 0.0484375
3 0.95 0.740625 0.090625 0.0703125