3 0.059375 0.24921875 0.11875 0.0578125
4 0.00234375 0.3078125 0.0046875 0.028125
2 0.1265625 0.3703125 0.0375 0.0296875
5 0.0421875 0.4640625 0.05625 0.0703125
3 0.65859375 0.1734375 0.06875 0.0375
6 0.2046875 0.7828125 0.059375 0.1234375
2 0.70625 0.7328125 0.021875 0.0375
5 0.840625 0.778125 0.040625 0.05
5 0.734375 0.7953125 0.0296875 0.0484375
7 0.8625 0.8375 0.0234375 0.046875
7 0.7453125 0.8515625 0.025 0.0453125
2 0.88125 0.725 0.0265625 0.05
3 0.8140625 0.634375 0.053125 0.0265625
3 0.746875 0.6375 0.0453125 0.021875
3 0.7765625 0.659375 0.053125 0.0265625