4 0.196875 0.01328125 0.01875 0.0265625
2 0.328125 0.075 0.0375 0.0296875
2 0.0375 0.0875 0.0359375 0.0390625
5 0.24375 0.16875 0.05625 0.0703125
5 0.1078125 0.171875 0.0390625 0.0703125
3 0.75390625 0.0140625 0.0828125 0.028125
4 0.753125 0.0859375 0.0203125 0.05
5 0.6375 0.215625 0.05625 0.0671875
2 0.2625 0.5625 0.0328125 0.04375
2 0.45625 0.5953125 0.015625 0.0390625
5 0.31875 0.6203125 0.0390625 0.0421875
5 0.5859375 0.7015625 0.0328125 0.0390625
7 0.6125 0.7734375 0.0265625 0.05
3 0.603125 0.5453125 0.0375 0.0375