3 0.603125 0.090625 0.1140625 0.059375
3 0.7125 0.1078125 0.0671875 0.0578125
4 0.634375 0.14375 0.021875 0.040625
4 0.6375 0.1859375 0.040625 0.0234375
2 0.5 0.20390625 0.021875 0.0265625
5 0.5421875 0.34375 0.05625 0.0984375
5 0.6890625 0.36875 0.0375 0.071875
3 0.575 0.03125 0.090625 0.0296875
3 0.2421875 0.525 0.0421875 0.0234375
3 0.271875 0.54375 0.0828125 0.0203125
4 0.3125 0.5828125 0.021875 0.0515625
4 0.3375 0.5875 0.0265625 0.040625
3 0.340625 0.5375 0.05625 0.034375
3 0.396875 0.528125 0.0484375 0.0328125
3 0.3984375 0.55625 0.05625 0.04375
3 0.2875 0.5140625 0.040625 0.03125
2 0.215625 0.63125 0.0328125 0.025
2 0.4375 0.6359375 0.0328125 0.0234375
5 0.5578125 0.63125 0.0375 0.059375
6 0.7578125 0.6796875 0.05625 0.046875