3 0.0484375 0.16796875 0.096875 0.0765625
3 0.18125 0.1890625 0.10625 0.059375
3 0.8046875 0.30625 0.0421875 0.025
4 0.8140625 0.3609375 0.03125 0.04375
5 0.85625 0.4296875 0.0234375 0.034375
5 0.7828125 0.4359375 0.021875 0.05
2 0.7375 0.3921875 0.0203125 0.0265625
2 0.9 0.384375 0.0234375 0.025
3 0.76875 0.3140625 0.0359375 0.0265625
4 0.6671875 0.8046875 0.0234375 0.0390625
4 0.6296875 0.8078125 0.0203125 0.0359375
5 0.7390625 0.9421875 0.05 0.0703125
5 0.5828125 0.95 0.0359375 0.06875
3 0.7265625 0.7234375 0.05625 0.028125
3 0.6609375 0.75625 0.025 0.0578125