3 0.1609375 0.16640625 0.0203125 0.04765625
3 0.18828125 0.17421875 0.02421875 0.0515625
4 0.17265625 0.21640625 0.0140625 0.0328125
2 0.2046875 0.27578125 0.009375 0.03984375
2 0.1375 0.26015625 0.009375 0.03984375
5 0.1859375 0.3328125 0.01328125 0.0578125
5 0.15 0.32578125 0.01171875 0.05390625
7 0.14375 0.3828125 0.00625 0.04765625
7 0.1875 0.3984375 0.00625 0.03984375
3 0.7640625 0.009375 0.11875 0.01875
3 0.790625 0.046875 0.1203125 0.046875
3 0.8515625 0.084375 0.1046875 0.0359375
3 0.6640625 0.0640625 0.0765625 0.0390625
3 0.690625 0.1125 0.0828125 0.04375
4 0.7890625 0.18125 0.05625 0.065625
2 0.5953125 0.221875 0.0625 0.0625
5 0.8671875 0.33125 0.0546875 0.0859375
5 0.7046875 0.3171875 0.0578125 0.0765625
6 0.615625 0.3625 0.04375 0.103125
1 0.7890625 0.48125 0.0796875 0.046875
3 0.7671875 0.8796875 0.0328125 0.04375
3 0.80625 0.8828125 0.0328125 0.0484375
3 0.859375 0.8828125 0.05625 0.0421875
3 0.925 0.896875 0.0484375 0.05