3 0.30546875 0.0203125 0.1171875 0.040625
3 0.40546875 0.021875 0.0484375 0.04375
2 0.2296875 0.146875 0.0390625 0.040625
7 0.253125 0.296875 0.03125 0.0578125
3 0.7359375 0.21875 0.0640625 0.025
3 0.7359375 0.1859375 0.0609375 0.0484375
3 0.828125 0.184375 0.0484375 0.0515625
3 0.9 0.175 0.0625 0.0609375
4 0.8125 0.271875 0.0578125 0.0359375
2 0.940625 0.2921875 0.040625 0.05625
2 0.7046875 0.3015625 0.0375 0.0375
5 0.76875 0.3640625 0.028125 0.059375
5 0.896875 0.35 0.046875 0.053125
6 0.9578125 0.434375 0.025 0.0609375
7 0.7578125 0.45 0.0203125 0.05
1 0.8390625 0.4859375 0.0640625 0.03125
7 0.9234375 0.4390625 0.025 0.0515625
3 0.1953125 0.65625 0.0578125 0.0640625
3 0.046875 0.6890625 0.0640625 0.0375
4 0.0703125 0.7921875 0.05625 0.034375
2 0.2328125 0.821875 0.05625 0.0640625
6 0.25 0.9578125 0.046875 0.084375
5 0.1515625 0.9421875 0.040625 0.0609375
5 0.0046875 0.96328125 0.009375 0.0703125
3 0.834375 0.753125 0.0421875 0.0484375
3 0.878125 0.7609375 0.034375 0.0578125
3 0.9375 0.753125 0.0484375 0.0359375
3 0.9828125 0.74609375 0.034375 0.0609375
4 0.91875 0.8078125 0.021875 0.034375
5 0.8625 0.8953125 0.034375 0.0390625
5 0.9609375 0.89375 0.0265625 0.0375
6 0.8203125 0.8828125 0.0234375 0.0359375
6 0.9828125 0.9203125 0.025 0.0421875