3 0.52421875 0.02335456475583864 0.0296875 0.04670912951167728
3 0.525 0.10191082802547771 0.03125 0.08067940552016985
3 0.54375 0.18259023354564755 0.0359375 0.050955414012738856
2 0.559375 0.27388535031847133 0.046875 0.06794055201698514
6 0.578125 0.3991507430997877 0.0390625 0.07643312101910828
6 0.615625 0.3375796178343949 0.05 0.06157112526539278
3 0.0234375 0.5583864118895966 0.046875 0.04670912951167728
3 0.0203125 0.4861995753715499 0.040625 0.050955414012738856
2 0.065625 0.7048832271762208 0.034375 0.06581740976645435
6 0.0640625 0.7791932059447984 0.028125 0.06794055201698514
5 0.0171875 0.8577494692144374 0.034375 0.08067940552016985
7 0.01875 0.9607218683651805 0.0375 0.07855626326963906
5 0.8828125 0.8683651804670913 0.03125 0.06369426751592357