3 0.1390625 0.0734375 0.0578125 0.0609375
3 0.2453125 0.1140625 0.10625 0.0625
3 0.35 0.1234375 0.065625 0.0625
3 0.2921875 0.0671875 0.0609375 0.0265625
4 0.2234375 0.1828125 0.03125 0.040625
2 0.4 0.26875 0.05 0.0515625
2 0.0875 0.2265625 0.05 0.0390625
5 0.3234375 0.3484375 0.06875 0.06875
5 0.134375 0.3375 0.053125 0.059375
1 0.2109375 0.4671875 0.0921875 0.034375
1 0.2953125 0.465625 0.04375 0.04375
1 0.1328125 0.440625 0.0453125 0.05
7 0.3578125 0.421875 0.028125 0.0453125
7 0.1078125 0.390625 0.0296875 0.03125
3 0.9140625 0.13125 0.059375 0.0296875
3 0.85 0.1515625 0.0453125 0.034375
2 0.98125 0.18125 0.0375 0.034375
5 0.9625 0.2515625 0.034375 0.0359375
5 0.878125 0.3 0.01875 0.0578125
4 0.890625 0.2171875 0.03125 0.021875
5 0.503125 0.684375 0.0296875 0.053125
5 0.6171875 0.7046875 0.025 0.065625
2 0.4171875 0.60625 0.03125 0.0484375
4 0.528125 0.56875 0.03125 0.0265625
5 0.88671875 0.55703125 0.0515625 0.0140625
5 0.7640625 0.5671875 0.04375 0.034375
7 0.915625 0.625 0.040625 0.0375
6 0.7328125 0.6140625 0.028125 0.065625