3 0.1 0.4666666666666667 0.075 0.03333333333333333
2 0.1515625 0.5638888888888889 0.0171875 0.022222222222222223
2 0.0484375 0.5638888888888889 0.015625 0.027777777777777776
5 0.1234375 0.6194444444444445 0.01875 0.044444444444444446
5 0.071875 0.6166666666666667 0.01875 0.03888888888888889
3 0.62109375 0.42083333333333334 0.0421875 0.06944444444444445
3 0.684375 0.43333333333333335 0.0609375 0.075
4 0.6453125 0.49444444444444446 0.0359375 0.04722222222222222
2 0.7265625 0.5805555555555556 0.0234375 0.058333333333333334
5 0.678125 0.6638888888888889 0.0328125 0.08333333333333333
7 0.6828125 0.7583333333333333 0.015625 0.058333333333333334