3 0.1453125 0.08125 0.0265625 0.0265625
3 0.1921875 0.0859375 0.04375 0.01875
2 0.2828125 0.125 0.025 0.03125
2 0.1453125 0.159375 0.0140625 0.03125
5 0.2609375 0.1796875 0.0390625 0.0296875
5 0.175 0.2 0.01875 0.0390625
3 0.928125 0.1765625 0.05 0.0453125
3 0.98359375 0.1671875 0.0328125 0.0375
4 0.98984375 0.209375 0.0203125 0.040625
3 0.1671875 0.6234375 0.053125 0.04375
3 0.2375 0.6171875 0.0515625 0.0625
3 0.30625 0.6140625 0.0625 0.05625
4 0.2390625 0.6796875 0.0453125 0.0359375
5 0.2984375 0.7875 0.034375 0.059375
5 0.19375 0.8015625 0.040625 0.0515625
1 0.29375 0.88125 0.0359375 0.0375
1 0.178125 0.8734375 0.0359375 0.0515625
2 0.3578125 0.7171875 0.034375 0.04375
0 0.2625 0.734375 0.0421875 0.0359375
6 0.334375 0.8671875 0.0359375 0.0546875
3 0.6515625 0.5890625 0.0671875 0.0421875
3 0.7203125 0.5765625 0.04375 0.0390625
3 0.809375 0.5875 0.0328125 0.05
5 0.621875 0.7953125 0.0390625 0.0734375