3 0.2 0.0796875 0.0765625 0.028125
3 0.0953125 0.09375 0.05 0.03125
2 0.2484375 0.1421875 0.0265625 0.028125
2 0.0515625 0.15625 0.0359375 0.0328125
5 0.109375 0.2140625 0.0375 0.0453125
5 0.209375 0.196875 0.0484375 0.05
6 0.0703125 0.2640625 0.0359375 0.0640625
6 0.24375 0.2609375 0.0265625 0.0515625
3 0.175 0.6203125 0.0421875 0.0484375
3 0.21875 0.628125 0.034375 0.0578125
3 0.278125 0.6203125 0.0484375 0.0359375
3 0.3265625 0.6140625 0.040625 0.0609375
4 0.259375 0.675 0.021875 0.034375
5 0.203125 0.7625 0.034375 0.0390625
5 0.3015625 0.7609375 0.0265625 0.0375
6 0.1609375 0.75 0.0234375 0.0359375
6 0.3234375 0.7875 0.025 0.0421875
4 0.7765625 0.50546875 0.0109375 0.04453125
4 0.78828125 0.50546875 0.01171875 0.0515625
2 0.7234375 0.58359375 0.01484375 0.05
2 0.84609375 0.57265625 0.01640625 0.04609375
3 0.803125 0.4515625 0.028125 0.028125
3 0.74609375 0.46953125 0.03828125 0.0265625
3 0.7515625 0.434375 0.03515625 0.03046875
3 0.7859375 0.43046875 0.02265625 0.03203125
3 0.81640625 0.42890625 0.02578125 0.03359375
3 0.78125 0.40546875 0.0296875 0.03046875
5 0.8171875 0.67109375 0.02109375 0.0625
5 0.7578125 0.6640625 0.0140625 0.05859375