4 0.259375 0.13984375 0.0140625 0.03984375
4 0.2625 0.18828125 0.01796875 0.0328125
3 0.2671875 0.08046875 0.03984375 0.05390625
2 0.328125 0.2265625 0.01640625 0.0609375
5 0.278125 0.33671875 0.02109375 0.059375
7 0.3125 0.40859375 0.028125 0.059375
1 0.29375 0.46640625 0.02578125 0.0453125
8 0.253125 0.3703125 0.0203125 0.03671875
4 0.7984375 0.165625 0.025 0.103125
4 0.83125 0.1609375 0.0203125 0.0375
5 0.678125 0.340625 0.0609375 0.0578125
5 0.875 0.365625 0.065625 0.053125
2 0.646875 0.2046875 0.0296875 0.0359375