4 0.35625 0.0328125 0.0296875 0.0359375
4 0.3625 0.0765625 0.0375 0.0296875
2 0.5 0.1109375 0.034375 0.0546875
5 0.3953125 0.209375 0.04375 0.053125
7 0.4671875 0.2734375 0.059375 0.053125
1 0.428125 0.325 0.053125 0.040625
8 0.34375 0.2390625 0.0421875 0.0328125
4 0.790625 0.0171875 0.053125 0.034375
2 0.634375 0.1 0.0421875 0.06875
2 0.9515625 0.09375 0.046875 0.0578125
3 0.26171875 0.525 0.034375 0.04296875
0 0.290625 0.69609375 0.02734375 0.04296875
6 0.55 0.7046875 0.0328125 0.0859375
6 0.7625 0.6921875 0.0359375 0.06875