3 0.41328125 0.005208333333333333 0.0671875 0.010416666666666666
7 0.425 0.33958333333333335 0.0359375 0.08958333333333333
6 0.3671875 0.3020833333333333 0.0296875 0.06875
2 0.375 0.14791666666666667 0.03125 0.029166666666666667
4 0.553125 0.27291666666666664 0.04375 0.08541666666666667
3 0.5984375 0.11666666666666667 0.146875 0.09375
3 0.5171875 0.2 0.0359375 0.05625
2 0.765625 0.26666666666666666 0.0515625 0.06875
5 0.7765625 0.45208333333333334 0.13125 0.075
2 0.2484375 0.7333333333333333 0.0390625 0.05
3 0.3640625 0.6395833333333333 0.0734375 0.052083333333333336
3 0.43515625 0.6270833333333333 0.0296875 0.041666666666666664
3 0.4296875 0.6052083333333333 0.040625 0.03125
2 0.8 0.6291666666666667 0.0296875 0.029166666666666667
2 0.628125 0.6291666666666667 0.0265625 0.035416666666666666
5 0.753125 0.6979166666666666 0.03125 0.05625
5 0.66875 0.6958333333333333 0.0328125 0.04791666666666667