4 0.06875 0.3140625 0.078125 0.071875
2 0.903125 0.1625 0.0484375 0.0453125
5 0.978125 0.24375 0.0296875 0.065625
6 0.909375 0.321875 0.0453125 0.103125
7 0.94375 0.2953125 0.021875 0.05625
4 0.121875 0.5546875 0.025 0.0625
2 0.25625 0.6078125 0.053125 0.0453125
5 0.184375 0.690625 0.0453125 0.05625
6 0.1984375 0.778125 0.040625 0.0875
3 0.834375 0.4640625 0.05625 0.05
3 0.89375 0.4671875 0.046875 0.05625
3 0.95625 0.46875 0.0609375 0.0578125
2 0.98515625 0.578125 0.0296875 0.04375
2 0.7515625 0.5484375 0.0375 0.0453125
4 0.8859375 0.528125 0.046875 0.0390625
6 0.9734375 0.665625 0.0265625 0.065625
3 0.79375 0.434375 0.04375 0.009375