4 0.259375 0.1640625 0.078125 0.071875
7 0.4 0.4453125 0.05625 0.1046875
7 0.1359375 0.45625 0.034375 0.0828125
3 0.59375 0.1359375 0.071875 0.0546875
3 0.465625 0.1375 0.03125 0.0625
3 0.2171875 0.759375 0.0421875 0.0484375
3 0.2609375 0.7671875 0.034375 0.0578125
3 0.3203125 0.759375 0.0484375 0.0359375
3 0.36875 0.753125 0.040625 0.0609375
4 0.3015625 0.8140625 0.021875 0.034375
5 0.2453125 0.9015625 0.034375 0.0390625
5 0.34375 0.9 0.0265625 0.0375
6 0.203125 0.8890625 0.0234375 0.0359375
6 0.365625 0.9265625 0.025 0.0421875
3 0.546875 0.6140625 0.059375 0.0296875
3 0.4828125 0.634375 0.0453125 0.034375
2 0.6171875 0.6640625 0.0421875 0.034375
5 0.5953125 0.734375 0.034375 0.0359375
5 0.5109375 0.7828125 0.01875 0.0578125
4 0.5234375 0.7 0.03125 0.021875