5 0.32421875 0.16796875 0.0703125 0.0890625
5 0.1484375 0.1890625 0.046875 0.0765625
1 0.1703125 0.3328125 0.0421875 0.0578125
1 0.253125 0.35 0.0890625 0.0515625
1 0.33125 0.3421875 0.03125 0.0609375
7 0.34453125 0.2671875 0.0296875 0.053125
7 0.1359375 0.3 0.0296875 0.05625
6 0.0921875 0.2484375 0.0421875 0.0578125
2 0.7765625 0.02109375 0.05625 0.0421875
2 0.4640625 0.0328125 0.0328125 0.05625
6 0.79375 0.15 0.046875 0.0890625
5 0.6953125 0.13125 0.040625 0.0609375
5 0.534375 0.153125 0.0375 0.0703125
4 0.021875 0.609375 0.015625 0.0421875
4 0.05 0.60625 0.015625 0.0390625
5 0.0859375 0.7265625 0.0375 0.046875
7 0.09375 0.7859375 0.0171875 0.0515625
6 0.1234375 0.7453125 0.0234375 0.0515625
2 0.1203125 0.665625 0.0203125 0.0328125