3 0.19921875 0.10625 0.04609375 0.059375
4 0.3015625 0.1671875 0.01796875 0.0578125
2 0.403125 0.253125 0.02734375 0.06171875
2 0.17734375 0.24765625 0.02734375 0.07421875
6 0.1703125 0.3484375 0.02421875 0.0890625
6 0.41171875 0.35546875 0.02265625 0.0890625
5 0.23046875 0.42265625 0.034375 0.06875
3 0.6578125 0.2671875 0.0546875 0.0796875
2 0.578125 0.415625 0.0375 0.071875
2 0.99140625 0.44375 0.0171875 0.075
5 0.8984375 0.5421875 0.075 0.0765625
5 0.6875 0.5296875 0.0765625 0.0796875
4 0.83125 0.3703125 0.0421875 0.046875
2 0.2421875 0.77421875 0.040625 0.0296875
2 0.5078125 0.771875 0.034375 0.025
5 0.4796875 0.8703125 0.046875 0.071875
5 0.2765625 0.875 0.046875 0.0609375
5 0.8734375 0.78828125 0.059375 0.0578125
5 0.68203125 0.80625 0.0484375 0.09375
7 0.8984375 0.871875 0.0484375 0.071875
1 0.7859375 0.9375 0.0796875 0.0328125