3 0.09921875 0.017708333333333333 0.1015625 0.035416666666666666
3 0.134375 0.09375 0.096875 0.03958333333333333
3 0.2 0.052083333333333336 0.084375 0.04583333333333333
4 0.1359375 0.175 0.0296875 0.0625
2 0.2859375 0.25833333333333336 0.0359375 0.04791666666666667
5 0.025 0.403125 0.05 0.05625
6 0.265625 0.48541666666666666 0.025 0.14166666666666666
4 0.6625 0.05625 0.075 0.06666666666666667
2 0.875 0.08958333333333333 0.059375 0.11041666666666666
5 0.8359375 0.37916666666666665 0.0359375 0.12083333333333333
5 0.515625 0.38958333333333334 0.0265625 0.07916666666666666
7 0.546875 0.4979166666666667 0.04375 0.075
7 0.8046875 0.47708333333333336 0.0375 0.06041666666666667
4 0.26875 0.6291666666666667 0.059375 0.05625
2 0.15 0.70625 0.0328125 0.06458333333333334
5 0.315625 0.80625 0.0328125 0.07916666666666666
5 0.2078125 0.8 0.0515625 0.07083333333333333
3 0.48359375 0.6333333333333333 0.0296875 0.029166666666666667
2 0.5328125 0.7583333333333333 0.03125 0.06666666666666667
5 0.4828125 0.8541666666666666 0.028125 0.07916666666666666
6 0.5515625 0.8416666666666667 0.03125 0.05416666666666667