2 0.23125 0.0734375 0.0390625 0.0328125
5 0.27265625 0.19921875 0.0546875 0.0421875
6 0.2390625 0.2640625 0.025 0.06875
3 0.7390625 0.1828125 0.1140625 0.040625
3 0.16171875 0.5453125 0.0265625 0.05078125
3 0.19453125 0.5640625 0.0265625 0.06484375
5 0.13984375 0.725 0.015625 0.059375
5 0.19375 0.79609375 0.01015625 0.059375
7 0.13046875 0.83671875 0.0109375 0.1
7 0.1859375 0.8796875 0.0125 0.078125
2 0.12734375 0.625 0.01484375 0.0375
2 0.2125 0.69140625 0.01015625 0.04375
4 0.640625 0.484375 0.0859375 0.059375
2 0.4453125 0.5015625 0.065625 0.0640625
2 0.853125 0.4984375 0.0640625 0.0703125
0 0.6453125 0.540625 0.0546875 0.04375
5 0.5171875 0.6359375 0.075 0.0890625
6 0.825 0.74375 0.046875 0.0921875
6 0.459375 0.71875 0.0609375 0.096875
1 0.759375 0.8015625 0.0640625 0.0890625