4 0.31171875 0.017708333333333333 0.0296875 0.035416666666666666
2 0.146875 0.06458333333333334 0.0390625 0.04375
2 0.4625 0.0875 0.0359375 0.04791666666666667
5 0.19375 0.23333333333333334 0.065625 0.05625
6 0.4421875 0.3145833333333333 0.025 0.14166666666666666
6 0.1546875 0.31875 0.025 0.09166666666666666
4 0.88125 0.11041666666666666 0.0265625 0.0625
4 0.9234375 0.09375 0.021875 0.0625
2 0.7234375 0.18958333333333333 0.0453125 0.058333333333333334
5 0.9640625 0.35625 0.0484375 0.075
5 0.8125 0.3541666666666667 0.0484375 0.09375
4 0.8890625 0.16875 0.04375 0.03125
3 0.84453125 0.017708333333333333 0.0234375 0.035416666666666666
3 0.7921875 0.052083333333333336 0.03125 0.0625
3 0.91875 0.04583333333333333 0.0734375 0.029166666666666667
4 0.1390625 0.58125 0.021875 0.05416666666666667
4 0.1125 0.6 0.021875 0.06666666666666667
4 0.0796875 0.6104166666666667 0.0234375 0.07291666666666667
4 0.0515625 0.5875 0.0234375 0.05416666666666667
3 0.178125 0.5541666666666667 0.0546875 0.04583333333333333
3 0.0296875 0.54375 0.059375 0.0375
3 0.0984375 0.5083333333333333 0.0671875 0.03125
3 0.01640625 0.5135416666666667 0.0328125 0.03958333333333333
3 0.16875 0.48333333333333334 0.0609375 0.05
3 0.0859375 0.475 0.0625 0.04583333333333333
3 0.02421875 0.47708333333333336 0.0484375 0.041666666666666664
2 0.2234375 0.6979166666666666 0.034375 0.06458333333333334
6 0.221875 0.7708333333333334 0.028125 0.06666666666666667
5 0.1703125 0.8479166666666667 0.0453125 0.07916666666666666
5 0.0140625 0.8447916666666667 0.028125 0.08125
7 0.1765625 0.9552083333333333 0.0375 0.08958333333333333
1 0.09296875 0.984375 0.0671875 0.03125
2 0.759375 0.459375 0.0375 0.03958333333333333
5 0.8203125 0.575 0.0390625 0.08958333333333333
5 0.9671875 0.64375 0.021875 0.1
1 0.7796875 0.7229166666666667 0.040625 0.08333333333333333
1 0.9515625 0.7625 0.025 0.08333333333333333