4 0.1828125 0.0578125 0.0390625 0.0640625
5 0.2671875 0.234375 0.04375 0.0609375
5 0.128125 0.2203125 0.040625 0.0765625
3 0.26015625 0.01484375 0.0578125 0.0296875
3 0.56875 0.025 0.053125 0.040625
3 0.6265625 0.0375 0.040625 0.0375
3 0.6921875 0.046875 0.0546875 0.0484375
3 0.228125 0.6015625 0.03125 0.0640625
3 0.275 0.584375 0.0546875 0.05625
3 0.346875 0.59375 0.0546875 0.0625
5 0.2828125 0.753125 0.028125 0.0359375
5 0.371875 0.78125 0.015625 0.028125
3 0.484375 0.6046875 0.0375 0.028125
3 0.5453125 0.6109375 0.0578125 0.0265625