4 0.1578125 0.2953125 0.0390625 0.0640625
3 0.2359375 0.2390625 0.0578125 0.0578125
3 0.5046875 0.00625 0.0625 0.0125
3 0.503125 0.0328125 0.065625 0.0265625
3 0.56640625 0.02265625 0.0453125 0.0453125
3 0.63125 0.00859375 0.06875 0.0171875
4 0.5625 0.0765625 0.040625 0.04375
3 0.21953125 0.52421875 0.0171875 0.0328125
4 0.240625 0.56953125 0.00703125 0.07109375
2 0.1734375 0.609375 0.01875 0.0453125
5 0.18515625 0.72578125 0.0203125 0.07109375
5 0.24375 0.80546875 0.0140625 0.09453125
2 0.890625 0.625 0.05 0.0578125
6 0.915625 0.8375 0.0421875 0.090625