3 0.0578125 0.04375 0.0859375 0.059375
3 0.1859375 0.05625 0.11875 0.075
3 0.325 0.0703125 0.1140625 0.090625
4 0.225 0.146875 0.0640625 0.078125
2 0.0296875 0.23515625 0.059375 0.0609375
2 0.4015625 0.23125 0.0546875 0.071875
5 0.1234375 0.35 0.0734375 0.0953125
5 0.321875 0.34375 0.06875 0.096875
6 0.0625 0.4875 0.0421875 0.0953125
1 0.2359375 0.5015625 0.09375 0.0421875
6 0.378125 0.46875 0.03125 0.103125
3 0.45546875 0.05859375 0.0328125 0.0765625
3 0.51875 0.03515625 0.06875 0.0703125
3 0.621875 0.03125 0.1 0.0625
4 0.55 0.1078125 0.028125 0.040625
4 0.4984375 0.1296875 0.0296875 0.05625
2 0.73125 0.1765625 0.05625 0.05
5 0.4953125 0.346875 0.0328125 0.0953125
5 0.6765625 0.3234375 0.0546875 0.084375
0 0.6078125 0.2171875 0.0359375 0.0375
1 0.5078125 0.465625 0.0390625 0.059375
5 0.9859375 0.3609375 0.028125 0.090625
2 0.09140625 0.63828125 0.0390625 0.0390625
3 0.45234375 0.7328125 0.0265625 0.046875
2 0.5296875 0.8609375 0.0625 0.053125