3 0.41796875 0.0140625 0.1140625 0.028125
4 0.31875 0.059375 0.0640625 0.078125
2 0.1171875 0.1484375 0.0734375 0.0609375
2 0.4953125 0.14375 0.0546875 0.071875
5 0.2171875 0.2625 0.0734375 0.0953125
5 0.415625 0.25625 0.06875 0.096875
3 0.89375 0.1421875 0.1390625 0.0390625
3 0.78125 0.1578125 0.0640625 0.0296875
5 0.928125 0.3140625 0.0375 0.03125
5 0.790625 0.32265625 0.034375 0.0140625
3 0.21171875 0.51953125 0.07109375 0.0375
2 0.26015625 0.62421875 0.0171875 0.02578125
2 0.1625 0.62421875 0.01484375 0.03203125
5 0.23359375 0.68515625 0.01796875 0.05
5 0.1859375 0.68359375 0.01875 0.04296875
3 0.72421875 0.49453125 0.01796875 0.0546875
3 0.796875 0.48203125 0.10546875 0.0546875
4 0.78359375 0.5796875 0.01953125 0.025
2 0.85078125 0.62578125 0.0125 0.03125
2 0.71953125 0.6046875 0.0171875 0.034375
5 0.815625 0.728125 0.028125 0.08359375
5 0.74375 0.71953125 0.01875 0.08515625
7 0.8265625 0.8046875 0.0109375 0.046875
7 0.73203125 0.7921875 0.01484375 0.040625
6 0.7171875 0.7890625 0.0109375 0.07109375