2 0.11015625 0.017453798767967144 0.0546875 0.03490759753593429
2 0.4359375 0.021560574948665298 0.025 0.043121149897330596
5 0.4015625 0.18480492813141683 0.046875 0.07186858316221766
5 0.1578125 0.2053388090349076 0.046875 0.057494866529774126
6 0.1109375 0.24229979466119098 0.025 0.09856262833675565
3 0.828125 0.20739219712525667 0.059375 0.06776180698151951
3 0.9171875 0.1806981519507187 0.0671875 0.045174537987679675
3 0.765625 0.20944558521560575 0.0515625 0.03285420944558522
5 0.934375 0.43737166324435317 0.0453125 0.06365503080082136
5 0.8 0.4517453798767967 0.040625 0.06365503080082136
7 0.94375 0.5071868583162218 0.034375 0.061601642710472276
1 0.8140625 0.5308008213552361 0.028125 0.03490759753593429
6 0.9703125 0.45585215605749485 0.0296875 0.07802874743326489
2 0.74375 0.35728952772073924 0.0296875 0.04722792607802875
4 0.834375 0.2669404517453799 0.0359375 0.039014373716632446
2 0.9578125 0.28952772073921973 0.028125 0.045174537987679675
5 0.1609375 0.7166324435318275 0.040625 0.07802874743326489
5 0.3296875 0.7125256673511293 0.0390625 0.08418891170431211
3 0.7859375 0.6242299794661191 0.0484375 0.039014373716632446
3 0.9359375 0.6303901437371663 0.0578125 0.028747433264887063
4 0.8921875 0.7063655030800822 0.0203125 0.04722792607802875
1 0.86796875 0.9917864476386037 0.0578125 0.01642710472279261