2 0.01328125 0.03403755868544601 0.0265625 0.05868544600938967
2 0.325 0.046948356807511735 0.025 0.0539906103286385
5 0.290625 0.2347417840375587 0.046875 0.08215962441314555
5 0.046875 0.25821596244131456 0.046875 0.06572769953051644
6 0.00625 0.3004694835680751 0.0125 0.11267605633802817
5 0.57578125 0.12323943661971831 0.0328125 0.07746478873239436
3 0.4140625 0.6197183098591549 0.10625 0.051643192488262914
3 0.73125 0.7230046948356808 0.05 0.06103286384976526
3 0.7859375 0.7089201877934272 0.0390625 0.07042253521126761
3 0.8359375 0.7276995305164319 0.05 0.051643192488262914
3 0.915625 0.7699530516431925 0.0390625 0.07511737089201878
3 0.878125 0.7488262910798122 0.0328125 0.08450704225352113
5 0.71484375 0.9906103286384976 0.0421875 0.018779342723004695