2 0.4703125 0.0328125 0.0375 0.065625
7 0.340625 0.3078125 0.0484375 0.090625
6 0.4171875 0.2921875 0.0375 0.0953125
2 0.521875 0.140625 0.059375 0.0578125
5 0.79375 0.23125 0.0625 0.065625
4 0.2265625 0.6171875 0.0546875 0.04375
5 0.29375 0.7359375 0.0390625 0.0546875
5 0.1828125 0.753125 0.03125 0.0625
7 0.1828125 0.825 0.0234375 0.040625
1 0.246875 0.8328125 0.0375 0.0203125
3 0.78828125 0.4921875 0.0828125 0.025
4 0.971875 0.53125 0.0328125 0.0484375
2 0.75 0.5984375 0.0484375 0.0625
6 0.7375 0.6828125 0.04375 0.075
5 0.8453125 0.7453125 0.0609375 0.0578125