2 0.071875 0.071875 0.0328125 0.06875
2 0.6109375 0.228125 0.0375 0.1
2 0.775 0.1734375 0.059375 0.0828125
3 0.678125 0.0390625 0.096875 0.0375
2 0.2703125 0.609375 0.053125 0.0453125
2 0.4765625 0.5609375 0.028125 0.0328125
5 0.3359375 0.6875 0.0359375 0.0515625
5 0.4890625 0.646875 0.040625 0.034375
3 0.3421875 0.4734375 0.0671875 0.0484375
4 0.8203125 0.58046875 0.0203125 0.046875
5 0.8453125 0.70859375 0.01484375 0.059375
5 0.80390625 0.7265625 0.01171875 0.0671875
7 0.80390625 0.8046875 0.00859375 0.04375
1 0.82734375 0.8125 0.0140625 0.021875