2 0.2796875 0.0546875 0.0421875 0.0484375
5 0.03125 0.1484375 0.0484375 0.0671875
5 0.190625 0.1375 0.05 0.0546875
7 0.209375 0.2140625 0.0390625 0.040625
7 0.01796875 0.22421875 0.0359375 0.0578125
1 0.0828125 0.303125 0.0296875 0.0515625
5 0.6578125 0.0703125 0.0703125 0.0765625
7 0.646875 0.1640625 0.034375 0.06875
6 0.859375 0.1140625 0.040625 0.1
8 0.7328125 0.08125 0.0578125 0.034375
5 0.3 0.715625 0.0546875 0.0625
5 0.1484375 0.7375 0.0296875 0.0734375
6 0.365625 0.75625 0.0484375 0.0796875
2 0.3625 0.628125 0.03125 0.0609375
2 0.084375 0.6515625 0.034375 0.0453125
3 0.2796875 0.5109375 0.0859375 0.034375
1 0.2390625 0.8265625 0.0828125 0.0296875
1 0.3046875 0.80625 0.040625 0.053125
4 0.7328125 0.6640625 0.0375 0.0484375
3 0.625 0.640625 0.0625 0.0296875
3 0.6734375 0.609375 0.065625 0.0453125
3 0.8171875 0.621875 0.0609375 0.0359375
3 0.8171875 0.5890625 0.0703125 0.0546875
3 0.75 0.5984375 0.0625 0.059375
3 0.6203125 0.6 0.0453125 0.0515625
2 0.871875 0.7328125 0.0421875 0.0421875
2 0.5875 0.7421875 0.0453125 0.0375