3 0.28125 0.06086956521739131 0.0578125 0.06739130434782609
3 0.36875 0.05 0.059375 0.06521739130434782
4 0.3703125 0.12608695652173912 0.05625 0.058695652173913045
2 0.2328125 0.2565217391304348 0.025 0.0891304347826087
0 0.409375 0.30434782608695654 0.01875 0.05652173913043478
5 0.30234375 0.37717391304347825 0.0453125 0.08478260869565217
8 0.37265625 0.40869565217391307 0.0671875 0.021739130434782608
3 0.890625 0.15217391304347827 0.0625 0.08043478260869565
3 0.9546875 0.15869565217391304 0.040625 0.08043478260869565
3 0.99140625 0.1608695652173913 0.0171875 0.08260869565217391
4 0.959375 0.21739130434782608 0.015625 0.05
4 0.9265625 0.2108695652173913 0.015625 0.043478260869565216
2 0.828125 0.2673913043478261 0.0265625 0.04565217391304348
5 0.9734375 0.3695652173913043 0.0265625 0.06956521739130435
5 0.8765625 0.3760869565217391 0.0375 0.07608695652173914
6 0.534375 0.6739130434782609 0.03125 0.10869565217391304
7 0.5921875 0.7456521739130435 0.03125 0.14347826086956522
7 0.9671875 0.8043478260869565 0.034375 0.10217391304347827