3 0.46875 0.0359375 0.0578125 0.0484375
3 0.54765625 0.028125 0.0421875 0.046875
4 0.54921875 0.08203125 0.0390625 0.0421875
2 0.4203125 0.1765625 0.025 0.0640625
5 0.490625 0.2640625 0.0453125 0.0609375
7 0.475 0.3578125 0.028125 0.0546875
1 0.5234375 0.4203125 0.03125 0.0484375
1 0.5609375 0.40234375 0.015625 0.0296875
8 0.54765625 0.29453125 0.0421875 0.0328125
6 0.4296875 0.3171875 0.0234375 0.040625
2 0.734375 0.09375 0.05625 0.05
5 0.6796875 0.240625 0.0546875 0.084375
0 0.6109375 0.134375 0.0359375 0.0375
5 0.9875 0.278125 0.025 0.090625
5 0.3359375 0.5796875 0.0609375 0.0734375
5 0.1625 0.584375 0.034375 0.0609375
2 0.78203125 0.503125 0.0640625 0.028125
5 0.7109375 0.6609375 0.0765625 0.0671875