2 0.2015625 0.1640625 0.0265625 0.0375
6 0.165625 0.2578125 0.025 0.0734375
5 0.22109375 0.225 0.0359375 0.01875
3 0.6453125 0.1609375 0.0578125 0.053125
3 0.74375 0.1453125 0.04375 0.0359375
3 0.803125 0.1109375 0.053125 0.0296875
3 0.6953125 0.14375 0.0421875 0.0578125
2 0.6359375 0.26875 0.0515625 0.046875
2 0.853125 0.2234375 0.025 0.0375
5 0.725 0.3578125 0.040625 0.08125
5 0.8640625 0.3328125 0.0484375 0.0609375
1 0.8265625 0.4515625 0.0546875 0.0234375
6 0.6390625 0.3390625 0.03125 0.0453125