3 0.3984375 0.12453531598513011 0.1390625 0.027881040892193308
4 0.384375 0.19516728624535315 0.01875 0.04275092936802974
6 0.4984375 0.36988847583643125 0.025 0.10223048327137546
6 0.3109375 0.3587360594795539 0.0265625 0.05947955390334572
3 0.57265625 0.14033457249070633 0.0859375 0.06133828996282528
3 0.703125 0.12825278810408922 0.13125 0.09665427509293681
3 0.221875 0.5185873605947955 0.0625 0.07063197026022305
3 0.1671875 0.5353159851301115 0.040625 0.046468401486988845
3 0.16953125 0.48234200743494426 0.0265625 0.027881040892193308
3 0.25625 0.5892193308550185 0.0359375 0.04460966542750929
2 0.271875 0.6691449814126395 0.046875 0.05947955390334572
6 0.290625 0.7788104089219331 0.0390625 0.06691449814126393
6 0.334375 0.8382899628252788 0.0375 0.06133828996282528
6 0.328125 0.724907063197026 0.05 0.05390334572490706
6 0.2765625 0.9730483271375465 0.028125 0.05390334572490706
6 0.4265625 0.9674721189591078 0.05 0.06505576208178439
1 0.2296875 0.9609665427509294 0.0484375 0.05947955390334572
8 0.18125 0.8810408921933085 0.0359375 0.046468401486988845
0 0.1609375 0.7304832713754646 0.0453125 0.04460966542750929
3 0.6015625 0.6840148698884758 0.0625 0.027881040892193308
3 0.6 0.7211895910780669 0.065625 0.031598513011152414
3 0.6640625 0.6970260223048327 0.0453125 0.07806691449814127
3 0.728125 0.6765799256505576 0.06875 0.05390334572490706
4 0.659375 0.7732342007434945 0.040625 0.05204460966542751