3 0.44375 0.04140625 0.028125 0.0765625
3 0.5046875 0.0265625 0.06875 0.053125
3 0.6078125 0.02265625 0.1 0.0453125
4 0.5359375 0.090625 0.028125 0.040625
4 0.484375 0.1125 0.0296875 0.05625
2 0.7171875 0.159375 0.05625 0.05
5 0.48125 0.3296875 0.0328125 0.0953125
5 0.6625 0.30625 0.0546875 0.084375
0 0.59375 0.2 0.0359375 0.0375
1 0.49375 0.4484375 0.0390625 0.059375
5 0.97890625 0.34375 0.0421875 0.090625
3 0.234375 0.70625 0.0875 0.028125
3 0.325 0.6625 0.096875 0.046875
2 0.41796875 0.790625 0.0234375 0.053125
3 0.596875 0.803125 0.0375 0.0453125
3 0.615625 0.765625 0.0765625 0.0359375
3 0.75 0.7890625 0.0921875 0.05
3 0.628125 0.7375 0.084375 0.040625
4 0.6578125 0.834375 0.034375 0.0453125
4 0.6796875 0.809375 0.025 0.0578125
4 0.678125 0.85625 0.05625 0.0359375
2 0.81875 0.9015625 0.0390625 0.05625
6 0.809375 0.9796875 0.046875 0.040625
6 0.5125 0.93125 0.0296875 0.053125
2 0.540625 0.8625 0.0484375 0.05
5 0.73671875 0.9828125 0.0390625 0.034375
5 0.56875 0.9625 0.046875 0.0390625