3 0.459375 0.0828125 0.0625 0.0359375
4 0.4140625 0.1484375 0.059375 0.0421875
2 0.2953125 0.20625 0.0328125 0.0484375
5 0.4609375 0.28125 0.0328125 0.059375
5 0.353125 0.2765625 0.0515625 0.053125
4 0.77578125 0.20703125 0.01875 0.05234375
5 0.80390625 0.34296875 0.0109375 0.04140625
5 0.753125 0.32890625 0.0171875 0.05546875
3 0.390625 0.64375 0.04375 0.03125
2 0.2296875 0.7390625 0.0328125 0.0484375
6 0.2421875 0.84375 0.03125 0.071875
5 0.2640625 0.8359375 0.025 0.0453125
5 0.4125 0.8296875 0.0234375 0.053125
3 0.31875 0.6296875 0.0640625 0.028125
2 0.98515625 0.584375 0.0296875 0.03125