4 0.509375 0.0125 0.059375 0.025
2 0.390625 0.0625 0.0328125 0.0484375
5 0.54921875 0.1375 0.0203125 0.059375
5 0.4484375 0.1328125 0.0515625 0.053125
3 0.5921875 0.09375 0.065625 0.04375
5 0.596875 0.259375 0.0421875 0.0515625
2 0.659375 0.1921875 0.0359375 0.0328125
3 0.34140625 0.440625 0.1890625 0.04375
3 0.68125 0.490625 0.0640625 0.0484375
3 0.8203125 0.4890625 0.0953125 0.046875
4 0.765625 0.5109375 0.0359375 0.0546875
4 0.721875 0.5203125 0.0296875 0.05
3 0.84296875 0.4359375 0.0765625 0.034375
3 0.746875 0.43203125 0.0875 0.0265625
2 0.57421875 0.5859375 0.0296875 0.05625
2 0.8984375 0.5890625 0.040625 0.0625
5 0.671875 0.709375 0.040625 0.0890625