4 0.35625 0.0702576112412178 0.015625 0.09133489461358314
2 0.46875 0.16627634660421545 0.0328125 0.0585480093676815
2 0.25625 0.16393442622950818 0.025 0.0468384074941452
5 0.4046875 0.25995316159250587 0.04375 0.07728337236533958
5 0.303125 0.26697892271662765 0.046875 0.07494145199063232
6 0.4390625 0.3793911007025761 0.0359375 0.10304449648711944
7 0.2796875 0.36065573770491804 0.025 0.06088992974238876
3 0.4359375 0.02224824355971897 0.0375 0.04449648711943794
5 0.8265625 0.00702576112412178 0.025 0.01405152224824356
4 0.2984375 0.8430913348946136 0.0546875 0.08899297423887588
2 0.43125 0.9484777517564403 0.0375 0.08196721311475409
2 0.1546875 0.9156908665105387 0.0484375 0.06791569086651054
0 0.2671875 0.9531615925058547 0.0328125 0.06323185011709602