5 0.3703125 0.1453125 0.0421875 0.0484375
5 0.1296875 0.14375 0.0328125 0.0609375
7 0.4046875 0.221875 0.025 0.05625
7 0.0890625 0.221875 0.040625 0.0390625
6 0.47109375 0.196875 0.0359375 0.090625
3 0.528125 0.05 0.0625 0.0390625
3 0.5921875 0.0546875 0.0484375 0.04375
3 0.653125 0.0265625 0.0421875 0.03125
3 0.7140625 0.0265625 0.0578125 0.03125
3 0.646875 0.0671875 0.0421875 0.0375
3 0.7015625 0.0625 0.053125 0.040625
3 0.52578125 0.08046875 0.0734375 0.0234375
4 0.6296875 0.10625 0.0359375 0.0421875
4 0.6 0.1078125 0.0234375 0.0453125
5 0.6921875 0.2390625 0.0421875 0.0484375
5 0.5546875 0.2390625 0.0375 0.0515625
1 0.603125 0.35625 0.046875 0.0234375
4 0.2625 0.38515625 0.028125 0.0328125
4 0.2109375 0.38984375 0.040625 0.0421875
4 0.3109375 0.38046875 0.040625 0.0234375
2 0.03125 0.5359375 0.0625 0.04375
5 0.4296875 0.6953125 0.103125 0.1078125
5 0.128125 0.7515625 0.0875 0.13125
7 0.4453125 0.80625 0.053125 0.05625
1 0.0984375 0.8875 0.0734375 0.078125
4 0.70234375 0.51328125 0.0171875 0.04296875
6 0.75234375 0.69765625 0.0109375 0.05625
2 0.6578125 0.584375 0.01015625 0.0328125