5 0.028125 0.1203125 0.0421875 0.0484375
7 0.0625 0.196875 0.025 0.05625
6 0.1296875 0.171875 0.0375 0.090625
4 0.784375 0.065625 0.0359375 0.0484375
2 0.6578125 0.1234375 0.0375 0.021875
2 0.9015625 0.109375 0.0265625 0.0359375
1 0.803125 0.3390625 0.065625 0.025
3 0.7890625 0.00390625 0.125 0.0078125
3 0.02265625 0.515625 0.0453125 0.0375
3 0.0828125 0.4703125 0.0703125 0.0796875
3 0.15625 0.4609375 0.0625 0.065625
3 0.771875 0.5125 0.0921875 0.071875
3 0.8984375 0.540625 0.06875 0.071875
4 0.81875 0.6078125 0.028125 0.084375
2 0.6484375 0.6703125 0.0515625 0.0734375
5 0.71875 0.784375 0.06875 0.0890625
5 0.865625 0.8234375 0.0359375 0.109375
7 0.6671875 0.9109375 0.040625 0.0734375
7 0.846875 0.946875 0.0359375 0.0875
1 0.7484375 0.9640625 0.0375 0.05625
1 0.775 0.890625 0.0640625 0.040625
3 0.6703125 0.53125 0.0546875 0.059375