4 0.48203125 0.103125 0.0140625 0.0625
3 0.41015625 0.0375 0.1046875 0.075
5 0.428125 0.3046875 0.0296875 0.075
1 0.47421875 0.465625 0.0296875 0.028125
3 0.98828125 0.05390625 0.0234375 0.0921875
3 0.9171875 0.0703125 0.071875 0.0828125
5 0.9625 0.396875 0.03125 0.0671875
3 0.134375 0.7796875 0.065625 0.0453125
3 0.253125 0.7765625 0.0578125 0.0578125
5 0.146875 0.9765625 0.0296875 0.046875
3 0.828125 0.74375 0.090625 0.0546875
3 0.7234375 0.765625 0.0953125 0.0546875
3 0.615625 0.7953125 0.1078125 0.0640625
2 0.89375 0.88125 0.0546875 0.065625
2 0.590625 0.9546875 0.0546875 0.046875
4 0.7078125 0.8515625 0.0359375 0.059375