3 0.3453125 0.034375 0.04375 0.0265625
2 0.4453125 0.1140625 0.0203125 0.0203125
2 0.2640625 0.1171875 0.0234375 0.0234375
5 0.3953125 0.178125 0.0390625 0.0484375
5 0.3140625 0.18125 0.028125 0.0359375
7 0.41875 0.24375 0.01875 0.0328125
7 0.30625 0.2484375 0.0171875 0.03125
4 0.3671875 0.0828125 0.0171875 0.025
3 0.48828125 0.17890625 0.0390625 0.0453125
3 0.546875 0.1734375 0.053125 0.0515625
3 0.60625 0.1734375 0.046875 0.0546875
3 0.6546875 0.1796875 0.0375 0.0609375
2 0.6734375 0.2859375 0.0328125 0.040625
3 0.45078125 0.715625 0.0359375 0.05
2 0.421875 0.828125 0.0390625 0.053125
6 0.434375 0.975 0.0265625 0.046875
4 0.815625 0.578125 0.028125 0.01875
2 0.6453125 0.6078125 0.0515625 0.0734375
5 0.715625 0.721875 0.06875 0.0890625
5 0.8625 0.7609375 0.0359375 0.109375
7 0.6640625 0.8484375 0.040625 0.0734375
7 0.84375 0.884375 0.0359375 0.0875
1 0.7453125 0.9015625 0.0375 0.05625
1 0.771875 0.828125 0.0640625 0.040625