3 0.0046875 0.07578125 0.009375 0.0265625
2 0.0875 0.15625 0.0203125 0.0203125
5 0.0375 0.2203125 0.0390625 0.0484375
7 0.0609375 0.2859375 0.01875 0.0328125
4 0.009375 0.125 0.0171875 0.025
5 0.725 0.01328125 0.040625 0.0265625
5 0.82265625 0.01171875 0.0328125 0.0234375
7 0.83125 0.0546875 0.028125 0.0296875
7 0.709375 0.065625 0.0234375 0.0390625
7 0.18515625 0.5328125 0.0578125 0.065625
7 0.46796875 0.53515625 0.0546875 0.0703125
1 0.4703125 0.628125 0.0421875 0.0875
1 0.3125 0.59375 0.1296875 0.0421875
1 0.196875 0.625 0.065625 0.09375
3 0.69921875 0.5171875 0.1171875 0.034375
3 0.80859375 0.521875 0.0640625 0.04375
3 0.696875 0.5671875 0.0625 0.0578125
4 0.65625 0.59375 0.046875 0.0671875
4 0.6453125 0.6328125 0.075 0.046875
5 0.759375 0.8203125 0.0609375 0.0734375
7 0.796875 0.925 0.0375 0.0859375