3 0.17421875 0.18203125 0.0265625 0.04765625
3 0.20234375 0.20078125 0.02578125 0.05078125
3 0.23203125 0.2171875 0.02421875 0.04453125
4 0.196875 0.25234375 0.0234375 0.03984375
2 0.26328125 0.3125 0.01328125 0.04765625
2 0.1390625 0.2984375 0.01484375 0.03515625
0 0.21328125 0.34921875 0.01953125 0.03984375
5 0.2265625 0.41015625 0.01328125 0.0609375
5 0.16484375 0.41484375 0.0109375 0.0640625
8 0.20859375 0.440625 0.01171875 0.03359375
8 0.18203125 0.440625 0.0140625 0.03359375
7 0.22734375 0.47890625 0.01171875 0.03359375
7 0.16796875 0.49609375 0.015625 0.03203125
1 0.22734375 0.5234375 0.01953125 0.03984375
1 0.18515625 0.50703125 0.0109375 0.03984375
6 0.26015625 0.3671875 0.0234375 0.04296875
6 0.14140625 0.3703125 0.01171875 0.04921875
3 0.69765625 0.171875 0.0296875 0.0234375
3 0.73359375 0.1921875 0.02109375 0.05234375
3 0.7765625 0.1890625 0.0390625 0.05859375
4 0.73671875 0.26484375 0.0171875 0.0234375
2 0.7984375 0.3 0.02734375 0.034375
2 0.67890625 0.28671875 0.01875 0.0359375
5 0.76640625 0.3453125 0.0203125 0.040625
5 0.70625 0.3375 0.02109375 0.0296875
4 0.3734375 0.959375 0.071875 0.065625
5 0.6015625 0.7734375 0.028125 0.0671875
5 0.7203125 0.784375 0.03125 0.0390625
1 0.7265625 0.865625 0.03125 0.03125
1 0.609375 0.8484375 0.0328125 0.0546875
1 0.65 0.8546875 0.0421875 0.028125