3 0.2296875 0.0328125 0.065625 0.046875
3 0.2984375 0.0515625 0.0625 0.05
3 0.371875 0.0671875 0.059375 0.04375
4 0.2859375 0.1015625 0.0578125 0.0390625
2 0.4453125 0.1609375 0.028125 0.046875
2 0.1453125 0.146875 0.0359375 0.034375
0 0.325 0.196875 0.046875 0.0390625
5 0.3578125 0.25625 0.0328125 0.059375
5 0.2078125 0.2609375 0.0265625 0.0625
8 0.3140625 0.2859375 0.028125 0.0328125
8 0.2484375 0.2859375 0.034375 0.0328125
7 0.3609375 0.3234375 0.028125 0.0328125
7 0.2140625 0.340625 0.0390625 0.03125
1 0.3609375 0.3671875 0.046875 0.0390625
1 0.2578125 0.3515625 0.0265625 0.0390625
6 0.43515625 0.21328125 0.0484375 0.0421875
6 0.15 0.2171875 0.028125 0.0484375
2 0.5609375 0.084375 0.071875 0.0859375
2 0.3234375 0.7546875 0.0390625 0.0578125
6 0.3359375 0.8265625 0.028125 0.05625
5 0.271875 0.853125 0.0265625 0.0578125
5 0.09375 0.8078125 0.0359375 0.0671875
2 0.0765625 0.7171875 0.025 0.0265625
3 0.275 0.634375 0.078125 0.0375
2 0.93125 0.5125 0.0421875 0.05
6 0.934375 0.6265625 0.028125 0.0609375
6 0.9109375 0.603125 0.0265625 0.065625