3 0.0203125 0.25703125 0.040625 0.0609375
3 0.1234375 0.2578125 0.090625 0.0734375
5 0.10625 0.4796875 0.040625 0.0515625
3 0.7625 0.2171875 0.0390625 0.040625
3 0.8359375 0.2078125 0.0671875 0.0390625
4 0.828125 0.259375 0.0265625 0.040625
3 0.8890625 0.228125 0.03125 0.0578125
5 0.7734375 0.3765625 0.0328125 0.059375
5 0.878125 0.3875 0.03125 0.0640625
7 0.7625 0.4421875 0.0203125 0.0421875
2 0.7265625 0.29375 0.0265625 0.0296875
2 0.9015625 0.309375 0.021875 0.03125
4 0.9890625 0.85390625 0.021875 0.0609375