3 0.203125 0.209375 0.1296875 0.0609375
3 0.35 0.209375 0.090625 0.0734375
2 0.1015625 0.34375 0.04375 0.05
6 0.1125 0.51640625 0.053125 0.0671875
5 0.3328125 0.43125 0.040625 0.0515625
5 0.1921875 0.4359375 0.034375 0.0640625
3 0.8453125 0.2171875 0.13125 0.0953125
4 0.8984375 0.3078125 0.040625 0.053125
3 0.9453125 0.246875 0.0546875 0.090625
2 0.6609375 0.3734375 0.06875 0.0515625
2 0.309375 0.696875 0.0375 0.0515625
5 0.3875 0.79375 0.025 0.075
7 0.3796875 0.9125 0.0328125 0.075
6 0.3359375 0.8625 0.0515625 0.0890625
3 0.646875 0.6796875 0.0359375 0.034375
3 0.6953125 0.6796875 0.0421875 0.0453125
3 0.734375 0.6890625 0.0234375 0.0359375
2 0.609375 0.7375 0.0234375 0.0296875
2 0.7484375 0.740625 0.0296875 0.028125
5 0.6375 0.7734375 0.03125 0.0390625
5 0.7203125 0.7765625 0.0375 0.0375
4 0.6859375 0.7359375 0.0234375 0.0359375