3 0.24375 0.0625 0.0890625 0.021875
3 0.2953125 0.0921875 0.05625 0.0203125
4 0.240625 0.14375 0.0375 0.053125
4 0.6171875 0.1234375 0.034375 0.040625
6 0.715625 0.2984375 0.021875 0.053125
2 0.5296875 0.190625 0.0203125 0.03125
2 0.0984375 0.6015625 0.046875 0.0484375
3 0.23046875 0.53671875 0.0921875 0.0359375
3 0.7828125 0.6375 0.08125 0.034375
3 0.703125 0.6109375 0.075 0.034375
3 0.946875 0.6828125 0.0859375 0.040625
5 0.89296875 0.9765625 0.0453125 0.046875
5 0.6859375 0.965625 0.053125 0.06875