3 0.2296875 0.0765625 0.0640625 0.04375
3 0.315625 0.0765625 0.078125 0.0484375
5 0.3015625 0.26875 0.0546875 0.0671875
3 0.6546875 0.00546875 0.115625 0.0109375
3 0.8390625 0.00625 0.096875 0.0125
4 0.78125 0.0546875 0.0390625 0.0546875
2 0.5734375 0.18046875 0.028125 0.0703125
2 0.928125 0.18125 0.046875 0.059375
6 0.5953125 0.2859375 0.0640625 0.0875
5 0.8984375 0.3421875 0.0578125 0.075
3 0.4640625 0.44921875 0.190625 0.0453125
4 0.4140625 0.5265625 0.0296875 0.0375
2 0.271875 0.571875 0.040625 0.0390625
5 0.340625 0.6890625 0.0515625 0.0828125
5 0.515625 0.70625 0.046875 0.084375
3 0.4546875 0.409375 0.1625 0.01875
3 0.93125 0.4828125 0.0453125 0.040625
4 0.96875 0.53125 0.028125 0.05625
5 0.90625 0.69375 0.028125 0.059375
1 0.98125 0.80390625 0.0375 0.0484375