3 0.2875 0.1859375 0.06640625 0.0265625
3 0.37734375 0.1859375 0.08125 0.02890625
5 0.3625 0.30078125 0.05703125 0.040625
2 0.83984375 0.2234375 0.01328125 0.05703125
5 0.84921875 0.36171875 0.0140625 0.07421875
1 0.8515625 0.44609375 0.0140625 0.034375
1 0.87109375 0.4625 0.0140625 0.040625
4 0.88125 0.215625 0.0125 0.02578125
4 0.88125 0.1765625 0.0078125 0.04375
4 0.89296875 0.1671875 0.00625 0.0484375
3 0.8546875 0.10078125 0.01328125 0.05703125
6 0.83984375 0.28359375 0.01328125 0.0375
2 0.4703125 0.621875 0.0359375 0.0359375
5 0.4265625 0.734375 0.0484375 0.0453125
3 0.78671875 0.6109375 0.0515625 0.021875