3 0.2875 0.17578125 0.06640625 0.025
3 0.37734375 0.17578125 0.08125 0.02734375
5 0.3625 0.28515625 0.05703125 0.03828125
3 0.740625 0.0640625 0.0859375 0.0390625
3 0.8328125 0.04375 0.071875 0.05
3 0.834375 0.08125 0.0703125 0.0421875
4 0.721875 0.1328125 0.0359375 0.0671875
2 0.8828125 0.20625 0.040625 0.034375
3 0.159375 0.578125 0.05625 0.01875
3 0.21875 0.58125 0.053125 0.025
2 0.071875 0.715625 0.040625 0.0609375
5 0.140625 0.784375 0.034375 0.0609375
3 0.1734375 0.6203125 0.0484375 0.0296875
2 0.3078125 0.675 0.0265625 0.0421875
3 0.8078125 0.725 0.090625 0.0546875
3 0.71953125 0.74609375 0.0609375 0.0546875
5 0.840625 0.98359375 0.059375 0.0328125
2 0.8734375 0.8625 0.0546875 0.065625
4 0.696875 0.8328125 0.015625 0.059375