4 0.621875 0.09166666666666666 0.0234375 0.06458333333333334
2 0.70625 0.2375 0.0265625 0.05416666666666667
5 0.6421875 0.3333333333333333 0.034375 0.09583333333333334
5 0.51953125 0.2677083333333333 0.0390625 0.08541666666666667
7 0.6359375 0.44375 0.021875 0.07083333333333333
3 0.5234375 0.06354166666666666 0.046875 0.04375
4 0.625 0.14166666666666666 0.025 0.04583333333333333
3 0.6796875 0.12916666666666668 0.0203125 0.03958333333333333
3 0.3796875 0.8041666666666667 0.05 0.06458333333333334
3 0.428125 0.8020833333333334 0.0484375 0.06458333333333334
3 0.48125 0.775 0.0375 0.05
2 0.546875 0.6479166666666667 0.059375 0.06875
2 0.915625 0.5645833333333333 0.065625 0.029166666666666667
5 0.884375 0.725 0.08125 0.0875
5 0.640625 0.7729166666666667 0.025 0.08125
6 0.590625 0.9 0.0359375 0.08958333333333333
6 0.959375 0.7770833333333333 0.03125 0.08958333333333333