5 0.1546875 0.010158013544018058 0.034375 0.020316027088036117
2 0.6953125 0.03611738148984198 0.0203125 0.04740406320541761
2 0.9203125 0.07900677200902935 0.034375 0.06772009029345373
5 0.875 0.2234762979683973 0.0421875 0.0835214446952596
5 0.7171875 0.2054176072234763 0.0484375 0.09255079006772009
6 0.6875 0.3611738148984199 0.0265625 0.06772009029345373
3 0.25859375 0.48306997742663654 0.0890625 0.02708803611738149
3 0.3109375 0.5237020316027088 0.05625 0.029345372460496615
4 0.25625 0.5981941309255079 0.0375 0.07674943566591422
2 0.690625 0.7155756207674944 0.05 0.0654627539503386
3 0.990625 0.5440180586907449 0.01875 0.06772009029345373
3 0.78203125 0.49774266365688485 0.0921875 0.056433408577878104
3 0.91953125 0.4887133182844244 0.0890625 0.03837471783295711
4 0.8796875 0.6275395033860045 0.0359375 0.04966139954853273
4 0.928125 0.6388261851015802 0.021875 0.040632054176072234
5 0.78125 0.9514672686230248 0.046875 0.09706546275395034
5 0.9765625 0.9740406320541761 0.040625 0.05191873589164785