3 0.4421875 0.05625 0.05625 0.0328125
3 0.509375 0.065625 0.0625 0.0421875
2 0.54375 0.1671875 0.01875 0.034375
2 0.3875 0.153125 0.021875 0.034375
5 0.50625 0.196875 0.034375 0.0359375
5 0.41875 0.1875 0.0296875 0.0265625
4 0.465625 0.11875 0.0234375 0.03125
6 0.8796875 0.1921875 0.034375 0.1140625
2 0.85703125 0.015625 0.0671875 0.03125
3 0.275 0.434375 0.034375 0.0265625
3 0.3375 0.43125 0.0625 0.04375
3 0.4125 0.45 0.0375 0.05
4 0.334375 0.5046875 0.021875 0.0421875
4 0.29375 0.509375 0.021875 0.0359375
5 0.3609375 0.665625 0.0296875 0.0671875
5 0.2140625 0.621875 0.0625 0.0578125
2 0.1671875 0.521875 0.0390625 0.0390625
5 0.58828125 0.63671875 0.0578125 0.0953125