3 0.3109375 0.021875 0.05625 0.0328125
3 0.378125 0.03125 0.0625 0.0421875
2 0.4125 0.1328125 0.01875 0.034375
2 0.25625 0.11875 0.021875 0.034375
5 0.375 0.1625 0.034375 0.0359375
5 0.2875 0.153125 0.0296875 0.0265625
4 0.334375 0.084375 0.0234375 0.03125
2 0.8640625 0.025 0.0390625 0.034375
2 0.6609375 0.0640625 0.01875 0.021875
5 0.878125 0.1359375 0.059375 0.096875
5 0.6859375 0.159375 0.0234375 0.0640625
2 0.2890625 0.70625 0.01640625 0.0625
6 0.29375 0.784375 0.01171875 0.0609375
5 0.26640625 0.81328125 0.01171875 0.0625
5 0.18984375 0.7640625 0.015625 0.07265625
2 0.1828125 0.665625 0.0109375 0.02890625
3 0.26796875 0.57578125 0.03359375 0.040625