5 0.3765625 0.0390625 0.0578125 0.078125
1 0.2640625 0.1625 0.0578125 0.0296875
3 0.7109375 0.071875 0.0640625 0.0515625
3 0.775 0.0765625 0.046875 0.065625
3 0.834375 0.0796875 0.0578125 0.05
2 0.66875 0.1640625 0.0296875 0.034375
2 0.8640625 0.178125 0.0296875 0.0515625
5 0.825 0.28125 0.021875 0.053125
5 0.7140625 0.259375 0.0515625 0.0640625
1 0.7703125 0.3515625 0.04375 0.0296875
6 0.3671875 0.8078125 0.0203125 0.071875
5 0.3828125 0.809375 0.01875 0.0484375
3 0.446875 0.63046875 0.025 0.0265625
2 0.35625 0.7078125 0.025 0.034375
3 0.8640625 0.5140625 0.084375 0.0390625
4 0.8859375 0.5578125 0.0234375 0.0296875
3 0.9453125 0.5109375 0.05 0.025