2 0.2328125 0.1921875 0.0390625 0.0421875
2 0.4953125 0.225 0.0265625 0.04375
5 0.4484375 0.3234375 0.021875 0.03125
5 0.253125 0.31484375 0.028125 0.0484375
6 0.22265625 0.31328125 0.0203125 0.0515625
6 0.48515625 0.31484375 0.0171875 0.0484375
3 0.571875 0.01640625 0.040625 0.0328125
4 0.7390625 0.0828125 0.0546875 0.0453125
2 0.9390625 0.1 0.0453125 0.0703125
2 0.571875 0.134375 0.046875 0.065625
7 0.62734375 0.30859375 0.0390625 0.0609375
7 0.89921875 0.3140625 0.0296875 0.05
2 0.1328125 0.43125 0.0671875 0.0625
4 0.3375 0.43125 0.0390625 0.046875
5 0.3515625 0.6140625 0.0390625 0.075
5 0.565625 0.6546875 0.0375 0.053125