2 0.2203125 0.0734375 0.0265625 0.04375
5 0.1734375 0.1890625 0.021875 0.065625
6 0.2109375 0.171875 0.0171875 0.065625
3 0.684375 0.0203125 0.0875 0.0265625
3 0.6171875 0.03125 0.05 0.0328125
3 0.20390625 0.38203125 0.0609375 0.0453125
3 0.29609375 0.38125 0.0921875 0.04375
3 0.39296875 0.40078125 0.0640625 0.0828125
2 0.39375 0.4921875 0.0484375 0.0421875
5 0.31875 0.590625 0.053125 0.0703125
5 0.1921875 0.6 0.03125 0.046875
2 0.1703125 0.490625 0.01875 0.0390625
3 0.6109375 0.3890625 0.1015625 0.0421875
4 0.553125 0.459375 0.0234375 0.05
2 0.6765625 0.5421875 0.034375 0.05
5 0.6515625 0.6765625 0.0390625 0.0890625
7 0.6453125 0.753125 0.034375 0.046875
6 0.6875 0.7515625 0.0171875 0.0890625