2 0.14921875 0.19609375 0.01953125 0.0375
2 0.31875 0.19765625 0.01484375 0.046875
6 0.31015625 0.4 0.01171875 0.07734375
6 0.16171875 0.41015625 0.01875 0.0828125
3 0.884375 0.2421875 0.11875 0.0375
3 0.85625 0.1828125 0.0859375 0.04375
2 0.68125 0.35 0.11875 0.0734375
6 0.69375 0.5703125 0.059375 0.078125
3 0.03203125 0.61640625 0.0640625 0.0140625
3 0.1046875 0.61640625 0.05625 0.0140625
2 0.003125 0.7 0.00625 0.03125
2 0.2296875 0.6546875 0.0359375 0.034375
7 0.70625 0.821875 0.0296875 0.0375