2 0.2765625 0.18309859154929578 0.0421875 0.051643192488262914
2 0.546875 0.3075117370892019 0.0390625 0.06338028169014084
2 0.80859375 0.35093896713615025 0.0265625 0.0539906103286385
3 0.1484375 0.4624413145539906 0.034375 0.03286384976525822
3 0.19375 0.4413145539906103 0.0484375 0.03286384976525822
4 0.15625 0.5046948356807511 0.0171875 0.046948356807511735
2 0.2296875 0.539906103286385 0.028125 0.03051643192488263
5 0.1875 0.636150234741784 0.03125 0.07042253521126761
3 0.234375 0.43896713615023475 0.021875 0.035211267605633804
3 0.653125 0.41901408450704225 0.078125 0.08215962441314555
3 0.74375 0.4272300469483568 0.08125 0.09859154929577464
5 0.64375 0.7300469483568075 0.0390625 0.09389671361502347
5 0.740625 0.7276995305164319 0.028125 0.06103286384976526