2 0.284375 0.0546875 0.096875 0.084375
0 0.0703125 0.0640625 0.0453125 0.05
2 0.5484375 0.015625 0.06875 0.03125
2 0.89375 0.01953125 0.046875 0.0390625
5 0.65625 0.0671875 0.06875 0.075
5 0.821875 0.0734375 0.0375 0.0890625
6 0.89375 0.1734375 0.034375 0.1265625
6 0.596875 0.2546875 0.059375 0.1234375
5 0.29375 0.628125 0.0625 0.103125
5 0.1390625 0.628125 0.053125 0.0953125
7 0.10625 0.70625 0.05625 0.090625
7 0.34375 0.6625 0.034375 0.0421875
3 0.7390625 0.6296875 0.0671875 0.034375
3 0.8203125 0.65625 0.075 0.0359375
3 0.8953125 0.659375 0.059375 0.0421875
2 0.9234375 0.7578125 0.0375 0.0390625
2 0.68125 0.7390625 0.0390625 0.0390625
5 0.8703125 0.828125 0.0328125 0.0390625
5 0.740625 0.8265625 0.0453125 0.0359375