3 0.43828125 0.11953125 0.0609375 0.0484375
2 0.371875 0.246875 0.0296875 0.0375
5 0.41875 0.3140625 0.046875 0.065625
7 0.415625 0.378125 0.0234375 0.040625
3 0.6171875 0.025 0.065625 0.046875
3 0.6859375 0.04375 0.0625 0.05
3 0.759375 0.059375 0.059375 0.04375
4 0.6734375 0.09375 0.0578125 0.0390625
2 0.8359375 0.153125 0.0328125 0.046875
2 0.5328125 0.1390625 0.0359375 0.034375
0 0.7125 0.1890625 0.046875 0.0390625
5 0.7453125 0.2484375 0.0328125 0.059375
5 0.5953125 0.253125 0.0265625 0.0625
8 0.7015625 0.278125 0.028125 0.0328125
8 0.6359375 0.278125 0.034375 0.0328125
7 0.7484375 0.315625 0.028125 0.0328125
7 0.6015625 0.3328125 0.0390625 0.03125
1 0.7484375 0.359375 0.046875 0.0390625
1 0.6453125 0.34375 0.0265625 0.0390625
6 0.828125 0.20625 0.0578125 0.0421875
6 0.5375 0.209375 0.028125 0.0484375
4 0.5765625 0.5109375 0.0296875 0.0640625
2 0.809375 0.5953125 0.05 0.0734375
5 0.7328125 0.8 0.046875 0.075
4 0.4984375 0.4875 0.0203125 0.04375