3 0.1296875 0.0625 0.0875 0.0484375
4 0.1640625 0.11875 0.025 0.0359375
2 0.2828125 0.1859375 0.028125 0.0375
2 0.05 0.1890625 0.0296875 0.0375
5 0.246875 0.25625 0.053125 0.05625
5 0.096875 0.25625 0.046875 0.065625
7 0.25 0.325 0.0296875 0.0453125
6 0.2875 0.334375 0.0171875 0.0609375
7 0.09375 0.3203125 0.0234375 0.040625
3 0.7625 0.046875 0.08125 0.0359375
3 0.77265625 0.01171875 0.1046875 0.0234375
5 0.840625 0.31875 0.0515625 0.0765625
5 0.6390625 0.3203125 0.059375 0.090625
4 0.728125 0.121875 0.05 0.05625
4 0.7703125 0.1265625 0.0328125 0.053125
3 0.29296875 0.51953125 0.0546875 0.0203125
3 0.35546875 0.5234375 0.0546875 0.028125
2 0.60625 0.59375 0.0359375 0.0390625
4 0.45625 0.553125 0.040625 0.028125