4 0.1546875 0.1890625 0.0203125 0.0359375
2 0.0265625 0.2328125 0.0203125 0.0328125
2 0.2515625 0.2625 0.034375 0.046875
5 0.20625 0.3625 0.0421875 0.0578125
5 0.0484375 0.35 0.0484375 0.0640625
6 0.01875 0.4578125 0.0265625 0.046875
5 0.7421875 0.078125 0.053125 0.08125
5 0.8953125 0.0921875 0.0421875 0.0609375
6 0.6625 0.1203125 0.0609375 0.0765625
3 0.3 0.56875 0.040625 0.0375
2 0.3 0.6890625 0.046875 0.065625
7 0.35625 0.8796875 0.0390625 0.0921875
3 0.575 0.6125 0.065625 0.053125
3 0.721875 0.575 0.1078125 0.0390625
2 0.815625 0.684375 0.0421875 0.0609375
2 0.521875 0.778125 0.0640625 0.0484375
5 0.78125 0.80625 0.075 0.059375
5 0.609375 0.865625 0.05 0.078125
1 0.825 0.934375 0.046875 0.103125
1 0.64140625 0.98125 0.0671875 0.0375
7 0.8140625 0.871875 0.0328125 0.0578125
7 0.6125 0.9359375 0.03125 0.04375