4 0.4796875 0.16875 0.0203125 0.0359375
2 0.3515625 0.2125 0.0203125 0.0328125
2 0.5765625 0.2421875 0.034375 0.046875
5 0.53125 0.3421875 0.0421875 0.0578125
5 0.3734375 0.3296875 0.0484375 0.0640625
6 0.34375 0.4375 0.0265625 0.046875
3 0.834375 0.234375 0.0625 0.0390625
3 0.8984375 0.2390625 0.0484375 0.04375
3 0.959375 0.2109375 0.0421875 0.03125
3 0.953125 0.2515625 0.0421875 0.0375
3 0.990625 0.246875 0.01875 0.040625
3 0.83125 0.265625 0.075 0.0234375
4 0.9359375 0.290625 0.0359375 0.0421875
4 0.90625 0.2921875 0.0234375 0.0453125
5 0.98828125 0.42265625 0.0234375 0.0484375
5 0.8609375 0.4234375 0.0375 0.0515625
3 0.559375 0.5828125 0.1296875 0.0296875
2 0.38125 0.690625 0.0375 0.046875
5 0.4703125 0.7875 0.053125 0.0609375
5 0.61484375 0.79609375 0.0296875 0.0609375
2 0.6859375 0.6828125 0.034375 0.053125
2 0.9171875 0.6890625 0.0515625 0.05625
5 0.8515625 0.75625 0.0625 0.05
5 0.7140625 0.7546875 0.0453125 0.046875