4 0.35 0.1109375 0.0359375 0.0625
4 0.39375 0.09375 0.0359375 0.065625
3 0.2796875 0.0625 0.059375 0.04375
3 0.35625 0.025 0.05625 0.05
3 0.4640625 0.01875 0.096875 0.0375
2 0.60625 0.1359375 0.0578125 0.06875
2 0.2328125 0.2375 0.04375 0.0484375
5 0.525 0.2734375 0.0765625 0.0828125
5 0.3046875 0.3265625 0.040625 0.084375
6 0.646875 0.2484375 0.0609375 0.078125
0 0.4421875 0.20625 0.0359375 0.040625
4 0.50234375 0.51328125 0.02109375 0.0546875
4 0.53125 0.51875 0.01640625 0.0578125
3 0.5265625 0.42890625 0.04609375 0.0421875
2 0.3796875 0.56953125 0.02734375 0.053125
5 0.4234375 0.71796875 0.02890625 0.07421875
5 0.528125 0.753125 0.01484375 0.04609375
4 0.825 0.6453125 0.03125 0.0515625
4 0.7765625 0.6421875 0.05 0.046875
2 0.9546875 0.703125 0.053125 0.05
5 0.8796875 0.8015625 0.053125 0.06875
6 0.9359375 0.8734375 0.0390625 0.08125
6 0.96875 0.775 0.046875 0.0609375
3 0.921875 0.6265625 0.0578125 0.0359375