4 0.1390625 0.103125 0.0359375 0.0625
4 0.1828125 0.0859375 0.0359375 0.065625
3 0.06875 0.0546875 0.059375 0.04375
3 0.1453125 0.02109375 0.05625 0.0421875
3 0.253125 0.01484375 0.096875 0.0296875
2 0.3953125 0.128125 0.0578125 0.06875
2 0.021875 0.2296875 0.04375 0.0484375
5 0.3140625 0.265625 0.0765625 0.0828125
5 0.09375 0.303125 0.040625 0.053125
6 0.4359375 0.240625 0.0609375 0.078125
0 0.23125 0.1984375 0.0359375 0.040625
3 0.22578125 0.37265625 0.0609375 0.07265625
4 0.27265625 0.43515625 0.01875 0.09453125
2 0.15546875 0.64140625 0.046875 0.0890625
2 0.42578125 0.52265625 0.02734375 0.07421875
4 0.81484375 0.44921875 0.03203125 0.07421875
5 0.7875 0.69296875 0.01796875 0.12265625
5 0.8640625 0.66328125 0.02734375 0.11015625
2 0.890625 0.48828125 0.0125 0.028125
3 0.7640625 0.3578125 0.04609375 0.04453125
3 0.7640625 0.40390625 0.0296875 0.0390625
3 0.82578125 0.35390625 0.0265625 0.03359375