3 0.2734375 0.25586854460093894 0.071875 0.06103286384976526
3 0.3703125 0.23708920187793428 0.059375 0.056338028169014086
2 0.225 0.38497652582159625 0.034375 0.04929577464788732
2 0.425 0.33568075117370894 0.0203125 0.03755868544600939
5 0.296875 0.4624413145539906 0.021875 0.06103286384976526
5 0.3828125 0.4460093896713615 0.0265625 0.06103286384976526
3 0.77109375 0.009389671361502348 0.0609375 0.018779342723004695
3 0.778125 0.04460093896713615 0.05625 0.04225352112676056
3 0.8625 0.004694835680751174 0.090625 0.009389671361502348
5 0.3515625 0.8145539906103286 0.040625 0.12910798122065728
4 0.96875 0.8075117370892019 0.0234375 0.05868544600938967
4 0.9953125 0.812206572769953 0.009375 0.06103286384976526
2 0.8546875 0.8685446009389671 0.0296875 0.056338028169014086