3 0.0765625 0.140625 0.071875 0.040625
3 0.1734375 0.128125 0.059375 0.0375
2 0.028125 0.2265625 0.034375 0.0328125
2 0.228125 0.19375 0.0203125 0.025
5 0.1 0.278125 0.021875 0.040625
5 0.1859375 0.2671875 0.0265625 0.040625
3 0.86875 0.2890625 0.0765625 0.0421875
3 0.959375 0.2875 0.08125 0.0375
5 0.86328125 0.48984375 0.0515625 0.0390625
2 0.8078125 0.384375 0.0375 0.0296875
3 0.040625 0.75859375 0.08125 0.0484375
3 0.2734375 0.74375 0.1328125 0.0421875
4 0.121875 0.80625 0.0296875 0.0578125
4 0.1328125 0.840625 0.0625 0.034375
2 0.321875 0.8921875 0.040625 0.05
6 0.340625 0.96796875 0.053125 0.0640625
3 0.853125 0.53984375 0.065625 0.0609375
5 0.68125 0.8109375 0.04375 0.1171875
5 0.5234375 0.778125 0.028125 0.059375
7 0.6828125 0.9453125 0.053125 0.0921875