3 0.725 0.18958333333333333 0.0421875 0.03333333333333333
4 0.734375 0.2625 0.03125 0.058333333333333334
5 0.7765625 0.3541666666666667 0.0234375 0.04583333333333333
5 0.703125 0.3625 0.021875 0.06666666666666667
2 0.6578125 0.30416666666666664 0.0203125 0.035416666666666666
2 0.8203125 0.29375 0.0234375 0.03333333333333333
3 0.6890625 0.2 0.0359375 0.035416666666666666
3 0.37265625 0.65625 0.0328125 0.05416666666666667
5 0.3421875 0.9083333333333333 0.0359375 0.08541666666666667
4 0.50703125 0.5666666666666667 0.0359375 0.03333333333333333
2 0.59375 0.60625 0.025 0.06458333333333334
2 0.4125 0.6208333333333333 0.025 0.04791666666666667
5 0.4609375 0.7208333333333333 0.040625 0.07291666666666667
5 0.559375 0.725 0.025 0.0625
6 0.5875 0.74375 0.015625 0.07291666666666667
1 0.5390625 0.81875 0.0375 0.03958333333333333
1 0.4578125 0.8125 0.046875 0.05
6 0.4 0.7697916666666667 0.021875 0.07708333333333334