2 0.434375 0.04765625 0.05 0.0546875
2 0.68125 0.02421875 0.0375 0.0484375
5 0.528125 0.1234375 0.0359375 0.0625
5 0.65 0.1 0.046875 0.0546875
7 0.521875 0.2203125 0.0375 0.04375
7 0.6671875 0.1984375 0.028125 0.0609375
1 0.640625 0.2234375 0.0296875 0.040625
3 0.1734375 0.3375 0.02109375 0.02578125
3 0.20234375 0.32578125 0.0296875 0.02890625
3 0.225 0.29453125 0.02265625 0.04296875
2 0.12890625 0.49375 0.01328125 0.05
5 0.159375 0.5796875 0.02265625 0.06171875
7 0.234375 0.65859375 0.01171875 0.0546875
7 0.153125 0.6859375 0.0125 0.06484375
5 0.2328125 0.5859375 0.01171875 0.05859375
6 0.1265625 0.60546875 0.01796875 0.07890625
3 0.55 0.4421875 0.08125 0.09375
3 0.734375 0.4671875 0.140625 0.09375
2 0.803125 0.628125 0.0671875 0.0609375
2 0.4515625 0.571875 0.0421875 0.059375
5 0.6890625 0.7328125 0.0625 0.078125
5 0.5125 0.696875 0.0453125 0.053125