3 0.325 0.078125 0.10625 0.034375
4 0.7171875 0.0390625 0.03125 0.0625
2 0.8796875 0.121875 0.0375 0.04375
2 0.5640625 0.1109375 0.0421875 0.053125
5 0.8046875 0.2140625 0.0359375 0.0453125
4 0.2984375 0.5375 0.040625 0.0609375
5 0.36328125 0.73203125 0.0515625 0.1078125
5 0.2109375 0.7484375 0.0421875 0.078125
3 0.328125 0.46640625 0.121875 0.0328125
3 0.221875 0.4796875 0.059375 0.0453125
4 0.665625 0.7171875 0.028125 0.053125
4 0.7 0.725 0.028125 0.0578125
3 0.759375 0.678125 0.065625 0.0453125
3 0.5703125 0.665625 0.0515625 0.034375
3 0.7015625 0.6609375 0.0453125 0.053125
3 0.815625 0.6328125 0.046875 0.053125
3 0.6390625 0.659375 0.0515625 0.05
5 0.759375 0.9515625 0.0625 0.096875
5 0.60078125 0.95390625 0.0421875 0.0921875