3 0.796875 0.109375 0.0828125 0.0640625
3 0.8953125 0.09375 0.090625 0.0609375
3 0.97890625 0.09375 0.0421875 0.065625
4 0.9078125 0.171875 0.0359375 0.046875
3 0.06875 0.4078125 0.1078125 0.09375
3 0.2109375 0.4328125 0.115625 0.0953125
4 0.1265625 0.4953125 0.0234375 0.0390625
2 0.2671875 0.571875 0.046875 0.065625
2 0.00390625 0.525 0.0078125 0.04375
3 0.778125 0.2359375 0.0828125 0.0296875
3 0.784375 0.21015625 0.0875 0.0203125
4 0.890625 0.3296875 0.053125 0.096875
3 0.925 0.215625 0.096875 0.03125
2 0.684375 0.365625 0.053125 0.059375
6 0.6734375 0.578125 0.0515625 0.0609375