3 0.059375 0.01875 0.084375 0.0375
5 0.2625 0.25 0.1203125 0.0828125
2 0.2921875 0.0859375 0.059375 0.0515625
3 0.6359375 0.171875 0.0484375 0.0328125
3 0.559375 0.1703125 0.046875 0.021875
3 0.509375 0.1640625 0.01875 0.025
2 0.6765625 0.25625 0.03125 0.0453125
5 0.6234375 0.328125 0.0359375 0.046875
5 0.51328125 0.34609375 0.0265625 0.0609375
7 0.6484375 0.41875 0.0359375 0.0390625
7 0.5125 0.4125 0.025 0.046875
6 0.6875 0.390625 0.0234375 0.0515625
5 0.378125 0.71875 0.0890625 0.0671875
6 0.46796875 0.7921875 0.0640625 0.171875
5 0.55625 0.8171875 0.034375 0.075
2 0.61875 0.7546875 0.03125 0.0359375
7 0.5546875 0.9125 0.03125 0.0671875
4 0.5421875 0.6765625 0.0171875 0.0359375
4 0.5046875 0.6921875 0.009375 0.034375