3 0.15 0.0109375 0.084375 0.021875
5 0.353125 0.234375 0.1203125 0.0828125
2 0.3828125 0.0703125 0.059375 0.0515625
5 0.715625 0.384375 0.0546875 0.0453125
7 0.7421875 0.453125 0.0375 0.053125
6 0.7765625 0.4171875 0.0375 0.090625
2 0.746875 0.2578125 0.05 0.0515625
4 0.2625 0.6390625 0.028125 0.040625
5 0.346875 0.734375 0.0453125 0.04375
7 0.365625 0.78125 0.034375 0.05
5 0.246875 0.765625 0.040625 0.06875
7 0.2515625 0.81875 0.04375 0.0625
2 0.190625 0.709375 0.028125 0.05
3 0.2796875 0.6 0.1 0.0359375
3 0.8 0.6015625 0.05625 0.0390625
3 0.7421875 0.609375 0.034375 0.046875
3 0.6953125 0.6234375 0.040625 0.04375
3 0.8203125 0.58125 0.04375 0.0390625
5 0.65234375 0.859375 0.0265625 0.05
5 0.775 0.8703125 0.0546875 0.0578125
1 0.7578125 0.9484375 0.0375 0.0296875
1 0.684375 0.9453125 0.059375 0.03125
2 0.821875 0.746875 0.0296875 0.034375