5 0.2640625 0.03515625 0.090625 0.0703125
5 0.4265625 0.059375 0.03125 0.0828125
7 0.4109375 0.1390625 0.03125 0.05625
7 0.2421875 0.115625 0.0359375 0.0359375
1 0.3390625 0.1609375 0.065625 0.040625
6 0.1953125 0.1390625 0.0375 0.109375
6 0.1421875 0.1359375 0.0421875 0.0875
3 0.759375 0.0203125 0.0625 0.040625
3 0.6734375 0.078125 0.071875 0.0546875
2 0.85625 0.096875 0.05625 0.059375
6 0.9125 0.14375 0.046875 0.05625
6 0.93125 0.2265625 0.0390625 0.078125
3 0.3375 0.57421875 0.03984375 0.06015625
3 0.390625 0.60390625 0.040625 0.046875
7 0.30234375 0.8125 0.01328125 0.07578125
6 0.26015625 0.76875 0.02734375 0.103125
3 0.7859375 0.546875 0.02578125 0.04453125
4 0.80078125 0.59296875 0.0078125 0.0484375
3 0.80859375 0.53984375 0.015625 0.053125
3 0.828125 0.52265625 0.0171875 0.05
3 0.8328125 0.5671875 0.01875 0.04453125
3 0.84609375 0.5484375 0.01640625 0.04296875
5 0.7671875 0.75546875 0.0140625 0.0703125
5 0.821875 0.77578125 0.0125 0.0703125