6 0.49375 0.490625 0.03125 0.109375
6 0.44375 0.4875 0.0421875 0.0875
2 0.4984375 0.265625 0.021875 0.05625
2 0.53125 0.134375 0.04375 0.08125
4 0.7484375 0.0859375 0.03125 0.071875
3 0.81875 0.0640625 0.075 0.04375
3 0.6734375 0.021875 0.08125 0.040625
5 0.5984375 0.2765625 0.059375 0.078125
5 0.7875 0.3421875 0.03125 0.0875
6 0.51796875 0.440625 0.0171875 0.0625
4 0.69375 0.115625 0.05 0.0546875
3 0.03671875 0.571875 0.0546875 0.00625
3 0.0265625 0.59140625 0.053125 0.0234375
5 0.0421875 0.7609375 0.0375 0.0625
7 0.0546875 0.8609375 0.040625 0.053125
6 0.096875 0.7515625 0.0390625 0.0546875
2 0.0796875 0.6578125 0.03125 0.040625
5 0.8390625 0.79375 0.028125 0.0484375
5 0.7046875 0.7859375 0.0375 0.0453125
4 0.80625 0.6625 0.021875 0.053125
3 0.78828125 0.578125 0.0390625 0.01875
2 0.6625 0.6890625 0.034375 0.0453125