3 0.05625 0.165625 0.084375 0.0828125
5 0.059375 0.4203125 0.059375 0.078125
3 0.6796875 0.1125 0.071875 0.034375
3 0.7484375 0.1125 0.0484375 0.05
3 0.8203125 0.1078125 0.06875 0.028125
3 0.8078125 0.1375 0.0515625 0.025
5 0.24140625 0.83046875 0.0171875 0.1046875
7 0.22734375 0.9625 0.0453125 0.075
6 0.4453125 0.7578125 0.053125 0.065625
2 0.4640625 0.675 0.0421875 0.040625
4 0.659375 0.603125 0.03125 0.0421875
4 0.6171875 0.584375 0.025 0.040625
4 0.70625 0.6 0.0296875 0.0578125
3 0.66875 0.5421875 0.0296875 0.0625
3 0.771875 0.534375 0.0515625 0.034375
3 0.4859375 0.5859375 0.0390625 0.04375
3 0.5390625 0.521875 0.046875 0.034375