3 0.1421875 0.2515625 0.08125 0.08125
3 0.259375 0.246875 0.0828125 0.0578125
3 0.3625 0.253125 0.084375 0.0828125
4 0.2640625 0.325 0.0296875 0.0515625
5 0.365625 0.484375 0.059375 0.03125
3 0.596875 0.0296875 0.04375 0.053125
3 0.659375 0.109375 0.0375 0.05
5 0.60625 0.30625 0.046875 0.0578125
1 0.640625 0.4015625 0.0296875 0.0375
3 0.1046875 0.55 0.075 0.028125
3 0.209375 0.55625 0.096875 0.0375
3 0.3078125 0.565625 0.0765625 0.0328125
3 0.06875 0.58125 0.0609375 0.0265625
3 0.209375 0.5921875 0.071875 0.0265625
3 0.3140625 0.5984375 0.0703125 0.0296875
4 0.203125 0.6578125 0.046875 0.025
2 0.3515625 0.7046875 0.0390625 0.040625
2 0.05 0.69375 0.0484375 0.0421875
5 0.275 0.825 0.0578125 0.1015625
5 0.103125 0.8125 0.0671875 0.0875
6 0.05 0.8671875 0.021875 0.0640625
3 0.978125 0.50703125 0.04375 0.0140625