3 0.2125 0.0875 0.08125 0.08125
3 0.3296875 0.0828125 0.0828125 0.0578125
3 0.4328125 0.0890625 0.084375 0.0828125
4 0.334375 0.1609375 0.0296875 0.0515625
5 0.2609375 0.378125 0.0375 0.071875
5 0.4359375 0.34375 0.059375 0.078125
7 0.4609375 0.4421875 0.034375 0.0421875
7 0.240625 0.45 0.040625 0.0375
3 0.803125 0.075 0.103125 0.04375
4 0.7921875 0.1078125 0.034375 0.0203125
2 0.875 0.1625 0.0234375 0.0296875
2 0.7078125 0.134375 0.025 0.0359375
5 0.73125 0.184375 0.03125 0.021875
5 0.81875 0.2 0.0296875 0.0359375
2 0.165625 0.7390625 0.0375 0.0359375
2 0.421875 0.68125 0.04375 0.0453125
5 0.384375 0.7953125 0.05625 0.04375
5 0.246875 0.8 0.03125 0.0453125
4 0.2734375 0.6953125 0.04375 0.03125
3 0.346875 0.596875 0.0703125 0.034375
3 0.203125 0.659375 0.0546875 0.025
3 0.3734375 0.5671875 0.0703125 0.04375
2 0.7390625 0.8515625 0.0484375 0.0484375
5 0.9796875 0.92421875 0.040625 0.0734375
5 0.8 0.9515625 0.0578125 0.0734375