1 0.4640625 0.165625 0.06875 0.0515625
1 0.3203125 0.15625 0.046875 0.078125
1 0.390625 0.1875 0.0625 0.04375
6 0.17421875 0.02421875 0.0578125 0.0484375
5 0.6109375 0.2390625 0.04375 0.04375
7 0.59921875 0.3078125 0.0203125 0.05
3 0.2578125 0.58359375 0.03984375 0.04140625
4 0.28046875 0.62578125 0.01171875 0.04453125
3 0.29375 0.57734375 0.02421875 0.04921875
3 0.32421875 0.5609375 0.0265625 0.04609375
3 0.33046875 0.60234375 0.0296875 0.04140625
3 0.35078125 0.58515625 0.025 0.03984375
5 0.22890625 0.775 0.02109375 0.06484375
5 0.3140625 0.79375 0.01953125 0.06484375
2 0.6765625 0.6625 0.05625 0.05
5 0.634375 0.8140625 0.0625 0.084375