3 0.83125 0.059375 0.1046875 0.1046875
3 0.6078125 0.0546875 0.115625 0.084375
4 0.75 0.1734375 0.1 0.0625
3 0.721875 0.0734375 0.0359375 0.090625
5 0.6328125 0.4296875 0.075 0.1140625
5 0.8875 0.421875 0.0828125 0.1375
3 0.2203125 0.609375 0.059375 0.0234375
3 0.2234375 0.6328125 0.0671875 0.0265625
3 0.2953125 0.646875 0.0609375 0.0390625
3 0.2953125 0.6140625 0.0625 0.034375
3 0.3609375 0.63125 0.046875 0.03125
3 0.35625 0.6546875 0.0515625 0.0296875
4 0.2859375 0.7125 0.040625 0.0296875
2 0.1609375 0.721875 0.0375 0.04375
2 0.384375 0.7625 0.025 0.040625
5 0.3265625 0.8125 0.0296875 0.06875
5 0.2 0.7984375 0.0453125 0.0578125
5 0.55625 0.81171875 0.0125 0.0515625
5 0.7421875 0.815625 0.04375 0.0796875
1 0.55546875 0.97890625 0.0109375 0.0390625
1 0.7453125 0.9640625 0.0296875 0.0546875