3 0.0390625 0.09609375 0.078125 0.0609375
3 0.15625 0.1078125 0.084375 0.0578125
5 0.0234375 0.26796875 0.046875 0.0578125
5 0.153125 0.2765625 0.05 0.0625
3 0.9140625 0.125 0.0609375 0.040625
3 0.9203125 0.1625 0.05625 0.028125
3 0.9796875 0.125 0.040625 0.028125
3 0.315625 0.7296875 0.0328125 0.0625
3 0.3546875 0.70859375 0.028125 0.0484375
4 0.36171875 0.76484375 0.0140625 0.0484375
5 0.3390625 0.98515625 0.028125 0.0296875
5 0.590625 0.7296875 0.0609375 0.065625
5 0.459375 0.7609375 0.0375 0.078125
8 0.53125 0.7734375 0.0609375 0.0359375
7 0.621875 0.8109375 0.0421875 0.0375
7 0.459375 0.840625 0.04375 0.053125
1 0.5578125 0.853125 0.08125 0.046875