3 0.009375 0.128125 0.01875 0.034375
3 0.078125 0.103125 0.090625 0.03125
2 0.6125 0.0375 0.075 0.0546875
6 0.628125 0.2453125 0.0359375 0.109375
5 0.6734375 0.2078125 0.05 0.06875
1 0.7765625 0.2734375 0.059375 0.034375
1 0.871875 0.26875 0.04375 0.04375
2 0.9 0.01640625 0.034375 0.0328125
4 0.20625 0.5828125 0.009375 0.05546875
4 0.21875 0.5796875 0.0078125 0.0484375
3 0.21328125 0.52109375 0.025 0.025
5 0.2328125 0.7546875 0.0125 0.06171875
5 0.1890625 0.74765625 0.0125 0.06484375
3 0.1921875 0.53828125 0.01171875 0.0390625
3 0.70859375 0.59453125 0.04140625 0.0578125
3 0.7640625 0.62265625 0.0421875 0.04453125
7 0.67265625 0.82109375 0.0140625 0.071875
6 0.62890625 0.78046875 0.028125 0.0984375