3 0.396875 0.16015625 0.04375 0.0359375
5 0.3890625 0.30625 0.0546875 0.03125
2 0.765625 0.0421875 0.0546875 0.05625
5 0.6890625 0.153125 0.0671875 0.075
5 0.71171875 0.76953125 0.0203125 0.08046875
5 0.64609375 0.753125 0.03203125 0.0625
2 0.7484375 0.70234375 0.01796875 0.03828125
2 0.62109375 0.66015625 0.0203125 0.0265625
7 0.7109375 0.871875 0.01796875 0.07265625
7 0.634375 0.83515625 0.01796875 0.05234375
1 0.66875 0.86015625 0.034375 0.03046875
4 0.70390625 0.61875 0.01015625 0.03828125
4 0.678125 0.63515625 0.01328125 0.03671875