3 0.17578125 0.225 0.03359375 0.06875
3 0.246875 0.19765625 0.03203125 0.05859375
4 0.2046875 0.271875 0.01015625 0.0421875
4 0.21875 0.275 0.01171875 0.03828125
5 0.24453125 0.36875 0.02421875 0.03828125
5 0.18671875 0.41953125 0.02109375 0.06015625
7 0.27734375 0.4546875 0.01484375 0.0875
7 0.190625 0.4796875 0.01328125 0.0484375
2 0.16171875 0.3453125 0.015625 0.0453125
2 0.27890625 0.3015625 0.01484375 0.03828125
2 0.2546875 0.91875 0.0390625 0.0359375
2 0.4375 0.9171875 0.0265625 0.028125
5 0.3890625 0.971875 0.0359375 0.0359375
5 0.309375 0.9703125 0.03125 0.0421875