3 0.18125 0.1515625 0.121875 0.0625
5 0.353125 0.421875 0.0828125 0.0953125
5 0.1859375 0.3875 0.040625 0.0765625
6 0.1140625 0.46875 0.0265625 0.0953125
3 0.80859375 0.08203125 0.03046875 0.05546875
3 0.821875 0.14453125 0.02578125 0.0515625
3 0.85625 0.1796875 0.028125 0.05703125
3 0.8578125 0.13515625 0.0359375 0.04453125
3 0.89453125 0.19609375 0.0265625 0.06015625
3 0.8875 0.14765625 0.01640625 0.04296875
4 0.83203125 0.26328125 0.0140625 0.028125
5 0.79296875 0.37734375 0.015625 0.0515625
4 0.5265625 0.66640625 0.025 0.0546875
5 0.328125 0.9390625 0.0265625 0.09375
2 0.2984375 0.7078125 0.0375 0.0546875
3 0.9015625 0.7015625 0.196875 0.053125
2 0.753125 0.79375 0.05 0.05625
5 0.9765625 0.88203125 0.046875 0.0703125
5 0.834375 0.8734375 0.04375 0.0765625
7 0.796875 0.9796875 0.028125 0.040625