3 0.4515625 0.059375 0.121875 0.0625
5 0.45625 0.2953125 0.040625 0.0765625
6 0.384375 0.3765625 0.0265625 0.0953125
3 0.82109375 0.14609375 0.02578125 0.03046875
3 0.840625 0.1046875 0.02421875 0.04921875
3 0.86796875 0.10859375 0.0203125 0.0671875
3 0.89453125 0.12734375 0.01875 0.05546875
3 0.89140625 0.1796875 0.02421875 0.04609375
4 0.86484375 0.20703125 0.009375 0.04921875
4 0.85390625 0.19296875 0.009375 0.04453125
2 0.78984375 0.2359375 0.0171875 0.04453125
2 0.91328125 0.2734375 0.0109375 0.04921875
5 0.88671875 0.346875 0.0125 0.0828125
5 0.82109375 0.3375 0.015625 0.0828125
7 0.8890625 0.45390625 0.009375 0.05546875
7 0.8125 0.425 0.0125 0.05546875
4 0.365625 0.6984375 0.03125 0.0703125
4 0.31875 0.7046875 0.0390625 0.0515625
2 0.50625 0.8078125 0.05 0.0765625
2 0.1484375 0.7421875 0.0546875 0.0609375
5 0.41875 0.8875 0.084375 0.1125
5 0.2078125 0.8703125 0.0921875 0.0796875
6 0.128125 0.928125 0.0515625 0.090625
3 0.453125 0.6546875 0.0828125 0.0296875
3 0.2625 0.6296875 0.0875 0.040625
4 0.684375 0.565625 0.03125 0.0625
2 0.846875 0.6484375 0.0375 0.04375
5 0.771875 0.740625 0.0359375 0.0453125