3 0.2796875 0.0390625 0.121875 0.0625
5 0.4515625 0.309375 0.0828125 0.0953125
5 0.284375 0.275 0.040625 0.0765625
6 0.2125 0.35625 0.0265625 0.0953125
3 0.76875 0.2078125 0.03671875 0.0515625
2 0.71328125 0.3078125 0.00859375 0.03984375
2 0.7859375 0.315625 0.01171875 0.04609375
5 0.2296875 0.8234375 0.0515625 0.0796875
5 0.3984375 0.8265625 0.0328125 0.0734375
2 0.4375 0.7046875 0.040625 0.0515625
4 0.2984375 0.6546875 0.0578125 0.046875
5 0.7125 0.5859375 0.05625 0.053125
5 0.57578125 0.5875 0.0390625 0.05625