2 0.36875 0.2953125 0.0609375 0.0375
6 0.38671875 0.43515625 0.0390625 0.0890625
6 0.4203125 0.365625 0.0390625 0.059375
3 0.74296875 0.18984375 0.0484375 0.1078125
2 0.775 0.371875 0.053125 0.08125
5 0.4765625 0.525 0.04375 0.075
5 0.215625 0.565625 0.05625 0.08125
5 0.346875 0.7265625 0.1171875 0.040625
3 0.7375 0.59140625 0.0375 0.0390625
3 0.7984375 0.5875 0.0515625 0.0296875
2 0.84375 0.671875 0.0390625 0.0328125
5 0.803125 0.7578125 0.0515625 0.0484375
7 0.825 0.815625 0.0265625 0.0484375
1 0.7875 0.8421875 0.03125 0.0234375
6 0.8625 0.7328125 0.0265625 0.059375
4 0.73046875 0.63046875 0.0234375 0.0421875