3 0.59375 0.04918032786885246 0.1109375 0.09836065573770492
3 0.71875 0.04918032786885246 0.0875 0.09836065573770492
3 0.7921875 0.07259953161592506 0.046875 0.11007025761124122
2 0.54375 0.2505854800936768 0.0515625 0.09836065573770492
4 0.0265625 0.4238875878220141 0.009375 0.00936768149882904
4 0.009375 0.42271662763466045 0.015625 0.00702576112412178
2 0.06875 0.4449648711943794 0.0171875 0.0234192037470726
5 0.04375 0.49414519906323184 0.0171875 0.03278688524590164
6 0.0625 0.5292740046838408 0.0125 0.03981264637002342
6 0.0734375 0.48009367681498827 0.015625 0.03044496487119438
3 0.60625 0.550351288056206 0.0828125 0.09601873536299765
3 0.7046875 0.5269320843091335 0.090625 0.09133489461358314
3 0.809375 0.5269320843091335 0.084375 0.09836065573770492
4 0.7171875 0.6440281030444965 0.0359375 0.0702576112412178
2 0.871875 0.7283372365339579 0.0578125 0.05620608899297424
2 0.559375 0.775175644028103 0.0453125 0.0936768149882904
6 0.60859375 0.9332552693208431 0.0453125 0.13348946135831383
6 0.8640625 0.8571428571428571 0.053125 0.10070257611241218
6 0.871875 0.9707259953161592 0.021875 0.0585480093676815
5 0.8078125 0.9063231850117096 0.053125 0.08665105386416862
5 0.65234375 0.9648711943793911 0.0265625 0.0702576112412178