3 0.3078125 0.196875 0.1140625 0.065625
4 0.3875 0.2515625 0.0203125 0.0328125
2 0.2328125 0.328125 0.0421875 0.0265625
2 0.471875 0.0265625 0.05 0.053125
5 0.534375 0.153125 0.0609375 0.1015625
5 0.7046875 0.1796875 0.040625 0.109375
7 0.7015625 0.284375 0.0234375 0.059375
7 0.503125 0.2546875 0.0296875 0.05625
1 0.5453125 0.3046875 0.0328125 0.05
1 0.615625 0.3109375 0.0828125 0.034375
2 0.7921875 0.059375 0.0421875 0.0453125
3 0.2890625 0.596875 0.1109375 0.0359375
4 0.2859375 0.653125 0.0265625 0.046875
5 0.25 0.790625 0.0375 0.0921875
5 0.3796875 0.78515625 0.040625 0.0609375
3 0.19375 0.5921875 0.0515625 0.059375
3 0.6015625 0.7515625 0.134375 0.040625
3 0.7734375 0.7578125 0.1546875 0.0296875
4 0.6796875 0.81875 0.075 0.04375
2 0.4984375 0.8984375 0.04375 0.0296875