3 0.3953125 0.1484375 0.1140625 0.065625
3 0.5046875 0.14453125 0.06875 0.0609375
4 0.475 0.203125 0.0203125 0.0328125
2 0.3203125 0.2796875 0.0421875 0.0265625
6 0.7265625 0.03671875 0.05 0.0734375
2 0.2703125 0.784375 0.0390625 0.0359375
2 0.453125 0.7828125 0.0265625 0.028125
5 0.4046875 0.8375 0.0359375 0.0359375
5 0.325 0.8359375 0.03125 0.0421875
7 0.421875 0.8953125 0.03125 0.0625
7 0.315625 0.90625 0.0265625 0.0515625
4 0.896875 0.8453125 0.0640625 0.08125
5 0.8234375 0.98515625 0.071875 0.0296875