3 0.1546875 0.0953125 0.1078125 0.09375
3 0.296875 0.1203125 0.115625 0.0953125
4 0.2125 0.1828125 0.0234375 0.0390625
2 0.353125 0.259375 0.046875 0.065625
2 0.075 0.2125 0.0390625 0.04375
4 0.815625 0.32734375 0.053125 0.0640625
3 0.909375 0.2890625 0.084375 0.0328125
3 0.709375 0.303125 0.090625 0.0359375
3 0.828125 0.259375 0.1046875 0.0375
3 0.940625 0.2703125 0.0859375 0.0546875
3 0.1546875 0.53984375 0.046875 0.04140625
3 0.2125 0.49296875 0.06015625 0.04140625
5 0.18125 0.7984375 0.0109375 0.10859375
7 0.2671875 0.85546875 0.01796875 0.0609375
7 0.18984375 0.8984375 0.01015625 0.0625
1 0.2265625 0.8734375 0.0328125 0.0265625
3 0.9140625 0.5328125 0.059375 0.0515625
3 0.984375 0.5125 0.03125 0.034375
3 0.8515625 0.534375 0.0515625 0.025
5 0.8859375 0.71875 0.040625 0.0484375
1 0.9 0.7828125 0.028125 0.034375
2 0.8296875 0.646875 0.0296875 0.0359375
4 0.9203125 0.578125 0.0359375 0.0296875