3 0.434375 0.253125 0.1078125 0.09375
3 0.559375 0.27734375 0.08125 0.0953125
4 0.4921875 0.340625 0.0234375 0.0390625
2 0.3546875 0.3703125 0.0390625 0.04375
6 0.665625 0.2515625 0.0359375 0.0625
5 0.8765625 0.19375 0.0640625 0.0546875
5 0.7046875 0.2 0.040625 0.0640625
3 0.715625 0.015625 0.0671875 0.025
3 0.83984375 0.01640625 0.0859375 0.0328125
3 0.26875 0.73125 0.0921875 0.10625
2 0.10625 0.89375 0.0640625 0.084375
2 0.4984375 0.9390625 0.040625 0.0703125
3 0.4546875 0.771875 0.0734375 0.040625
3 0.734375 0.5015625 0.1203125 0.040625
3 0.7375 0.5640625 0.1203125 0.0703125
3 0.62578125 0.5453125 0.0515625 0.08125
4 0.6484375 0.6234375 0.0453125 0.05
2 0.8328125 0.684375 0.0546875 0.05625
5 0.75625 0.7953125 0.0671875 0.075