3 0.2765625 0.084375 0.1 0.078125
3 0.39375 0.1015625 0.059375 0.053125
2 0.15 0.196875 0.05 0.075
5 0.3984375 0.346875 0.065625 0.075
6 0.43125 0.43125 0.06875 0.0375
6 0.146875 0.39375 0.0375 0.1125
4 0.725 0.2875 0.0359375 0.0625
4 0.76875 0.2703125 0.0359375 0.065625
3 0.6546875 0.2390625 0.059375 0.04375
3 0.73125 0.196875 0.05625 0.059375
3 0.8390625 0.1953125 0.096875 0.0390625
2 0.97578125 0.3125 0.0484375 0.06875
2 0.6078125 0.4140625 0.04375 0.0484375
5 0.89921875 0.42890625 0.0765625 0.0421875
0 0.8171875 0.3828125 0.0359375 0.040625
3 0.3046875 0.6125 0.1109375 0.0359375
4 0.3015625 0.66875 0.0265625 0.046875
5 0.265625 0.80625 0.0375 0.0921875
5 0.3984375 0.8015625 0.0453125 0.0609375
3 0.209375 0.6078125 0.0515625 0.059375
5 0.8390625 0.621875 0.1203125 0.0765625
5 0.521875 0.728125 0.0578125 0.09375
6 0.98828125 0.78828125 0.0234375 0.1359375
7 0.940625 0.7078125 0.0546875 0.09375
1 0.925 0.8390625 0.0515625 0.084375