3 0.0453125 0.0796875 0.059375 0.053125
2 0.1453125 0.215625 0.053125 0.065625
5 0.05 0.325 0.065625 0.075
6 0.0828125 0.4390625 0.06875 0.096875
6 0.159375 0.43125 0.0515625 0.0984375
3 0.8 0.0046875 0.115625 0.009375
5 0.8796875 0.1515625 0.059375 0.05625
5 0.7796875 0.2015625 0.03125 0.0546875
7 0.803125 0.2484375 0.03125 0.0453125
7 0.921875 0.2265625 0.0328125 0.0640625
2 0.9125 0.0609375 0.0328125 0.0375
4 0.7875 0.0515625 0.03125 0.0453125
3 0.34921875 0.51015625 0.0796875 0.0203125
2 0.2578125 0.6421875 0.075 0.0546875
6 0.2734375 0.85 0.0359375 0.109375
5 0.31875 0.8125 0.05 0.06875
3 0.6203125 0.5125 0.090625 0.025
3 0.7390625 0.51875 0.0671875 0.0375