3 0.40859375 0.2859375 0.0421875 0.078125
2 0.3109375 0.3953125 0.05 0.06875
3 0.7515625 0.0140625 0.071875 0.028125
3 0.8484375 0.0671875 0.1890625 0.0546875
3 0.909375 0.121875 0.128125 0.0578125
3 0.990625 0.059375 0.01875 0.06875
4 0.825 0.15 0.0296875 0.0453125
4 0.8640625 0.1546875 0.0203125 0.0484375
2 0.6578125 0.2046875 0.05 0.059375
5 0.7203125 0.334375 0.0609375 0.1015625
5 0.890625 0.3609375 0.040625 0.109375
7 0.68828125 0.41875 0.0296875 0.021875
2 0.978125 0.240625 0.0421875 0.0453125
4 0.3546875 0.4859375 0.04375 0.0625
5 0.42265625 0.690625 0.0140625 0.103125
5 0.1875 0.678125 0.09375 0.103125
2 0.090625 0.5296875 0.08125 0.0375
3 0.75 0.60625 0.0578125 0.0390625
3 0.8203125 0.59375 0.05 0.040625
3 0.878125 0.5890625 0.0453125 0.0515625
2 0.70625 0.7078125 0.040625 0.0296875
2 0.9265625 0.7015625 0.03125 0.0328125
5 0.8765625 0.7796875 0.0328125 0.046875
5 0.7671875 0.7859375 0.0328125 0.053125