3 0.2421875 0.05625 0.0796875 0.0515625
3 0.353125 0.0453125 0.1109375 0.0484375
2 0.45625 0.16875 0.0328125 0.06875
2 0.1984375 0.1765625 0.0421875 0.0578125
7 0.415625 0.2921875 0.0296875 0.0765625
7 0.2390625 0.3078125 0.0125 0.0375
6 0.2171875 0.325 0.025 0.0875
6 0.184375 0.2828125 0.0265625 0.090625
6 0.446875 0.3375 0.0234375 0.0765625
6 0.4671875 0.2578125 0.034375 0.0625
5 0.5484375 0.18359375 0.0375 0.0578125
3 0.1125 0.5921875 0.0578125 0.040625
3 0.1734375 0.5796875 0.05 0.053125
3 0.2296875 0.578125 0.0421875 0.06875
3 0.2859375 0.565625 0.05625 0.05625
2 0.1296875 0.7390625 0.0453125 0.0515625
6 0.14375 0.9109375 0.04375 0.0734375
5 0.19375 0.8453125 0.0453125 0.0609375
3 0.7890625 0.5265625 0.078125 0.0328125
2 0.671875 0.6484375 0.05 0.0671875
6 0.63125 0.7546875 0.04375 0.0875
7 0.68125 0.846875 0.040625 0.1046875
5 0.9046875 0.78125 0.03125 0.078125
1 0.7296875 0.8828125 0.0359375 0.0578125