3 0.0765625 0.1640625 0.090625 0.0375
3 0.159375 0.1578125 0.0359375 0.0375
2 0.0421875 0.275 0.0546875 0.0578125
6 0.0546875 0.40625 0.046875 0.109375
7 0.109375 0.45 0.0328125 0.0765625
1 0.18828125 0.4703125 0.0640625 0.0375
5 0.2171875 0.3859375 0.0203125 0.0453125
5 0.1375 0.3609375 0.025 0.046875
8 0.16875 0.39375 0.025 0.0375
3 0.709375 0.2890625 0.1328125 0.0390625
5 0.01328125 0.58046875 0.0265625 0.0484375
3 0.2234375 0.5015625 0.034375 0.025
3 0.6578125 0.55625 0.0921875 0.10625
2 0.4953125 0.71875 0.0640625 0.084375
2 0.8875 0.7640625 0.040625 0.0703125
5 0.5671875 0.8609375 0.1296875 0.0734375
3 0.84375 0.596875 0.0734375 0.040625