4 0.190625 0.1234375 0.025 0.0546875
2 0.3234375 0.2015625 0.0375 0.0484375
2 0.04375 0.2 0.0375 0.040625
5 0.2515625 0.2921875 0.05 0.06875
5 0.1109375 0.30625 0.0375 0.0625
7 0.28125 0.4 0.0328125 0.05
7 0.1 0.3984375 0.040625 0.04375
1 0.196875 0.4125 0.0265625 0.0296875
6 0.303125 0.265625 0.028125 0.05
6 0.0671875 0.259375 0.028125 0.040625
6 0.05 0.371875 0.0328125 0.0609375
6 0.321875 0.375 0.01875 0.0671875
3 0.58984375 0.16328125 0.0609375 0.0453125
3 0.690625 0.1515625 0.096875 0.053125
4 0.6421875 0.2171875 0.0359375 0.025
2 0.7453125 0.259375 0.0375 0.0578125
5 0.5921875 0.3625 0.0359375 0.0625
5 0.7140625 0.3390625 0.046875 0.0546875
7 0.5859375 0.459375 0.0375 0.04375
7 0.73125 0.4375 0.028125 0.0609375
1 0.7046875 0.4625 0.0296875 0.040625
4 0.440625 0.665625 0.0625 0.0796875
5 0.3671875 0.8390625 0.0421875 0.0921875
3 0.584375 0.628125 0.040625 0.053125