4 0.359375 0.18359375 0.0546875 0.0375
2 0.5484375 0.22109375 0.0359375 0.028125
2 0.15859375 0.23046875 0.06015625 0.028125
5 0.465625 0.26875 0.096875 0.03125
5 0.2328125 0.27421875 0.084375 0.0359375
6 0.1921875 0.29453125 0.0515625 0.04453125
6 0.53203125 0.27421875 0.03046875 0.034375
3 0.77578125 0.01640625 0.0765625 0.0328125
3 0.871875 0.01484375 0.090625 0.0296875
5 0.771875 0.21875 0.0515625 0.05
2 0.715625 0.1078125 0.0375 0.0296875
2 0.959375 0.10625 0.0390625 0.0484375
3 0.24765625 0.59453125 0.03046875 0.04296875
4 0.25078125 0.628125 0.01640625 0.02578125
5 0.296875 0.74765625 0.0375 0.05703125
3 0.2875 0.56640625 0.0375 0.0203125
3 0.72109375 0.56796875 0.0640625 0.0453125
3 0.8421875 0.59375 0.1375 0.0609375
3 0.98984375 0.534375 0.0203125 0.040625
4 0.8703125 0.6890625 0.04375 0.0625
5 0.965625 0.89375 0.06875 0.103125
5 0.71953125 0.88125 0.0609375 0.103125