4 0.2765625 0.2265625 0.053125 0.0875
2 0.459375 0.3140625 0.034375 0.065625
2 0.0828125 0.3359375 0.0578125 0.065625
5 0.3796875 0.425 0.09375 0.0734375
5 0.1546875 0.4375 0.08125 0.084375
6 0.115625 0.46171875 0.05 0.0546875
6 0.44375 0.4390625 0.0296875 0.0796875
4 0.9875 0.084375 0.025 0.0640625
5 0.7890625 0.3609375 0.0265625 0.09375
2 0.759375 0.1296875 0.0375 0.0546875
3 0.2203125 0.5375 0.0890625 0.034375
3 0.321875 0.55 0.0734375 0.0375
5 0.165625 0.765625 0.0453125 0.0625
6 0.0984375 0.8546875 0.025 0.0515625
2 0.5765625 0.6328125 0.03125 0.03125
2 0.8421875 0.6078125 0.028125 0.03125
6 0.8265625 0.7625 0.03125 0.0671875
6 0.603125 0.7859375 0.046875 0.0640625
8 0.7046875 0.734375 0.0671875 0.0234375