2 0.2609375 0.27291666666666664 0.03125 0.07708333333333334
5 0.1921875 0.4 0.053125 0.10208333333333333
5 0.04375 0.40208333333333335 0.028125 0.07083333333333333
8 0.1109375 0.4583333333333333 0.0765625 0.04791666666666667
7 0.0109375 0.525 0.021875 0.05
7 0.20625 0.51875 0.028125 0.0625
6 0.00625 0.4583333333333333 0.0125 0.0625
6 0.234375 0.44166666666666665 0.0234375 0.07708333333333334
4 0.109375 0.22291666666666668 0.0359375 0.041666666666666664
3 0.109375 0.07708333333333334 0.0734375 0.022916666666666665
3 0.79453125 0.011458333333333333 0.0921875 0.022916666666666665
3 0.65703125 0.015625 0.1015625 0.03125
3 0.1796875 0.7104166666666667 0.121875 0.08333333333333333
5 0.184375 0.9864583333333333 0.040625 0.027083333333333334
5 0.6359375 0.86875 0.0609375 0.0875
5 0.5046875 0.9104166666666667 0.0375 0.10416666666666667
8 0.5765625 0.9270833333333334 0.0609375 0.04791666666666667
7 0.66640625 0.9760416666666667 0.0421875 0.04791666666666667
7 0.5046875 0.990625 0.04375 0.01875