2 0.1765625 0.215625 0.03125 0.0578125
4 0.025 0.178125 0.0359375 0.03125
3 0.03046875 0.06796875 0.0609375 0.0171875
3 0.0390625 0.475 0.059375 0.0765625
3 0.11875 0.4703125 0.0609375 0.0890625
3 0.1984375 0.4703125 0.071875 0.0765625
3 0.2734375 0.478125 0.065625 0.0796875
2 0.01640625 0.5875 0.0328125 0.059375
2 0.303125 0.5890625 0.04375 0.0546875
5 0.240625 0.709375 0.0390625 0.0671875
5 0.08125 0.7078125 0.040625 0.06875
3 0.703125 0.34296875 0.06171875 0.028125
3 0.7109375 0.39609375 0.06796875 0.03984375
3 0.68046875 0.44921875 0.04140625 0.03515625
3 0.74921875 0.42421875 0.04296875 0.0296875
2 0.6078125 0.58671875 0.03515625 0.059375
2 0.82734375 0.565625 0.02890625 0.07265625
6 0.6296875 0.82109375 0.03203125 0.1015625
6 0.83203125 0.77421875 0.021875 0.10625