5 0.134375 0.13026052104208416 0.040625 0.11022044088176353
1 0.2390625 0.374749498997996 0.115625 0.05410821643286573
4 0.56796875 0.02004008016032064 0.0234375 0.04008016032064128
4 0.6015625 0.023046092184368736 0.021875 0.04609218436873747
2 0.7 0.10020040080160321 0.03125 0.04008016032064128
2 0.4546875 0.06813627254509018 0.0296875 0.04809619238476954
5 0.640625 0.21643286573146292 0.0390625 0.0781563126252505
5 0.4921875 0.23046092184368738 0.0296875 0.08016032064128256
7 0.6546875 0.3286573146292585 0.028125 0.04809619238476954
7 0.490625 0.3166332665330661 0.025 0.06012024048096192
8 0.51875 0.23847695390781562 0.028125 0.04008016032064128
4 0.053125 0.7214428857715431 0.021875 0.06813627254509018
6 0.178125 0.9819639278557114 0.040625 0.036072144288577156
4 0.4796875 0.5851703406813628 0.0265625 0.06613226452905811
4 0.509375 0.5851703406813628 0.0203125 0.07014028056112225
3 0.38828125 0.467935871743487 0.0609375 0.03807615230460922
3 0.484375 0.4749498997995992 0.065625 0.036072144288577156
2 0.33046875 0.6583166332665331 0.0609375 0.06613226452905811
2 0.5984375 0.6432865731462926 0.0390625 0.04408817635270541