5 0.1140625 0.1515625 0.090625 0.146875
5 0.4546875 0.109375 0.0765625 0.084375
7 0.4984375 0.353125 0.05625 0.1
7 0.0921875 0.3296875 0.0421875 0.0921875
8 0.4046875 0.2296875 0.0765625 0.0609375
1 0.2953125 0.4515625 0.0578125 0.078125
6 0.028125 0.25859375 0.05625 0.0703125
4 0.78828125 0.015625 0.0234375 0.03125
4 0.796875 0.05625 0.053125 0.0390625
2 0.640625 0.1078125 0.04375 0.04375
2 0.98515625 0.090625 0.0296875 0.05
7 0.709375 0.3890625 0.046875 0.0703125
7 0.98984375 0.33046875 0.0203125 0.0609375
1 0.9609375 0.359375 0.0421875 0.04375
1 0.896875 0.35625 0.025 0.0328125
5 0.9203125 0.215625 0.0640625 0.0625
5 0.721875 0.253125 0.0421875 0.0765625
6 0.6734375 0.1640625 0.078125 0.03125
6 0.975 0.14453125 0.05 0.0390625
3 0.51484375 0.528125 0.0296875 0.01875
4 0.3828125 0.5734375 0.021875 0.04375
5 0.496875 0.7203125 0.0515625 0.0671875
1 0.471875 0.871875 0.05 0.0265625
0 0.409375 0.6234375 0.025 0.040625
4 0.7453125 0.5578125 0.028125 0.040625
5 0.8296875 0.653125 0.0453125 0.04375
7 0.8484375 0.7 0.034375 0.05
5 0.7296875 0.684375 0.040625 0.06875
7 0.734375 0.7375 0.04375 0.0625
2 0.6734375 0.628125 0.028125 0.05
3 0.7625 0.52734375 0.1 0.0171875