2 0.3359375 0.16875 0.04375 0.059375
5 0.4546875 0.3140625 0.065625 0.0953125
7 0.4125 0.428125 0.0328125 0.090625
6 0.3625 0.390625 0.0390625 0.165625
1 0.5296875 0.53125 0.0828125 0.04375
3 0.69375 0.1890625 0.1734375 0.0375
3 0.715625 0.1484375 0.175 0.03125
3 0.753125 0.1140625 0.1515625 0.0296875
3 0.7421875 0.078125 0.096875 0.03125
4 0.671875 0.2453125 0.0328125 0.0515625
2 0.884375 0.2671875 0.053125 0.0453125
5 0.81875 0.371875 0.0734375 0.046875
5 0.60625 0.403125 0.0453125 0.071875
6 0.5203125 0.6796875 0.065625 0.090625
7 0.5015625 0.7921875 0.046875 0.096875
5 0.4375 0.7140625 0.065625 0.0609375
5 0.2671875 0.753125 0.0359375 0.053125
7 0.2828125 0.828125 0.0453125 0.0671875