3 0.225 0.4088785046728972 0.0328125 0.09345794392523364
3 0.26875 0.37850467289719625 0.0359375 0.07242990654205607
4 0.275 0.46261682242990654 0.021875 0.07242990654205607
3 0.3140625 0.3691588785046729 0.034375 0.08644859813084112
3 0.3515625 0.35514018691588783 0.015625 0.07476635514018691
4 0.309375 0.47897196261682246 0.0203125 0.056074766355140186
5 0.2484375 0.8014018691588785 0.028125 0.0630841121495327
3 0.490625 0.4392523364485981 0.0625 0.09579439252336448
3 0.621875 0.40186915887850466 0.059375 0.08177570093457943
4 0.54375 0.5046728971962616 0.01875 0.05841121495327103
4 0.5703125 0.5093457943925234 0.021875 0.053738317757009345
5 0.6171875 0.6401869158878505 0.0453125 0.053738317757009345
5 0.5109375 0.7102803738317757 0.0390625 0.08411214953271028
7 0.678125 0.7593457943925234 0.028125 0.12149532710280374
7 0.5171875 0.794392523364486 0.025 0.06775700934579439
2 0.4640625 0.6074766355140186 0.0296875 0.0630841121495327
2 0.68125 0.5467289719626168 0.028125 0.053738317757009345