5 0.025 0.31640625 0.05 0.0953125
5 0.24453125 0.29453125 0.0296875 0.0859375
1 0.0921875 0.534375 0.0828125 0.04375
4 0.5046875 0.121875 0.0359375 0.0359375
2 0.590625 0.15625 0.025 0.0484375
2 0.409375 0.1671875 0.025 0.0359375
5 0.4578125 0.2421875 0.040625 0.0546875
5 0.55625 0.2453125 0.025 0.046875
6 0.584375 0.259375 0.015625 0.0546875
1 0.5359375 0.315625 0.0375 0.0296875
1 0.4546875 0.3109375 0.046875 0.0375
6 0.396875 0.2796875 0.0234375 0.0578125
3 0.4359375 0.0828125 0.05 0.040625
3 0.55625 0.1 0.0421875 0.0203125
4 0.6453125 0.7359375 0.0875 0.0390625