2 0.0828125 0.321875 0.0484375 0.0484375
2 0.4015625 0.3109375 0.0453125 0.04375
5 0.3421875 0.3953125 0.078125 0.0734375
5 0.14375 0.421875 0.0578125 0.0734375
7 0.36640625 0.51015625 0.0390625 0.0984375
7 0.13828125 0.52265625 0.0546875 0.0734375
3 0.60625 0.3421875 0.075 0.078125
3 0.70625 0.3421875 0.0890625 0.084375
3 0.8203125 0.3390625 0.11875 0.078125
3 0.9203125 0.3359375 0.0546875 0.0921875
3 0.2546875 0.6265625 0.0625 0.040625
3 0.321875 0.60625 0.040625 0.053125
2 0.240625 0.740625 0.05 0.0296875