4 0.178125 0.12646370023419204 0.0546875 0.08899297423887588
2 0.3109375 0.23185011709601874 0.0375 0.08196721311475409
2 0.034375 0.1990632318501171 0.0484375 0.06791569086651054
0 0.146875 0.23653395784543327 0.0328125 0.06323185011709602
5 0.2390625 0.35362997658079626 0.0375 0.1053864168618267
5 0.109375 0.32084309133489464 0.0296875 0.09836065573770492
6 0.040625 0.4379391100702576 0.0453125 0.15456674473067916
7 0.075 0.3981264637002342 0.021875 0.08430913348946135
3 0.8328125 0.04215456674473068 0.0671875 0.0702576112412178
3 0.90390625 0.01990632318501171 0.0578125 0.03981264637002342
3 0.7734375 0.1522248243559719 0.0625 0.08665105386416862
5 0.934375 0.3231850117096019 0.0328125 0.0936768149882904
1 0.9953125 0.49063231850117095 0.009375 0.0585480093676815
4 0.12578125 0.629976580796253 0.0328125 0.04215456674473068
2 0.271875 0.6276346604215457 0.034375 0.03747072599531616
5 0.0890625 0.8313817330210773 0.0359375 0.08899297423887588
5 0.21875 0.7962529274004684 0.0453125 0.09601873536299765
4 0.6015625 0.8477751756440282 0.015625 0.06323185011709602
4 0.6296875 0.8430913348946136 0.015625 0.0585480093676815
5 0.546875 0.9882903981264637 0.046875 0.0234192037470726
2 0.5125 0.927400468384075 0.0203125 0.04918032786885246
2 0.7 0.9320843091334895 0.0203125 0.04918032786885246