5 0.08125 0.6045130641330166 0.025 0.0498812351543943
5 0.1875 0.6080760095011877 0.025 0.04275534441805225
8 0.13671875 0.6223277909738717 0.0171875 0.014251781472684086
3 0.97734375 0.15676959619952494 0.0453125 0.08076009501187649
5 0.921875 0.4418052256532066 0.0609375 0.09263657957244656
7 0.88515625 0.5843230403800475 0.0421875 0.09026128266033254
2 0.875 0.2826603325415677 0.0546875 0.05938242280285035
3 0.26875 0.6508313539192399 0.10625 0.04275534441805225
2 0.1625 0.7838479809976246 0.0296875 0.047505938242280284
2 0.3578125 0.7814726840855107 0.025 0.04275534441805225
5 0.3375 0.8978622327790974 0.034375 0.08076009501187649
5 0.1890625 0.9026128266033254 0.034375 0.0665083135391924