3 0.1734375 0.01640625 0.090625 0.0328125
3 0.28828125 0.01796875 0.1140625 0.0359375
5 0.2359375 0.2328125 0.0359375 0.08125
3 0.6703125 0.0578125 0.0453125 0.0640625
3 0.73125 0.040625 0.053125 0.06875
3 0.790625 0.0578125 0.046875 0.0625
3 0.615625 0.0609375 0.04375 0.075
3 0.575 0.090625 0.034375 0.059375
2 0.834375 0.153125 0.0453125 0.0546875
2 0.575 0.20625 0.0453125 0.053125
7 0.8390625 0.28125 0.0390625 0.05625
4 0.109375 0.7375 0.0234375 0.040625
3 0.0421875 0.6984375 0.0484375 0.034375
3 0.53515625 0.64453125 0.0109375 0.0203125
3 0.5984375 0.640625 0.0375 0.0203125
4 0.559375 0.6578125 0.01875 0.028125
2 0.6328125 0.68125 0.0203125 0.025
5 0.603125 0.7203125 0.03125 0.034375
5 0.5390625 0.73671875 0.01875 0.0421875
7 0.6171875 0.75625 0.0140625 0.025
7 0.53671875 0.7703125 0.0140625 0.025
1 0.571875 0.7828125 0.0390625 0.0171875
6 0.6390625 0.7203125 0.021875 0.028125