2 0.1359375 0.175 0.0625 0.040625
5 0.2 0.2609375 0.0671875 0.0640625
5 0.3453125 0.290625 0.04375 0.065625
4 0.2828125 0.1265625 0.021875 0.0515625
3 0.1953125 0.0421875 0.05625 0.0328125
3 0.3234375 0.0625 0.05625 0.021875
3 0.2890625 0.0296875 0.0609375 0.0265625
3 0.2015625 0.0796875 0.1453125 0.03125
4 0.809375 0.1796875 0.028125 0.053125
4 0.84375 0.1875 0.028125 0.0578125
3 0.903125 0.140625 0.065625 0.0453125
3 0.7140625 0.128125 0.0515625 0.034375
3 0.8453125 0.1234375 0.0453125 0.053125
3 0.959375 0.0953125 0.046875 0.053125
3 0.7828125 0.121875 0.0515625 0.05
5 0.903125 0.415625 0.0625 0.1
5 0.7453125 0.4171875 0.0421875 0.0921875
7 0.9140625 0.51328125 0.0375 0.0328125
7 0.73515625 0.5140625 0.0421875 0.03125
3 0.2515625 0.71875 0.1203125 0.0390625
3 0.39375 0.7 0.10625 0.0375
4 0.2265625 0.8609375 0.05 0.0375
2 0.775 0.56875 0.0625 0.0625
5 0.53515625 0.7171875 0.0109375 0.0625
5 0.7203125 0.671875 0.09375 0.0515625
6 0.7828125 0.7921875 0.03125 0.1375
1 0.659375 0.85625 0.0609375 0.01875