3 0.371875 0.04375 0.11875 0.0453125
4 0.384375 0.08125 0.0265625 0.03125
2 0.3296875 0.18125 0.025 0.0328125
5 0.4625 0.184375 0.0328125 0.0421875
4 0.521875 0.10625 0.021875 0.0578125
3 0.6109375 0.065625 0.08125 0.0578125
3 0.3484375 0.5578125 0.0578125 0.0484375
3 0.4359375 0.55 0.059375 0.046875
3 0.49609375 0.540625 0.0265625 0.06875
4 0.4375 0.6046875 0.05625 0.0421875
2 0.3 0.6984375 0.025 0.0640625
0 0.4796875 0.7328125 0.0234375 0.040625
5 0.496875 0.79296875 0.025 0.0578125
5 0.3703125 0.7859375 0.0453125 0.0609375
7 0.3546875 0.8796875 0.028125 0.0546875
1 0.49453125 0.93671875 0.0296875 0.0453125
1 0.403125 0.9421875 0.03125 0.0484375
1 0.453125 0.925 0.040625 0.0296875
8 0.440625 0.8171875 0.0671875 0.0328125
6 0.309375 0.8390625 0.0234375 0.040625
3 0.52734375 0.44609375 0.0359375 0.0546875
3 0.73984375 0.4328125 0.0578125 0.028125
3 0.5921875 0.4484375 0.0640625 0.0375
4 0.615625 0.5515625 0.05625 0.034375
2 0.778125 0.58125 0.05625 0.0640625
6 0.7953125 0.7203125 0.046875 0.0890625
5 0.696875 0.7015625 0.040625 0.0609375
5 0.5359375 0.7234375 0.0375 0.0703125