4 0.2703125 0.1203125 0.0375 0.059375
2 0.159375 0.153125 0.025 0.0375
5 0.19375 0.25 0.04375 0.06875
5 0.3140625 0.2609375 0.0359375 0.0734375
7 0.30625 0.3171875 0.0359375 0.04375
6 0.15625 0.2890625 0.028125 0.071875
2 0.6421875 0.01484375 0.05625 0.0296875
5 0.921875 0.1265625 0.05625 0.0625
5 0.715625 0.1265625 0.034375 0.0765625
3 0.31328125 0.66328125 0.0734375 0.0484375
3 0.38671875 0.66796875 0.0515625 0.0578125
3 0.45390625 0.68359375 0.0515625 0.0640625
0 0.3875 0.778125 0.0296875 0.0390625
2 0.7421875 0.7078125 0.025 0.0328125
2 0.9265625 0.715625 0.025 0.0328125
5 0.8890625 0.7734375 0.034375 0.0296875
5 0.784375 0.76875 0.0375 0.0296875