3 0.40234375 0.1515625 0.1140625 0.034375
3 0.6546875 0.25 0.0703125 0.059375
3 0.7296875 0.234375 0.0515625 0.06875
3 0.7953125 0.234375 0.05625 0.0609375
3 0.8765625 0.25 0.0625 0.071875
4 0.79375 0.296875 0.028125 0.0453125
4 0.7609375 0.2984375 0.025 0.046875
2 0.6109375 0.3671875 0.05625 0.04375
2 0.9015625 0.35625 0.0515625 0.0390625
5 0.6875 0.4453125 0.046875 0.0640625
5 0.8390625 0.446875 0.0484375 0.090625
3 0.015625 0.6 0.03125 0.025
3 0.0875 0.603125 0.06875 0.0328125
5 0.10625 0.7828125 0.034375 0.04375
5 0.00546875 0.78046875 0.0109375 0.0578125
1 0.00859375 0.89140625 0.0171875 0.0390625
3 0.934375 0.7125 0.0515625 0.0328125
3 0.821875 0.721875 0.05625 0.0375
4 0.8875 0.759375 0.0171875 0.040625
5 0.928125 0.85625 0.0421875 0.05
5 0.834375 0.8625 0.025 0.065625
2 0.96875 0.790625 0.021875 0.0265625
2 0.7921875 0.8 0.025 0.03125
1 0.890625 0.93125 0.05625 0.0203125