6 0.09375 0.1262135922330097 0.03125 0.08090614886731391
7 0.1515625 0.1796116504854369 0.03125 0.10679611650485436
7 0.51953125 0.22249190938511326 0.0203125 0.07605177993527508
2 0.85625 0.09870550161812297 0.059375 0.05339805825242718
5 0.946875 0.20711974110032363 0.0515625 0.08737864077669903
2 0.084375 0.6019417475728155 0.0453125 0.059870550161812294
2 0.45 0.6472491909385113 0.04375 0.06634304207119741
6 0.425 0.8624595469255664 0.025 0.11812297734627832
5 0.39375 0.8074433656957929 0.03125 0.05177993527508091
5 0.109375 0.8074433656957929 0.03125 0.0889967637540453
6 0.08125 0.8268608414239482 0.028125 0.09870550161812297
6 0.0671875 0.7233009708737864 0.0234375 0.09870550161812297
5 0.7359375 0.6925566343042071 0.078125 0.0744336569579288
5 0.54765625 0.7168284789644013 0.0359375 0.08737864077669903
6 0.8109375 0.7588996763754046 0.0296875 0.11650485436893204