5 0.3796875 0.06572769953051644 0.065625 0.12441314553990611
5 0.2140625 0.05868544600938967 0.04375 0.11737089201877934
7 0.40625 0.1807511737089202 0.025 0.07042253521126761
7 0.1859375 0.1619718309859155 0.034375 0.06103286384976526
6 0.1515625 0.1572769953051643 0.025 0.1056338028169014
2 0.7296875 0.05868544600938967 0.0421875 0.07276995305164319
5 0.6578125 0.18192488262910797 0.015625 0.08215962441314555
7 0.6640625 0.2981220657276995 0.028125 0.06103286384976526
4 0.25546875 0.3744131455399061 0.0296875 0.04929577464788732
4 0.2625 0.43896713615023475 0.0375 0.04460093896713615
2 0.4 0.49061032863849763 0.034375 0.08215962441314555
5 0.2953125 0.6384976525821596 0.04375 0.07981220657276995
7 0.3671875 0.7347417840375586 0.059375 0.07981220657276995
1 0.328125 0.812206572769953 0.053125 0.06103286384976526
8 0.24375 0.6830985915492958 0.0421875 0.04929577464788732
4 0.65859375 0.687793427230047 0.0171875 0.07511737089201878
3 0.6859375 0.6032863849765259 0.0328125 0.035211267605633804