3 0.2828125 0.1515625 0.0421875 0.0546875
3 0.41875 0.13828125 0.18125 0.0546875
4 0.4203125 0.2359375 0.0453125 0.025
2 0.271875 0.2609375 0.040625 0.034375
5 0.48515625 0.38203125 0.0484375 0.0828125
5 0.328125 0.375 0.04375 0.084375
7 0.3 0.446875 0.034375 0.040625
6 0.265625 0.44375 0.025 0.0703125
3 0.5625 0.0640625 0.0640625 0.0296875
3 0.5765625 0.0296875 0.078125 0.034375
3 0.665625 0.0515625 0.071875 0.034375
4 0.709375 0.1078125 0.0359375 0.053125
3 0.7890625 0.0796875 0.05625 0.0265625
2 0.52734375 0.15625 0.0359375 0.04375
2 0.890625 0.1609375 0.0453125 0.0421875
5 0.828125 0.3078125 0.0515625 0.053125
5 0.596875 0.30625 0.0546875 0.0375
5 0.2296875 0.6015625 0.0359375 0.08125
4 0.6015625 0.753125 0.021875 0.040625
4 0.625 0.7546875 0.015625 0.0359375
3 0.5578125 0.70625 0.05 0.0203125
3 0.546875 0.725 0.0421875 0.0234375
3 0.615625 0.6953125 0.040625 0.025
2 0.51328125 0.77890625 0.0078125 0.0359375
2 0.6890625 0.8 0.0234375 0.0359375
1 0.52265625 0.9359375 0.0265625 0.028125
7 0.6453125 0.9265625 0.0203125 0.0296875