3 0.30625 0.1453125 0.0421875 0.0546875
3 0.45546875 0.13203125 0.2078125 0.0546875
4 0.44375 0.2296875 0.0453125 0.025
2 0.2953125 0.2546875 0.040625 0.034375
5 0.5171875 0.3765625 0.065625 0.0828125
5 0.3515625 0.36875 0.04375 0.084375
7 0.54375 0.453125 0.025 0.046875
7 0.3234375 0.440625 0.034375 0.040625
6 0.2890625 0.4375 0.025 0.0703125
2 0.5875 0.15 0.05625 0.053125
2 0.45 0.65859375 0.04375 0.0390625
2 0.1140625 0.665625 0.0359375 0.0421875
5 0.3640625 0.73125 0.059375 0.0609375
5 0.1546875 0.7609375 0.040625 0.0625
3 0.8125 0.7671875 0.1125 0.071875
3 0.921875 0.76875 0.0734375 0.06875
3 0.98515625 0.77265625 0.0296875 0.0796875
4 0.8765625 0.8375 0.03125 0.0515625