2 0.103125 0.20422535211267606 0.08125 0.07042253521126761
6 0.1453125 0.3890845070422535 0.08125 0.11267605633802817
5 0.0328125 0.46566901408450706 0.065625 0.11443661971830986
6 0.54453125 0.3785211267605634 0.0109375 0.07746478873239436
5 0.228125 0.778169014084507 0.0515625 0.061619718309859156
5 0.01875 0.7825704225352113 0.0375 0.06866197183098592
2 0.7234375 0.778169014084507 0.0625 0.07394366197183098
2 0.9765625 0.721830985915493 0.04375 0.06690140845070422
3 0.8 0.647887323943662 0.078125 0.03873239436619718
4 0.8734375 0.6654929577464789 0.0328125 0.07394366197183098
5 0.9453125 0.8098591549295775 0.0453125 0.06514084507042253
5 0.815625 0.8362676056338029 0.046875 0.06866197183098592