4 0.0515625 0.20899470899470898 0.01875 0.09523809523809523
3 0.9515625 0.02513227513227513 0.028125 0.05026455026455026
2 0.99453125 0.13227513227513227 0.0109375 0.08465608465608465
2 0.775 0.16666666666666666 0.0328125 0.06084656084656084
5 0.84375 0.32275132275132273 0.034375 0.13227513227513227
3 0.221875 0.716931216931217 0.0828125 0.10582010582010581
3 0.6875 0.6164021164021164 0.0390625 0.082010582010582
3 0.7734375 0.6613756613756614 0.05 0.05555555555555555
3 0.85 0.7037037037037037 0.0484375 0.1111111111111111
4 0.75625 0.7380952380952381 0.05625 0.05026455026455026
5 0.6671875 0.9391534391534392 0.04375 0.06878306878306878