4 0.40625 0.240625 0.01875 0.05625
6 0.2828125 0.40625 0.03125 0.0640625
3 0.5171875 0.27578125 0.05625 0.0296875
3 0.5203125 0.2390625 0.0625 0.034375
5 0.71640625 0.534375 0.0515625 0.05
3 0.1328125 0.7796875 0.0703125 0.0578125
3 0.2046875 0.7734375 0.0578125 0.075
3 0.2703125 0.7765625 0.059375 0.0796875
6 0.084375 0.984375 0.028125 0.03125
3 0.6875 0.6421875 0.15625 0.0671875
7 0.578125 0.9484375 0.04375 0.0890625
5 0.625 0.8703125 0.0640625 0.0609375
5 0.778125 0.871875 0.04375 0.06875
4 0.7109375 0.7234375 0.028125 0.0484375
1 0.615625 0.990625 0.0375 0.01875