3 0.346875 0.21875 0.05625 0.046875
3 0.4453125 0.2140625 0.09375 0.040625
5 0.4578125 0.3734375 0.040625 0.05
5 0.3515625 0.3734375 0.03125 0.05
3 0.7109375 0.1671875 0.0421875 0.05
3 0.7734375 0.1734375 0.05 0.0515625
3 0.83125 0.18125 0.040625 0.0546875
3 0.8875 0.2171875 0.046875 0.05
3 0.8859375 0.16875 0.0421875 0.0296875
4 0.8015625 0.25 0.0453125 0.0484375
5 0.7203125 0.4203125 0.040625 0.059375
5 0.8890625 0.4171875 0.0390625 0.0640625
5 0.2484375 0.7140625 0.0375 0.059375
6 0.4484375 0.7625 0.05625 0.046875
3 0.7265625 0.67734375 0.15625 0.0359375
3 0.921875 0.68984375 0.153125 0.0609375
4 0.8078125 0.7328125 0.0265625 0.0546875
2 0.615625 0.790625 0.0640625 0.06875
2 0.95625 0.875 0.053125 0.0609375
5 0.884375 0.9546875 0.059375 0.071875
5 0.6609375 0.896875 0.0921875 0.0421875
6 0.590625 0.93671875 0.05 0.1265625
6 0.93359375 0.978125 0.0453125 0.04375