3 0.33125 0.1617933723196881 0.05 0.056530214424951264
3 0.4234375 0.15009746588693956 0.10625 0.04678362573099415
4 0.4 0.20272904483430798 0.034375 0.050682261208576995
5 0.46015625 0.3226120857699805 0.0390625 0.04093567251461988
4 0.99609375 0.06627680311890838 0.0078125 0.05847953216374269
2 0.8484375 0.14035087719298245 0.0453125 0.05458089668615984
5 0.9375 0.29434697855750486 0.0484375 0.08771929824561403
3 0.9171875 0.02046783625730994 0.03125 0.04093567251461988
5 0.1453125 0.6881091617933723 0.028125 0.07407407407407407
5 0.2734375 0.6764132553606238 0.046875 0.05458089668615984
6 0.334375 0.7758284600389863 0.025 0.07602339181286549
7 0.134375 0.7953216374269005 0.0203125 0.06237816764132553
1 0.215625 0.8401559454191033 0.0640625 0.03898635477582846
7 0.3 0.7816764132553606 0.025 0.06432748538011696
6 0.64921875 0.6900584795321637 0.0328125 0.08187134502923976
6 0.86171875 0.6773879142300195 0.0359375 0.056530214424951264