3 0.38515625 0.02734375 0.0671875 0.0546875
3 0.6671875 0.0359375 0.090625 0.059375
3 0.7828125 0.040625 0.1140625 0.0578125
5 0.7296875 0.265625 0.0359375 0.08125
2 0.09375 0.584375 0.0375 0.04375
5 0.1546875 0.678125 0.0390625 0.0671875
5 0.3015625 0.7296875 0.021875 0.075
1 0.1140625 0.7890625 0.040625 0.0625
1 0.2859375 0.81875 0.025 0.0625
4 0.2484375 0.55390625 0.03125 0.0296875
3 0.8625 0.571875 0.046875 0.025
3 0.9546875 0.5921875 0.053125 0.0265625
4 0.921875 0.6625 0.03125 0.046875
5 0.83125 0.784375 0.046875 0.0515625
5 0.9765625 0.803125 0.0203125 0.0390625
2 0.79375 0.6984375 0.0390625 0.0328125