3 0.2390625 0.18359375 0.02265625 0.03125
3 0.21171875 0.14609375 0.0203125 0.03671875
3 0.2640625 0.175 0.01796875 0.04296875
2 0.2859375 0.290625 0.01484375 0.04921875
2 0.20546875 0.2984375 0.0109375 0.03671875
5 0.26171875 0.38359375 0.0140625 0.0640625
5 0.2234375 0.37109375 0.01015625 0.04296875
2 0.8703125 0.2515625 0.053125 0.0453125
5 0.9359375 0.3296875 0.0359375 0.0515625
3 0.9421875 0.115625 0.0671875 0.0484375
7 0.209375 0.68828125 0.05625 0.0578125
4 0.8953125 0.6921875 0.0390625 0.04375
5 0.8203125 0.8015625 0.0421875 0.046875
6 0.7125 0.853125 0.0453125 0.0828125
6 0.765625 0.8421875 0.0328125 0.090625
7 0.934375 0.8921875 0.028125 0.0671875