2 0.5796875 0.0140625 0.01875 0.028125
0 0.48984375 0.0125 0.0203125 0.025
3 0.859375 0.10625 0.109375 0.05
4 0.7921875 0.2296875 0.05 0.0265625
5 0.909375 0.3390625 0.071875 0.0625
5 0.7203125 0.3734375 0.0515625 0.0765625
6 0.9890625 0.3453125 0.021875 0.121875
6 0.68203125 0.425 0.0515625 0.05
2 0.9625 0.24375 0.0265625 0.06875
5 0.37734375 0.48359375 0.0671875 0.0671875
7 0.4 0.584375 0.040625 0.0796875
7 0.1875 0.63125 0.0515625 0.0828125
2 0.79375 0.6734375 0.04375 0.065625
3 0.859375 0.553125 0.071875 0.0390625
5 0.8609375 0.796875 0.053125 0.075
6 0.8390625 0.8375 0.04375 0.0640625