3 0.4109375 0.25 0.0578125 0.0484375
3 0.2734375 0.2359375 0.0453125 0.04375
4 0.3421875 0.29375 0.025 0.046875
5 0.2828125 0.3859375 0.034375 0.05
5 0.38125 0.3953125 0.0265625 0.0390625
2 0.4203125 0.3484375 0.0203125 0.03125
2 0.24375 0.3296875 0.025 0.025
3 0.9125 0.0609375 0.1125 0.071875
3 0.9921875 0.0625 0.015625 0.06875
4 0.9765625 0.13125 0.03125 0.0515625
1 0.9640625 0.47265625 0.071875 0.0546875
2 0.01953125 0.7796875 0.0390625 0.06875
3 0.01953125 0.66484375 0.0390625 0.0703125
3 0.075 0.6 0.0609375 0.0453125
3 0.1796875 0.6046875 0.1046875 0.053125
3 0.275 0.603125 0.0546875 0.0609375
4 0.20625 0.6671875 0.025 0.05625
6 0.053125 0.890625 0.0484375 0.0796875
6 0.0421875 0.978125 0.046875 0.04375
5 0.1 0.9734375 0.05 0.053125
5 0.3171875 0.9046875 0.0375 0.0625
2 0.65 0.840625 0.05625 0.059375
2 0.9828125 0.81953125 0.034375 0.0703125
4 0.8359375 0.7234375 0.0421875 0.0640625
4 0.7828125 0.721875 0.0265625 0.0671875
3 0.9125 0.6296875 0.071875 0.0515625
3 0.8171875 0.6140625 0.0984375 0.0484375
3 0.71875 0.6265625 0.059375 0.053125
5 0.9296875 0.9671875 0.05625 0.0625
5 0.7234375 0.9640625 0.034375 0.071875