3 0.39765625 0.01171875 0.0578125 0.0234375
4 0.3296875 0.04375 0.025 0.046875
5 0.2703125 0.1359375 0.034375 0.05
5 0.36875 0.1453125 0.0265625 0.0390625
2 0.4078125 0.0984375 0.0203125 0.03125
2 0.23125 0.0796875 0.025 0.025
4 0.6734375 0.1796875 0.0375 0.059375
2 0.5625 0.2125 0.025 0.0375
5 0.596875 0.309375 0.04375 0.06875
5 0.7171875 0.3203125 0.0359375 0.0734375
7 0.709375 0.3765625 0.0359375 0.04375
6 0.559375 0.3484375 0.028125 0.071875
5 0.30546875 0.5625 0.0671875 0.046875
7 0.328125 0.653125 0.040625 0.0796875
7 0.115625 0.7 0.0515625 0.0828125