3 0.3484375 0.0453125 0.0578125 0.0484375
3 0.2109375 0.03125 0.0453125 0.04375
4 0.2796875 0.0890625 0.025 0.046875
5 0.2203125 0.18125 0.034375 0.05
5 0.31875 0.190625 0.0265625 0.0390625
2 0.3578125 0.14375 0.0203125 0.03125
2 0.18125 0.125 0.025 0.025
3 0.6875 0.1765625 0.028125 0.0203125
3 0.6828125 0.196875 0.021875 0.0265625
3 0.71171875 0.2015625 0.021875 0.0234375
3 0.740625 0.2265625 0.0171875 0.021875
4 0.70625 0.25 0.0125 0.034375
4 0.7203125 0.25625 0.0109375 0.034375
2 0.7640625 0.3203125 0.01328125 0.05
2 0.66796875 0.296875 0.0125 0.04375
5 0.740625 0.3921875 0.01640625 0.059375
5 0.68125 0.36875 0.01640625 0.04375
6 0.771875 0.3828125 0.01328125 0.040625
5 0.5078125 0.7515625 0.065625 0.0828125
5 0.3421875 0.74375 0.04375 0.084375
7 0.534375 0.828125 0.025 0.046875
7 0.3140625 0.815625 0.034375 0.040625
6 0.2796875 0.8125 0.025 0.0703125
5 0.909375 0.721875 0.046875 0.040625
5 0.75625 0.7078125 0.04375 0.0453125