3 0.3765625 0.06875 0.071875 0.0578125
3 0.4734375 0.1078125 0.06875 0.05
3 0.5625 0.053125 0.046875 0.034375
3 0.559375 0.009375 0.040625 0.01875
2 0.6046875 0.1609375 0.034375 0.0484375
6 0.603125 0.215625 0.028125 0.05
5 0.55625 0.2734375 0.034375 0.059375
7 0.5578125 0.3546875 0.0375 0.06875
4 0.0328125 0.640625 0.0234375 0.0515625
3 0.0703125 0.60625 0.04375 0.0234375
3 0.1328125 0.596875 0.05 0.0328125
3 0.02265625 0.59140625 0.0453125 0.0296875
2 0.225 0.725 0.0453125 0.0484375
5 0.14375 0.8828125 0.0515625 0.0875
2 0.775 0.609375 0.05 0.05
4 0.95078125 0.55546875 0.0296875 0.0515625