2 0.1265625 0.0953125 0.0890625 0.0640625
6 0.1296875 0.2296875 0.071875 0.1203125
5 0.00859375 0.2421875 0.0171875 0.096875
1 0.0421875 0.4265625 0.0578125 0.121875
3 0.50625 0.1265625 0.084375 0.0265625
4 0.5953125 0.125 0.0359375 0.0609375
4 0.6453125 0.096875 0.0265625 0.0484375
3 0.7078125 0.065625 0.0828125 0.025
3 0.6578125 0.040625 0.10625 0.03125
3 0.534375 0.0796875 0.0796875 0.0359375
2 0.4703125 0.2765625 0.059375 0.0515625
2 0.8390625 0.2 0.065625 0.0515625
5 0.8078125 0.334375 0.08125 0.065625
5 0.5640625 0.3703125 0.025 0.0609375
6 0.5140625 0.465625 0.0359375 0.0671875
6 0.8828125 0.3734375 0.03125 0.0671875
3 0.0828125 0.56875 0.078125 0.0328125
5 0.1984375 0.8234375 0.03125 0.078125
1 0.0234375 0.925 0.0359375 0.0578125
3 0.6375 0.5171875 0.084375 0.015625
3 0.7578125 0.521875 0.084375 0.025
5 0.61875 0.6671875 0.059375 0.0578125
5 0.7546875 0.675 0.05 0.0625
6 0.5796875 0.73125 0.0296875 0.059375