3 0.6921875 0.1388888888888889 0.09375 0.09444444444444444
3 0.79375 0.14444444444444443 0.08125 0.09166666666666666
2 0.85 0.3416666666666667 0.03125 0.07222222222222222
2 0.6296875 0.33611111111111114 0.03125 0.058333333333333334
4 0.2171875 0.4583333333333333 0.0078125 0.030555555555555555
4 0.20625 0.46944444444444444 0.009375 0.022222222222222223
3 0.246875 0.4444444444444444 0.028125 0.022222222222222223
3 0.21015625 0.4236111111111111 0.0359375 0.008333333333333333
2 0.1609375 0.5027777777777778 0.0125 0.03333333333333333
2 0.271875 0.5083333333333333 0.0125 0.022222222222222223
5 0.2390625 0.5861111111111111 0.015625 0.04722222222222222
5 0.1828125 0.5888888888888889 0.015625 0.06111111111111111
7 0.1734375 0.65 0.0140625 0.03888888888888889
7 0.246875 0.6527777777777778 0.009375 0.027777777777777776
1 0.2015625 0.6611111111111111 0.0203125 0.022222222222222223
3 0.6234375 0.5277777777777778 0.0875 0.08888888888888889
3 0.778125 0.5305555555555556 0.071875 0.06388888888888888
5 0.6375 0.8111111111111111 0.0328125 0.10833333333333334
5 0.746875 0.8194444444444444 0.034375 0.09722222222222222