3 0.27734375 0.19609375 0.09140625 0.0421875
3 0.203125 0.21328125 0.0421875 0.03203125
5 0.3 0.3875 0.025 0.04375
5 0.209375 0.4078125 0.02265625 0.0453125
1 0.25859375 0.50625 0.0390625 0.025
3 0.81640625 0.02734375 0.034375 0.0359375
3 0.828125 0.09140625 0.0328125 0.03203125
3 0.85078125 0.0578125 0.02890625 0.0375
4 0.82890625 0.1578125 0.01015625 0.05078125
2 0.771875 0.20703125 0.01328125 0.0359375
2 0.8796875 0.22578125 0.0125 0.0390625
5 0.78828125 0.34453125 0.02265625 0.04609375
6 0.87265625 0.4109375 0.00859375 0.115625
6 0.775 0.4140625 0.00859375 0.075
6 0.04609375 0.6765625 0.0921875 0.134375
6 0.1453125 0.8328125 0.075 0.14375
8 0.490625 0.68125 0.1015625 0.0421875
5 0.6046875 0.6984375 0.0390625 0.103125