3 0.2171875 0.13068181818181818 0.065625 0.041666666666666664
4 0.678125 0.005681818181818182 0.021875 0.011363636363636364
4 0.7015625 0.004734848484848485 0.015625 0.00946969696969697
2 0.57421875 0.019886363636363636 0.0390625 0.03977272727272727
2 0.765625 0.043560606060606064 0.0234375 0.043560606060606064
1 0.5984375 0.20833333333333334 0.028125 0.03409090909090909
7 0.721875 0.19696969696969696 0.0203125 0.03598484848484849
3 0.14921875 0.5066287878787878 0.0140625 0.03125
3 0.1703125 0.4990530303030303 0.0140625 0.03125
2 0.18125 0.6060606060606061 0.00625 0.05776515151515151
2 0.1375 0.6060606060606061 0.00703125 0.04924242424242424
5 0.175 0.6676136363636364 0.0078125 0.05113636363636364
5 0.14765625 0.6695075757575758 0.00859375 0.06628787878787878
6 0.140625 0.7339015151515151 0.00625 0.05776515151515151
3 0.540625 0.4678030303030303 0.0625 0.028409090909090908
3 0.5390625 0.5056818181818182 0.065625 0.032196969696969696
3 0.603125 0.4810606060606061 0.0453125 0.07954545454545454
3 0.6671875 0.4602272727272727 0.06875 0.054924242424242424
4 0.5984375 0.5587121212121212 0.040625 0.05303030303030303