4 0.71328125 0.0109375 0.0359375 0.021875
2 0.7953125 0.0578125 0.0234375 0.0328125
2 0.6265625 0.0453125 0.0234375 0.0328125
5 0.746875 0.1046875 0.0328125 0.046875
5 0.6578125 0.0984375 0.0296875 0.04375
7 0.6421875 0.1453125 0.015625 0.0390625
7 0.7515625 0.1578125 0.015625 0.0328125
3 0.28125 0.5890625 0.0515625 0.0328125
3 0.16875 0.5984375 0.05625 0.0375
4 0.234375 0.6359375 0.0171875 0.040625
5 0.275 0.7328125 0.0421875 0.05
5 0.18125 0.7390625 0.025 0.065625
2 0.31171875 0.66640625 0.0140625 0.0265625
2 0.1390625 0.6765625 0.025 0.03125
1 0.2375 0.8078125 0.05625 0.0203125
4 0.5359375 0.5734375 0.021875 0.040625
4 0.509375 0.5875 0.021875 0.05
4 0.4765625 0.5953125 0.0234375 0.0546875
4 0.4484375 0.578125 0.0234375 0.040625
3 0.575 0.553125 0.0546875 0.034375
3 0.425 0.5453125 0.0640625 0.028125
3 0.4953125 0.51875 0.0671875 0.0234375
3 0.4046875 0.5234375 0.05 0.0296875
3 0.565625 0.5 0.0609375 0.0375
3 0.4828125 0.49375 0.0625 0.034375
3 0.40625 0.4953125 0.078125 0.03125
2 0.33828125 0.6453125 0.0390625 0.04375
2 0.6203125 0.6609375 0.034375 0.0484375
6 0.61875 0.715625 0.028125 0.05
5 0.5671875 0.7734375 0.0453125 0.059375
5 0.4 0.771875 0.0515625 0.0609375
7 0.375 0.8484375 0.0359375 0.0625
7 0.5734375 0.8546875 0.0375 0.06875
1 0.490625 0.878125 0.0671875 0.028125
6 0.3484375 0.7015625 0.0359375 0.0453125