3 0.0640625 0.165625 0.046875 0.040625
3 0.1234375 0.1625 0.0453125 0.0421875
3 0.1875 0.1453125 0.05625 0.0234375
3 0.659375 0.1171875 0.05 0.0640625
3 0.771875 0.0625 0.0671875 0.0265625
3 0.8625 0.065625 0.06875 0.034375
3 0.8390625 0.0296875 0.0796875 0.0375
3 0.6703125 0.0484375 0.053125 0.05
7 0.7265625 0.4078125 0.053125 0.046875
5 0.215625 0.671875 0.046875 0.0640625
5 0.3671875 0.6734375 0.0484375 0.090625
4 0.6265625 0.646875 0.046875 0.0375
2 0.790625 0.69375 0.0546875 0.075
2 0.45625 0.65078125 0.053125 0.0734375
5 0.5234375 0.753125 0.071875 0.0609375
5 0.721875 0.7859375 0.06875 0.08125