3 0.15625 0.1734375 0.046875 0.040625
3 0.215625 0.1703125 0.0453125 0.0421875
3 0.2796875 0.153125 0.05625 0.0234375
3 0.6640625 0.04375 0.0359375 0.0421875
3 0.7171875 0.0421875 0.040625 0.028125
3 0.7671875 0.04375 0.04375 0.040625
5 0.7796875 0.1765625 0.034375 0.0421875
5 0.68125 0.1828125 0.03125 0.0390625
6 0.80625 0.2453125 0.0234375 0.0609375
6 0.66875 0.2359375 0.028125 0.0453125
6 0.8203125 0.15 0.034375 0.04375
6 0.6453125 0.1640625 0.0265625 0.0546875
3 0.809375 0.6390625 0.0328125 0.04375
3 0.8484375 0.6421875 0.0328125 0.0484375
3 0.9015625 0.6421875 0.05625 0.0421875
3 0.9671875 0.65625 0.0484375 0.05