3 0.2453125 0.1046875 0.040625 0.0203125
3 0.3234375 0.1 0.0375 0.0203125
4 0.284375 0.1171875 0.01875 0.028125
2 0.3578125 0.140625 0.0203125 0.025
5 0.328125 0.1796875 0.03125 0.034375
5 0.2625 0.196875 0.021875 0.0421875
7 0.3421875 0.215625 0.0140625 0.025
7 0.2609375 0.2296875 0.0171875 0.025
1 0.296875 0.2421875 0.0390625 0.0171875
6 0.3640625 0.1796875 0.021875 0.028125
3 0.5265625 0.1296875 0.040625 0.040625
3 0.5953125 0.1265625 0.0609375 0.0640625
3 0.69375 0.13125 0.04375 0.0265625
2 0.25546875 0.55546875 0.0234375 0.0109375
5 0.3609375 0.615625 0.025 0.0421875
5 0.284375 0.609375 0.028125 0.040625
4 0.7375 0.709375 0.040625 0.0953125
4 0.8046875 0.70625 0.0390625 0.06875
3 0.7796875 0.5765625 0.1453125 0.0453125