3 0.0328125 0.109375 0.0375 0.0203125
2 0.0671875 0.15 0.0203125 0.025
5 0.0375 0.1890625 0.03125 0.034375
7 0.0515625 0.225 0.0140625 0.025
1 0.0125 0.25078125 0.025 0.0171875
6 0.0734375 0.1890625 0.021875 0.028125
2 0.6734375 0.046875 0.040625 0.0640625
5 0.765625 0.1671875 0.040625 0.08125
6 0.6609375 0.23125 0.05 0.0890625
6 0.953125 0.1125 0.0609375 0.053125
3 0.02578125 0.478125 0.0515625 0.01875
3 0.1046875 0.4765625 0.0625 0.015625
3 0.184375 0.48359375 0.059375 0.0296875
4 0.1 0.5359375 0.05 0.065625
2 0.209375 0.6234375 0.034375 0.040625
0 0.0359375 0.6515625 0.040625 0.0421875
3 0.803125 0.5875 0.0640625 0.025
3 0.803125 0.5546875 0.0609375 0.0484375
3 0.8953125 0.553125 0.0484375 0.0515625
3 0.9671875 0.54375 0.0625 0.0609375
4 0.8796875 0.640625 0.0578125 0.0359375
2 0.99375 0.6609375 0.0125 0.05625
2 0.771875 0.6703125 0.0375 0.0375
5 0.8359375 0.7328125 0.028125 0.059375
5 0.9640625 0.71875 0.046875 0.053125
7 0.825 0.81875 0.0203125 0.05
1 0.90625 0.8546875 0.0640625 0.03125
7 0.9890625 0.80703125 0.021875 0.0515625