3 0.1015625 0.0921875 0.040625 0.0203125
3 0.1796875 0.0875 0.0375 0.0203125
4 0.140625 0.1046875 0.01875 0.028125
2 0.2140625 0.128125 0.0203125 0.025
5 0.184375 0.1671875 0.03125 0.034375
5 0.11875 0.184375 0.021875 0.0421875
7 0.1984375 0.203125 0.0140625 0.025
7 0.1171875 0.2171875 0.0171875 0.025
1 0.153125 0.2296875 0.0390625 0.0171875
6 0.2203125 0.1671875 0.021875 0.028125
4 0.86875 0.128125 0.0453125 0.0765625
5 0.9796875 0.40859375 0.040625 0.0828125
5 0.72421875 0.41484375 0.0765625 0.0703125
6 0.646875 0.3015625 0.034375 0.05
3 0.7828125 0.0265625 0.103125 0.046875
3 0.93203125 0.03046875 0.1359375 0.0515625
3 0.76640625 0.00859375 0.1484375 0.0171875
4 0.8703125 0.203125 0.0734375 0.040625
3 0.215625 0.6078125 0.034375 0.040625
3 0.2703125 0.5921875 0.0484375 0.0296875
3 0.2984375 0.615625 0.046875 0.028125
3 0.321875 0.5921875 0.0390625 0.0296875
4 0.2921875 0.6453125 0.03125 0.0390625
5 0.234375 0.75 0.0328125 0.0578125
5 0.3328125 0.7671875 0.0234375 0.0453125
2 0.18125 0.6828125 0.0328125 0.0328125
2 0.359375 0.6921875 0.0234375 0.0328125
1 0.28125 0.84375 0.046875 0.028125
1 0.23125 0.834375 0.021875 0.0359375
3 0.6453125 0.56640625 0.03125 0.0796875