2 0.01171875 0.13434163701067617 0.0234375 0.04804270462633452
6 0.0109375 0.2749110320284697 0.021875 0.0693950177935943
6 0.01171875 0.19306049822064056 0.0234375 0.04804270462633452
4 0.7734375 0.01601423487544484 0.025 0.03202846975088968
4 0.8 0.00800711743772242 0.028125 0.01601423487544484
3 0.43125 0.5800711743772242 0.05625 0.04804270462633452
3 0.490625 0.5818505338078291 0.053125 0.05693950177935943
2 0.34375 0.7491103202846975 0.040625 0.0693950177935943
5 0.4125 0.8274021352313167 0.034375 0.0693950177935943
3 0.4453125 0.6405693950177936 0.0484375 0.033807829181494664
2 0.5796875 0.702846975088968 0.0265625 0.04804270462633452