3 0.6265625 0.1625 0.08125 0.0578125
3 0.6265625 0.1234375 0.0859375 0.0453125
3 0.740625 0.16875 0.0609375 0.0421875
3 0.265625 0.4328125 0.06484375 0.07578125
3 0.33671875 0.453125 0.0578125 0.0984375
4 0.30078125 0.54453125 0.0265625 0.07109375
2 0.2109375 0.64921875 0.02421875 0.08046875
2 0.37109375 0.6453125 0.01640625 0.06953125
6 0.21015625 0.84609375 0.01875 0.10234375
6 0.34453125 0.87734375 0.01875 0.09375
5 0.8828125 0.590625 0.0890625 0.09375
7 0.8265625 0.6921875 0.0625 0.0671875
2 0.8375 0.440625 0.0671875 0.059375