4 0.3515625 0.03046875 0.071875 0.0609375
2 0.1703125 0.14375 0.059375 0.071875
2 0.5046875 0.1421875 0.046875 0.0671875
5 0.2640625 0.2140625 0.0421875 0.08125
5 0.4375 0.2328125 0.040625 0.0640625
6 0.2125 0.3921875 0.059375 0.1015625
6 0.4734375 0.378125 0.040625 0.090625
4 0.740625 0.14375 0.040625 0.071875
2 0.5984375 0.23359375 0.01875 0.0515625
2 0.925 0.2390625 0.034375 0.053125
5 0.678125 0.33125 0.0453125 0.075
5 0.83125 0.33125 0.0484375 0.0671875
7 0.853125 0.440625 0.0296875 0.09375
7 0.659375 0.45 0.0328125 0.075
6 0.9015625 0.4078125 0.0359375 0.078125
6 0.615625 0.4 0.0515625 0.0890625
2 0.146875 0.7390625 0.040625 0.05625
3 0.9203125 0.6328125 0.0765625 0.05
4 0.99296875 0.6875 0.0140625 0.03125
5 0.9390625 0.8140625 0.0453125 0.0890625
8 0.9921875 0.84375 0.015625 0.046875
7 0.9203125 0.9109375 0.0328125 0.0640625
6 0.9015625 0.8734375 0.0234375 0.0796875
2 0.8671875 0.7296875 0.0375 0.0359375