4 0.44296875 0.09507042253521127 0.0734375 0.11971830985915492
2 0.2296875 0.3075117370892019 0.071875 0.13145539906103287
3 0.8625 0.4413145539906103 0.065625 0.07042253521126761
3 0.93125 0.4694835680751174 0.0625 0.07511737089201878
3 0.9875 0.49295774647887325 0.025 0.06572769953051644
4 0.91875 0.5446009389671361 0.0578125 0.05868544600938967
2 0.778125 0.6126760563380281 0.0359375 0.051643192488262914
0 0.9578125 0.687793427230047 0.046875 0.05868544600938967
5 0.98671875 0.7769953051643192 0.0265625 0.0892018779342723
5 0.840625 0.784037558685446 0.0265625 0.09389671361502347
8 0.946875 0.8215962441314554 0.028125 0.04929577464788732
8 0.88125 0.8215962441314554 0.034375 0.04929577464788732
7 0.98984375 0.8767605633802817 0.0203125 0.04929577464788732
7 0.846875 0.903755868544601 0.0390625 0.046948356807511735
1 0.98515625 0.9424882629107981 0.0296875 0.05868544600938967
1 0.890625 0.92018779342723 0.0265625 0.05868544600938967
6 0.7828125 0.7183098591549296 0.028125 0.07276995305164319