4 0.353125 0.00625 0.053125 0.0125
5 0.2953125 0.1328125 0.0421875 0.0546875
3 0.9671875 0.0359375 0.065625 0.059375
3 0.846875 0.0328125 0.0671875 0.046875
4 0.9109375 0.075 0.0203125 0.0359375
4 0.8796875 0.08125 0.021875 0.040625
5 0.93125 0.203125 0.0390625 0.0578125
5 0.825 0.1984375 0.0375 0.05
7 0.94375 0.271875 0.0296875 0.0578125
7 0.8046875 0.2640625 0.0265625 0.0609375
1 0.871875 0.2875 0.0671875 0.028125
6 0.9796875 0.2390625 0.0203125 0.034375
4 0.35859375 0.6515625 0.0421875 0.04375
3 0.290625 0.5796875 0.06875 0.034375
3 0.334375 0.5390625 0.075 0.03125
3 0.35625 0.56640625 0.046875 0.0421875
2 0.2015625 0.665625 0.04375 0.0359375
8 0.28125 0.8171875 0.0515625 0.040625
7 0.2265625 0.884375 0.040625 0.0609375
5 0.2578125 0.7703125 0.05625 0.065625
1 0.2625 0.9421875 0.046875 0.0421875
2 0.584375 0.4140625 0.0484375 0.046875
2 0.890625 0.4140625 0.0453125 0.046875
5 0.8375 0.53125 0.0546875 0.075
5 0.6578125 0.5390625 0.0578125 0.0921875