4 0.065625 0.1765625 0.06875 0.059375
2 0.2609375 0.25 0.0546875 0.059375
5 0.1625 0.371875 0.0765625 0.0921875
6 0.2359375 0.44375 0.0421875 0.075
1 0.0609375 0.5046875 0.096875 0.0375
3 0.66796875 0.1390625 0.0234375 0.03515625
3 0.69765625 0.1375 0.03046875 0.04140625
3 0.115625 0.67734375 0.075 0.0359375
3 0.190625 0.6625 0.05 0.00625
3 0.2296875 0.6734375 0.0734375 0.0203125
3 0.06875 0.7078125 0.065625 0.0296875
2 0.040625 0.8296875 0.0296875 0.0328125
4 0.309375 0.790625 0.0390625 0.05
5 0.278125 0.90625 0.046875 0.0453125
5 0.1046875 0.9265625 0.0328125 0.065625
4 0.5125 0.734375 0.046875 0.065625
2 0.725 0.9203125 0.059375 0.096875
5 0.60390625 0.984375 0.0578125 0.03125
3 0.7046875 0.7375 0.078125 0.046875