4 0.3046875 0.209375 0.06875 0.059375
2 0.125 0.275 0.0515625 0.0578125
5 0.40078125 0.36875 0.0765625 0.021875
2 0.21484375 0.3640625 0.0421875 0.03125
4 0.9 0.071875 0.0640625 0.0625
3 0.9734375 0.02421875 0.053125 0.0484375
3 0.80234375 0.021875 0.1046875 0.04375
3 0.903125 0.015625 0.05625 0.03125
5 0.9765625 0.28125 0.03125 0.0546875
5 0.8203125 0.2734375 0.0296875 0.075
3 0.19140625 0.4015625 0.0546875 0.04375
3 0.28203125 0.3984375 0.0765625 0.0375
3 0.39609375 0.3984375 0.1046875 0.0375
4 0.3234375 0.465625 0.0375 0.0578125
2 0.14375 0.5609375 0.0671875 0.0578125
5 0.21875 0.6703125 0.0515625 0.0796875
5 0.44765625 0.71171875 0.0234375 0.0859375
3 0.6515625 0.40234375 0.0625 0.0453125
3 0.7265625 0.41015625 0.053125 0.0609375
3 0.796875 0.4140625 0.065625 0.06875
3 0.8703125 0.43125 0.059375 0.08125
2 0.8765625 0.5734375 0.040625 0.084375
2 0.6 0.5375 0.0515625 0.0625
5 0.8140625 0.6640625 0.0421875 0.059375
5 0.6328125 0.66875 0.0375 0.0625