4 0.021875 0.25859375 0.04375 0.0640625
3 0.05 0.1765625 0.1 0.075
2 0.1703125 0.346875 0.0515625 0.06875
5 0.0859375 0.49375 0.05 0.071875
6 0.178125 0.4640625 0.0359375 0.0828125
7 0.090625 0.6109375 0.0359375 0.1
2 0.6203125 0.33984375 0.02421875 0.0625
2 0.7828125 0.38828125 0.01640625 0.06484375
5 0.75390625 0.559375 0.01328125 0.096875
5 0.6328125 0.53359375 0.0171875 0.09453125
6 0.6140625 0.52265625 0.0125 0.0828125
6 0.77734375 0.53359375 0.0109375 0.096875
3 0.55625 0.9015625 0.065625 0.0453125
3 0.675 0.8984375 0.0578125 0.0578125