7 0.103125 0.2859375 0.0296875 0.0515625
7 0.2765625 0.2890625 0.0359375 0.0515625
2 0.35625 0.1109375 0.0328125 0.0453125
2 0.0625 0.075 0.05 0.03125
6 0.0625 0.3078125 0.034375 0.0578125
3 0.575 0.0828125 0.0984375 0.0375
2 0.646875 0.14375 0.028125 0.034375
6 0.6515625 0.2171875 0.0328125 0.0515625
5 0.24375 0.515625 0.034375 0.0703125
5 0.3453125 0.503125 0.0515625 0.0515625
6 0.3765625 0.571875 0.0359375 0.046875
6 0.2421875 0.5953125 0.0359375 0.046875
2 0.9265625 0.4703125 0.109375 0.0734375
6 0.95625 0.6203125 0.0734375 0.1046875
6 0.940625 0.7515625 0.075 0.1125
5 0.80625 0.6125 0.0734375 0.0671875
5 0.609375 0.64375 0.04375 0.0671875