7 0.28203125 0.4328125 0.0296875 0.0125
2 0.2421875 0.2421875 0.05 0.03125
3 0.5140625 0.103125 0.075 0.0265625
3 0.503125 0.1421875 0.0953125 0.03125
3 0.475 0.178125 0.103125 0.04375
3 0.5859375 0.16875 0.0484375 0.053125
3 0.70625 0.1875 0.0875 0.053125
3 0.7546875 0.221875 0.071875 0.04375
3 0.715625 0.1359375 0.1078125 0.040625
3 0.6328125 0.0828125 0.084375 0.0421875
4 0.490625 0.2453125 0.034375 0.05625
2 0.134375 0.5625 0.046875 0.0484375
3 0.2671875 0.490625 0.0921875 0.0515625
3 0.57421875 0.4484375 0.0578125 0.01875
3 0.646875 0.4609375 0.053125 0.04375