3 0.075 0.0359375 0.1296875 0.0296875
5 0.00625 0.23984375 0.0125 0.0609375
5 0.13125 0.25 0.0296875 0.0609375
2 0.909375 0.0328125 0.046875 0.065625
2 0.6 0.0109375 0.084375 0.021875
5 0.8484375 0.140625 0.0453125 0.084375
5 0.6796875 0.0953125 0.0625 0.05625
7 0.8484375 0.2171875 0.0375 0.0703125
7 0.65 0.1890625 0.0328125 0.084375
1 0.74375 0.253125 0.1109375 0.0578125
6 0.5875 0.1296875 0.046875 0.140625
6 0.909375 0.16875 0.0296875 0.06875
6 0.9171875 0.0953125 0.046875 0.0765625
0 0.7390625 0.0328125 0.0421875 0.053125
1 0.303125 0.8375 0.10625 0.040625
3 0.3515625 0.5609375 0.1546875 0.05625
3 0.74140625 0.5390625 0.0359375 0.05625
3 0.77734375 0.54375 0.0265625 0.07109375
3 0.8109375 0.54765625 0.0328125 0.0546875
2 0.71796875 0.6390625 0.01640625 0.0375
2 0.82734375 0.6546875 0.01640625 0.05625
5 0.80546875 0.7671875 0.0125 0.0578125
5 0.74296875 0.74296875 0.02890625 0.06953125
1 0.775 0.84375 0.02421875 0.03203125