3 0.40546875 0.007042253521126761 0.1265625 0.014084507042253521
2 0.2296875 0.15492957746478872 0.0375 0.07042253521126761
5 0.31875 0.3004694835680751 0.053125 0.09154929577464789
5 0.45859375 0.31338028169014087 0.0203125 0.09154929577464789
3 0.86328125 0.011737089201877934 0.0546875 0.023474178403755867
3 0.178125 0.6032863849765259 0.209375 0.0539906103286385
4 0.1515625 0.7065727699530516 0.0265625 0.05868544600938967
2 0.396875 0.795774647887324 0.06875 0.05868544600938967
5 0.296875 0.9812206572769953 0.059375 0.03755868544600939
4 0.784375 0.57981220657277 0.0359375 0.07042253521126761
5 0.7171875 0.8380281690140845 0.0375 0.11032863849765258
6 0.6921875 0.9413145539906104 0.04375 0.06338028169014084
3 0.728125 0.5328638497652582 0.046875 0.03755868544600939