4 0.03125 0.03292894280762565 0.0265625 0.05719237435008666
2 0.24375 0.11265164644714037 0.0640625 0.04852686308492201
4 0.85625 0.012131715771230503 0.053125 0.024263431542461005
5 0.790625 0.21143847487001732 0.0390625 0.10051993067590988
5 0.98046875 0.1681109185441941 0.0390625 0.0831889081455806
2 0.7265625 0.11438474870017332 0.04375 0.03292894280762565
1 0.9140625 0.35181975736568455 0.0734375 0.036395147313691506
6 0.7953125 0.3362218370883882 0.0390625 0.07279029462738301
3 0.1765625 0.5459272097053726 0.1296875 0.03292894280762565
2 0.00859375 0.6655112651646448 0.0171875 0.05199306759098787
5 0.0875 0.7729636048526863 0.053125 0.06759098786828423
5 0.2328125 0.7833622183708839 0.0296875 0.06759098786828423
3 0.5828125 0.49393414211438474 0.0875 0.09012131715771231
8 0.928125 0.5493934142114385 0.046875 0.07625649913344887
8 0.878125 0.6481802426343154 0.053125 0.07279029462738301
4 0.68125 0.4662045060658579 0.059375 0.03466204506065858
7 0.8671875 0.7157712305025996 0.05625 0.06239168110918544
7 0.98515625 0.5008665511265165 0.0296875 0.02772963604852686