2 0.209375 0.2546875 0.046875 0.034375
6 0.2328125 0.3375 0.0296875 0.0765625
7 0.03125 0.415625 0.0359375 0.0515625
7 0.1890625 0.3765625 0.028125 0.040625
6 0.0375 0.4765625 0.0484375 0.0515625
3 0.871875 0.1109375 0.0578125 0.0265625
3 0.928125 0.096875 0.0328125 0.053125
3 0.978125 0.1 0.04375 0.059375
5 0.9703125 0.2359375 0.0265625 0.034375
5 0.871875 0.234375 0.028125 0.0328125
3 0.03828125 0.796875 0.0765625 0.08125
3 0.1625 0.7046875 0.165625 0.08125
2 0.3265625 0.8375 0.05 0.071875
5 0.625 0.7484375 0.0546875 0.0546875
5 0.81875 0.7578125 0.0421875 0.071875
2 0.8890625 0.6359375 0.0390625 0.0625