2 0.2109375 0.3078125 0.046875 0.034375
6 0.234375 0.390625 0.0296875 0.0765625
7 0.0328125 0.46875 0.0359375 0.0515625
7 0.190625 0.4296875 0.028125 0.040625
6 0.0390625 0.5296875 0.0484375 0.0515625
3 0.7015625 0.00703125 0.084375 0.0140625
4 0.865625 0.0453125 0.028125 0.0625
4 0.8140625 0.05625 0.040625 0.0609375
4 0.9140625 0.03359375 0.040625 0.0671875
2 0.6328125 0.2109375 0.065625 0.04375
5 0.73125 0.4265625 0.0875 0.13125
1 0.7015625 0.5625 0.0734375 0.078125
4 0.1921875 0.7890625 0.0203125 0.0359375
2 0.0640625 0.8328125 0.0203125 0.0328125
2 0.2890625 0.8625 0.034375 0.046875
5 0.24375 0.9625 0.0421875 0.0578125
5 0.0859375 0.95 0.0484375 0.0640625
5 0.97265625 0.76796875 0.0546875 0.0578125
5 0.71796875 0.7625 0.0640625 0.046875