2 0.01640625 0.00625 0.0328125 0.0125
6 0.26640625 0.025 0.0296875 0.05
7 0.065625 0.090625 0.0359375 0.0515625
7 0.2234375 0.0515625 0.028125 0.040625
6 0.071875 0.1515625 0.0484375 0.0515625
4 0.7125 0.1375 0.021875 0.0484375
4 0.74375 0.1296875 0.0234375 0.0453125
5 0.8140625 0.28515625 0.028125 0.0078125
3 0.165625 0.4859375 0.071875 0.0265625
3 0.153125 0.51875 0.0921875 0.034375
3 0.1703125 0.5703125 0.0734375 0.0546875
3 0.2515625 0.5484375 0.04375 0.0390625
3 0.26875 0.5875 0.0640625 0.0390625
5 0.9265625 0.4578125 0.0765625 0.078125
5 0.71875 0.45 0.0703125 0.0765625