4 0.2953125 0.0734375 0.0640625 0.08125
5 0.165625 0.259375 0.08125 0.09375
5 0.346875 0.296875 0.04375 0.0875
7 0.1390625 0.3671875 0.0515625 0.096875
7 0.3390625 0.4125 0.0375 0.0796875
0 0.2890625 0.18125 0.05625 0.0515625
4 0.61796875 0.19453125 0.01328125 0.05859375
4 0.6296875 0.171875 0.01171875 0.06796875
3 0.6078125 0.1390625 0.03203125 0.03828125
3 0.615625 0.115625 0.025 0.03828125
3 0.64453125 0.1046875 0.02421875 0.04375
3 0.6625 0.1375 0.03515625 0.040625
5 0.66015625 0.33125 0.015625 0.0640625
5 0.365625 0.70625 0.0328125 0.0390625
6 0.4171875 0.753125 0.021875 0.046875
6 0.421875 0.70625 0.028125 0.040625
5 0.796875 0.7015625 0.065625 0.0796875
5 0.6390625 0.746875 0.05625 0.0875