4 0.30703125 0.140625 0.06484375 0.04140625
5 0.17578125 0.2359375 0.08203125 0.04765625
5 0.359375 0.2546875 0.04453125 0.04453125
7 0.14921875 0.290625 0.05234375 0.04921875
7 0.3515625 0.31328125 0.03828125 0.040625
0 0.30078125 0.19609375 0.05703125 0.0265625
3 0.60625 0.203125 0.0375 0.05625
3 0.6625 0.2140625 0.053125 0.046875
5 0.63125 0.390625 0.03125 0.0484375
2 0.1828125 0.7703125 0.109375 0.0734375
6 0.2125 0.9203125 0.0734375 0.1046875
5 0.0625 0.9125 0.0734375 0.0671875
5 0.678125 0.5921875 0.034375 0.0703125
5 0.7796875 0.5796875 0.0515625 0.0515625
6 0.8109375 0.6484375 0.0359375 0.046875
6 0.6765625 0.671875 0.0359375 0.046875