2 0.31171875 0.011737089201877934 0.0421875 0.023474178403755867
2 0.025 0.11854460093896714 0.05 0.07276995305164319
5 0.278125 0.1619718309859155 0.075 0.0892018779342723
5 0.10625 0.2511737089201878 0.05 0.11737089201877934
1 0.321875 0.3380281690140845 0.046875 0.12206572769953052
7 0.3109375 0.2605633802816901 0.0328125 0.08685446009389672
7 0.109375 0.3568075117370892 0.03125 0.06572769953051644
4 0.53203125 0.1936619718309859 0.0265625 0.12910798122065728
3 0.06875 0.6220657276995305 0.0421875 0.07746478873239436
3 0.1359375 0.5868544600938967 0.065625 0.06807511737089202
3 0.2140625 0.568075117370892 0.0625 0.07276995305164319
2 0.2828125 0.7276995305164319 0.0359375 0.07746478873239436
2 0.6390625 0.6713615023474179 0.0734375 0.0892018779342723
5 0.80625 0.8685446009389671 0.05 0.16666666666666666
4 0.90234375 0.4518779342723005 0.0671875 0.1056338028169014