3 0.196875 0.10859375 0.03125 0.06171875
3 0.2671875 0.06484375 0.0515625 0.0453125
2 0.3125 0.19140625 0.0203125 0.0703125
2 0.171875 0.3 0.03046875 0.05625
5 0.29609375 0.33203125 0.0359375 0.06875
5 0.21328125 0.40078125 0.02421875 0.090625
1 0.3171875 0.48046875 0.02265625 0.11953125
1 0.2296875 0.546875 0.03203125 0.06875
7 0.31171875 0.4078125 0.015625 0.0671875
7 0.21484375 0.48203125 0.01484375 0.05078125
3 0.7 0.0640625 0.109375 0.0765625
3 0.8203125 0.09375 0.090625 0.05625
3 0.8171875 0.0546875 0.0640625 0.03125
4 0.2078125 0.6765625 0.021875 0.0453125
4 0.234375 0.6734375 0.028125 0.046875
3 0.1609375 0.65859375 0.046875 0.0171875
5 0.334375 0.8484375 0.0375 0.053125
3 0.8828125 0.740625 0.0546875 0.0421875
2 0.9265625 0.8453125 0.040625 0.05
4 0.7953125 0.828125 0.0359375 0.0359375
5 0.865625 0.91875 0.05 0.046875
5 0.7515625 0.9515625 0.0328125 0.059375