2 0.4421875 0.046875 0.05625 0.0734375
2 0.0578125 0.0734375 0.0546875 0.084375
5 0.3625 0.1640625 0.09375 0.1234375
5 0.121875 0.196875 0.059375 0.1171875
7 0.1265625 0.303125 0.0578125 0.084375
7 0.409375 0.3 0.0546875 0.1
1 0.4109375 0.4078125 0.0421875 0.0875
1 0.253125 0.3734375 0.1296875 0.0421875
1 0.1375 0.4046875 0.065625 0.09375
8 0.7078125 0.2140625 0.046875 0.06875
8 0.6578125 0.303125 0.053125 0.065625
7 0.646875 0.3640625 0.05625 0.05625
7 0.7828125 0.1703125 0.065625 0.025
2 0.2640625 0.6328125 0.09375 0.0625
6 0.30625 0.8875 0.0375 0.09375
0 0.040625 0.6796875 0.0375 0.0390625
4 0.7796875 0.5546875 0.040625 0.009375
5 0.8265625 0.6359375 0.040625 0.0640625
5 0.7296875 0.646875 0.03125 0.053125
7 0.715625 0.70625 0.025 0.040625
7 0.8453125 0.7109375 0.0265625 0.053125
6 0.871875 0.615625 0.034375 0.04375