5 0.06328125 0.08125 0.0796875 0.1625
5 0.3890625 0.1140625 0.0703125 0.1421875
6 0.4578125 0.0265625 0.0625 0.053125
7 0.4140625 0.2609375 0.05 0.096875
7 0.0328125 0.2734375 0.0421875 0.115625
8 0.2140625 0.1078125 0.03125 0.0578125
3 0.2078125 0.540625 0.0890625 0.078125
3 0.2984375 0.5390625 0.065625 0.0734375
3 0.3890625 0.5296875 0.0984375 0.0625
4 0.328125 0.6078125 0.034375 0.0515625
5 0.4484375 0.7703125 0.08125 0.04375
5 0.2796875 0.809375 0.0359375 0.053125
7 0.4609375 0.8390625 0.0296875 0.05
7 0.2859375 0.8828125 0.0390625 0.0671875
1 0.4265625 0.8953125 0.0375 0.0328125
3 0.8078125 0.41484375 0.08125 0.0921875
3 0.9609375 0.4390625 0.078125 0.09375
2 0.709375 0.54375 0.0421875 0.059375
5 0.946875 0.7046875 0.0625 0.078125
5 0.7703125 0.66875 0.0453125 0.053125