5 0.34140625 0.01171875 0.0453125 0.0234375
7 0.3421875 0.0578125 0.0375 0.0703125
7 0.14296875 0.0359375 0.0328125 0.071875
1 0.2375 0.09375 0.1109375 0.0578125
6 0.08125 0.0203125 0.046875 0.040625
6 0.40234375 0.021875 0.0296875 0.04375
3 0.84375 0.0890625 0.059375 0.0421875
3 0.9234375 0.103125 0.0734375 0.0625
2 0.9484375 0.1859375 0.028125 0.05625
6 0.946875 0.2671875 0.034375 0.0609375
7 0.91328125 0.30078125 0.0265625 0.0578125
5 0.7953125 0.2359375 0.028125 0.025
2 0.38515625 0.628125 0.01796875 0.0484375
3 0.33828125 0.503125 0.046875 0.02421875
3 0.2921875 0.51796875 0.0296875 0.02265625
3 0.69375 0.4046875 0.0984375 0.0375
2 0.765625 0.465625 0.028125 0.034375
6 0.7703125 0.5390625 0.0328125 0.0515625