7 0.09375 0.071875 0.0328125 0.084375
1 0.175 0.13515625 0.0875 0.0578125
6 0.03125 0.04140625 0.046875 0.0828125
2 0.5140625 0.025 0.0640625 0.0484375
5 0.7734375 0.053125 0.075 0.059375
5 0.6015625 0.1125 0.05 0.078125
1 0.8171875 0.18125 0.046875 0.103125
1 0.634375 0.2390625 0.0671875 0.059375
7 0.80625 0.11875 0.0328125 0.0578125
7 0.6046875 0.1828125 0.03125 0.04375
5 0.034375 0.6984375 0.06875 0.04375
6 0.1203125 0.725 0.0515625 0.053125
3 0.0140625 0.48828125 0.028125 0.0296875
3 0.53359375 0.57734375 0.0828125 0.034375
3 0.540625 0.54296875 0.08671875 0.0421875
3 0.6546875 0.57109375 0.1 0.0421875
3 0.76328125 0.57421875 0.0953125 0.03828125
3 0.7546875 0.5421875 0.084375 0.0375
3 0.64765625 0.5390625 0.0796875 0.053125
2 0.459375 0.66796875 0.0640625 0.05
2 0.82734375 0.665625 0.0453125 0.046875
5 0.7703125 0.7640625 0.06875 0.053125
5 0.54375 0.75625 0.08125 0.05546875
6 0.48515625 0.82890625 0.0515625 0.0671875
1 0.66640625 0.85546875 0.078125 0.0265625