5 0.30625 0.275 0.0515625 0.1046875
7 0.2796875 0.415625 0.05625 0.09375
4 0.59375 0.1796875 0.0625 0.0796875
6 0.7296875 0.45 0.0328125 0.11875
5 0.5203125 0.353125 0.0421875 0.0921875
2 0.74375 0.2265625 0.0359375 0.059375
2 0.2578125 0.6578125 0.040625 0.0515625
5 0.01640625 0.77890625 0.0328125 0.0828125
5 0.1984375 0.7796875 0.0515625 0.103125
1 0.1046875 0.9234375 0.0953125 0.034375
7 0.2015625 0.8796875 0.0171875 0.0609375
7 0.01015625 0.8671875 0.0203125 0.04375
1 0.0046875 0.92734375 0.009375 0.0328125
2 0.78046875 0.63828125 0.0546875 0.0390625