3 0.35 0.02824858757062147 0.065625 0.05649717514124294
5 0.178125 0.3465160075329567 0.04375 0.14124293785310735
5 0.0171875 0.3069679849340866 0.034375 0.07156308851224105
4 0.90859375 0.015065913370998116 0.0328125 0.030131826741996232
2 0.759375 0.05649717514124294 0.04375 0.05273069679849341
5 0.83125 0.2128060263653484 0.05625 0.09981167608286252
1 0.93125 0.3860640301318267 0.0953125 0.04143126177024482
7 0.834375 0.3182674199623352 0.025 0.05273069679849341
1 0.8203125 0.391713747645951 0.0328125 0.03954802259887006
6 0.7703125 0.2598870056497175 0.0375 0.07909604519774012
3 0.45703125 0.4887005649717514 0.0609375 0.0583804143126177
3 0.3859375 0.4934086629001883 0.05 0.05649717514124294
2 0.34375 0.623352165725047 0.034375 0.05649717514124294
6 0.6890625 0.591337099811676 0.0375 0.10922787193973635
7 0.73125 0.6177024482109228 0.03125 0.15819209039548024
5 0.759375 0.5084745762711864 0.040625 0.062146892655367235
5 0.959375 0.512241054613936 0.04375 0.096045197740113
1 0.7640625 0.7099811676082862 0.028125 0.047080979284369114
1 0.9625 0.6911487758945386 0.0296875 0.06591337099811675