3 0.228125 0.071875 0.02421875 0.09765625
5 0.16484375 0.38515625 0.01640625 0.12890625
5 0.10390625 0.34921875 0.01640625 0.065625
7 0.165625 0.5328125 0.01953125 0.1015625
7 0.09375 0.43828125 0.0140625 0.06328125
3 0.190625 0.0171875 0.0328125 0.02421875
3 0.540625 0.0921875 0.0234375 0.0421875
3 0.540625 0.1359375 0.03125 0.0296875
3 0.4140625 0.096875 0.0671875 0.021875
4 0.453125 0.178125 0.021875 0.0453125
2 0.6 0.2453125 0.0421875 0.05
5 0.39140625 0.359375 0.0453125 0.075
5 0.5640625 0.353125 0.0484375 0.0515625
1 0.5703125 0.4484375 0.0328125 0.059375
1 0.540625 0.5015625 0.0453125 0.0234375
4 0.321875 0.6984375 0.0171875 0.046875
4 0.35 0.703125 0.021875 0.0375
4 0.3015625 0.6890625 0.021875 0.046875
5 0.259375 0.8390625 0.0453125 0.0703125
2 0.65625 0.8765625 0.0453125 0.040625
3 0.81875 0.7734375 0.065625 0.0265625
5 0.725 0.9765625 0.046875 0.0421875
5 0.859375 0.99453125 0.025 0.0109375