2 0.1703125 0.2671875 0.0265625 0.028125
5 0.121875 0.321875 0.0359375 0.0359375
5 0.0421875 0.3203125 0.03125 0.0421875
7 0.1390625 0.3796875 0.03125 0.0625
7 0.0328125 0.390625 0.0265625 0.0515625
2 0.88125 0.0625 0.0625 0.0625
2 0.58203125 0.11328125 0.0265625 0.0515625
5 0.6328125 0.2109375 0.028125 0.0625
5 0.8265625 0.165625 0.09375 0.0515625
6 0.8890625 0.2859375 0.03125 0.1375
1 0.765625 0.35 0.0609375 0.01875
0 0.54609375 0.625 0.0453125 0.075
5 0.3984375 0.73125 0.0796875 0.0796875
3 0.696875 0.728125 0.0921875 0.0453125