2 0.109375 0.084375 0.0265625 0.028125
5 0.0609375 0.1390625 0.0359375 0.0359375
7 0.078125 0.196875 0.03125 0.0625
5 0.6734375 0.103125 0.0390625 0.0671875
5 0.8 0.1125 0.034375 0.065625
7 0.7921875 0.1703125 0.0328125 0.040625
3 0.284375 0.5015625 0.0921875 0.0359375
3 0.146875 0.5078125 0.1015625 0.0359375
4 0.784375 0.653125 0.053125 0.0875
2 0.9671875 0.740625 0.034375 0.065625
2 0.590625 0.7625 0.0578125 0.065625
5 0.8875 0.8515625 0.09375 0.0734375
5 0.6625 0.8640625 0.08125 0.084375
6 0.6234375 0.9125 0.05 0.103125
6 0.9515625 0.865625 0.0296875 0.0796875