2 0.2109375 0.2796875 0.0390625 0.0359375
2 0.39375 0.278125 0.0265625 0.028125
5 0.3453125 0.3328125 0.0359375 0.0359375
5 0.265625 0.33125 0.03125 0.0421875
7 0.3625 0.390625 0.03125 0.0625
7 0.25625 0.4015625 0.0265625 0.0515625
3 0.8640625 0.09921875 0.03046875 0.06015625
3 0.81328125 0.09609375 0.0265625 0.04765625
4 0.8390625 0.1390625 0.0078125 0.03671875
4 0.8265625 0.1453125 0.00859375 0.04140625
5 0.846875 0.26875 0.015625 0.05859375
5 0.8046875 0.2640625 0.01484375 0.05078125
7 0.8515625 0.33828125 0.01171875 0.05859375
7 0.79609375 0.33046875 0.0109375 0.06171875
1 0.8234375 0.35390625 0.0265625 0.028125
6 0.86640625 0.3046875 0.0078125 0.034375
4 0.12421875 0.5875 0.0515625 0.0375
2 0.5203125 0.7375 0.06875 0.090625
0 0.178125 0.75 0.053125 0.0796875
5 0.01953125 0.93671875 0.0390625 0.1265625
5 0.334375 0.9046875 0.0765625 0.084375
6 0.5140625 0.9359375 0.071875 0.1109375
4 0.64765625 0.584375 0.0796875 0.03125
5 0.7703125 0.7484375 0.06875 0.0921875
2 0.8375 0.6015625 0.03125 0.0234375