5 0.0984375 0.2609375 0.06875 0.0921875
2 0.165625 0.1140625 0.03125 0.0234375
3 0.01796875 0.0078125 0.0359375 0.015625
4 0.803125 0.2328125 0.021875 0.0796875
3 0.7796875 0.1578125 0.1609375 0.046875
2 0.634375 0.3 0.05 0.0796875
3 0.06171875 0.63125 0.1234375 0.0875
3 0.1875 0.6453125 0.0828125 0.090625
3 0.290625 0.653125 0.0984375 0.1078125
4 0.1359375 0.740625 0.0375 0.06875
2 0.346875 0.834375 0.053125 0.08125
5 0.06171875 0.96484375 0.0578125 0.0703125
5 0.26484375 0.9671875 0.0703125 0.065625
2 0.6359375 0.4546875 0.059375 0.03125
6 0.93359375 0.45859375 0.0765625 0.0390625
5 0.7546875 0.58125 0.053125 0.0890625
6 0.725 0.4796875 0.06875 0.059375