5 0.4515625 0.26875 0.015625 0.103125
3 0.409375 0.0265625 0.075 0.0328125
3 0.63515625 0.10625 0.05546875 0.0453125
4 0.62890625 0.140625 0.01875 0.02109375
2 0.67421875 0.19765625 0.0125 0.03125
2 0.58359375 0.16796875 0.01328125 0.0375
5 0.59609375 0.2203125 0.0171875 0.02265625
5 0.64375 0.23671875 0.01640625 0.0375
3 0.02578125 0.65 0.0515625 0.034375
3 0.084375 0.65 0.0484375 0.05
3 0.15625 0.6453125 0.06875 0.028125
3 0.14375 0.675 0.0515625 0.025
2 0.6625 0.5828125 0.034375 0.0359375
2 0.4859375 0.590625 0.0203125 0.0296875