2 0.3234375 0.125 0.059375 0.0765625
5 0.2578125 0.2671875 0.0875 0.06875
5 0.015625 0.31484375 0.03125 0.1015625
5 0.6875 0.1859375 0.0453125 0.0625
6 0.6203125 0.275 0.025 0.0515625
3 0.09375 0.7953125 0.0828125 0.0296875
3 0.01484375 0.79921875 0.0296875 0.0265625
4 0.05 0.8515625 0.025 0.0359375
5 0.0078125 0.9453125 0.015625 0.053125
5 0.1140625 0.9375 0.05625 0.0640625
2 0.1578125 0.8671875 0.0359375 0.04375
3 0.821875 0.5375 0.0421875 0.0234375
3 0.8515625 0.55625 0.0828125 0.0203125
4 0.8921875 0.5953125 0.021875 0.0515625
4 0.9171875 0.6 0.0265625 0.040625
3 0.9203125 0.55 0.05625 0.034375
3 0.97578125 0.53984375 0.0484375 0.0328125
3 0.975 0.56875 0.05 0.04375
3 0.8671875 0.53046875 0.040625 0.0234375
2 0.7953125 0.64375 0.0328125 0.025