3 0.2109375 0.125 0.1390625 0.0421875
3 0.390625 0.1109375 0.1546875 0.03125
2 0.1171875 0.3046875 0.05625 0.0765625
2 0.51328125 0.27421875 0.0515625 0.0765625
5 0.4515625 0.4171875 0.0875 0.06875
5 0.196875 0.465625 0.05625 0.1015625
3 0.79375 0.0328125 0.0625 0.0640625
3 0.715625 0.053125 0.0796875 0.0546875
4 0.8109375 0.1296875 0.0515625 0.0875
2 0.6234375 0.2015625 0.075 0.0546875
6 0.6390625 0.409375 0.0359375 0.109375
5 0.684375 0.371875 0.05 0.06875
1 0.7875 0.4375 0.059375 0.034375
1 0.8828125 0.4328125 0.04375 0.04375
2 0.9109375 0.171875 0.034375 0.05
1 0.63828125 0.76015625 0.0484375 0.0203125