3 0.31795716639209226 0.221875 0.16474464579901152 0.1171875
3 0.5238879736408567 0.259375 0.1614497528830313 0.0921875
4 0.40362438220757824 0.3171875 0.02800658978583196 0.0546875
2 0.20098846787479407 0.375 0.06754530477759473 0.06875
2 0.5601317957166392 0.459375 0.05601317957166392 0.0609375
5 0.4843492586490939 0.5390625 0.06260296540362438 0.071875
5 0.2487644151565074 0.48125 0.09719934102141681 0.0421875
7 0.4925864909390445 0.609375 0.036243822075782535 0.0640625
6 0.17462932454695224 0.5390625 0.05271828665568369 0.1609375
6 0.5370675453047776 0.5890625 0.047775947281713346 0.0953125
2 0.7924217462932455 0.196875 0.044481054365733116 0.0390625
5 0.7265238879736409 0.3234375 0.05601317957166392 0.053125
6 0.7924217462932455 0.409375 0.05271828665568369 0.090625
3 0.35090609555189456 0.9125 0.09225700164744646 0.053125
3 0.44481054365733114 0.9296875 0.06754530477759473 0.0796875
3 0.5255354200988468 0.90625 0.060955518945634266 0.0875
3 0.5996705107084019 0.8890625 0.05930807248764415 0.078125
4 0.47364085667215816 0.97578125 0.03789126853377265 0.0484375
3 0.9621087314662273 0.84921875 0.0757825370675453 0.0734375
3 0.8056013179571664 0.8734375 0.09884678747940692 0.028125
4 0.8780889621087314 0.9375 0.03130148270181219 0.0671875