3 0.2640625 0.2421875 0.15625 0.1171875
3 0.459375 0.2796875 0.153125 0.0921875
4 0.3453125 0.3375 0.0265625 0.0546875
2 0.153125 0.3953125 0.0640625 0.06875
6 0.9578125 0.128125 0.034375 0.1
3 0.3390625 0.590625 0.0640625 0.0171875
3 0.4109375 0.5859375 0.053125 0.021875
4 0.8 0.7328125 0.0296875 0.071875
4 0.7703125 0.74375 0.025 0.04375
3 0.8625 0.6609375 0.071875 0.0390625
3 0.878125 0.696875 0.0546875 0.0546875
3 0.6921875 0.69375 0.0765625 0.04375
3 0.7515625 0.6796875 0.0421875 0.0625
2 0.63671875 0.809375 0.0359375 0.05
5 0.7015625 0.9046875 0.046875 0.0640625