2 0.134375 0.1234375 0.0671875 0.06875
5 0.253125 0.203125 0.053125 0.109375
5 0.3921875 0.2125 0.04375 0.1125
7 0.396875 0.309375 0.0359375 0.084375
7 0.2296875 0.321875 0.040625 0.0859375
6 0.1484375 0.2296875 0.0609375 0.1015625
6 0.915625 0.08125 0.0546875 0.046875
6 0.7421875 0.0671875 0.0453125 0.059375
7 0.0921875 0.76875 0.040625 0.096875
5 0.2859375 0.771875 0.046875 0.1
6 0.2734375 0.853125 0.0453125 0.1
6 0.0734375 0.6875 0.0390625 0.071875
4 0.3 0.58203125 0.0375 0.0640625
5 0.1578125 0.6875 0.0671875 0.0734375
7 0.2375 0.871875 0.03125 0.0875
3 0.5546875 0.6140625 0.103125 0.04375
4 0.54375 0.646875 0.034375 0.0203125
2 0.6265625 0.7015625 0.0234375 0.0296875
5 0.5703125 0.7390625 0.0296875 0.0359375