3 0.2578125 0.09169550173010381 0.11875 0.06055363321799308
2 0.2046875 0.3166089965397924 0.065625 0.07439446366782007
5 0.784375 0.15570934256055363 0.0515625 0.09688581314878893
3 0.80078125 0.39273356401384085 0.1734375 0.0657439446366782
4 0.6390625 0.47923875432525953 0.071875 0.10207612456747404
2 0.9078125 0.583044982698962 0.0890625 0.07093425605536333
0 0.6921875 0.6176470588235294 0.0328125 0.10726643598615918
6 0.9109375 0.7318339100346021 0.071875 0.13321799307958476
5 0.7609375 0.745674740484429 0.0765625 0.10726643598615918
5 0.578125 0.7975778546712803 0.04375 0.10726643598615918
1 0.82265625 0.9411764705882353 0.0578125 0.11764705882352941
1 0.68828125 0.972318339100346 0.0390625 0.05536332179930796
1 0.7671875 0.9532871972318339 0.0359375 0.06055363321799308
3 0.6296875 0.38408304498269896 0.1109375 0.04498269896193772