7 0.459375 0.26484375 0.01875 0.0609375
6 0.596875 0.00625 0.025 0.0125
1 0.6359375 0.0234375 0.03125 0.0359375
3 0.3765625 0.5265625 0.053125 0.021875
3 0.421875 0.5171875 0.0328125 0.04375
3 0.4578125 0.50703125 0.021875 0.0234375
3 0.73125 0.39765625 0.15625 0.0359375
3 0.925 0.41015625 0.15 0.0609375
4 0.8125 0.453125 0.0265625 0.0546875
2 0.6203125 0.5109375 0.0640625 0.06875
2 0.9609375 0.5953125 0.053125 0.0609375
5 0.8890625 0.675 0.059375 0.071875
5 0.665625 0.6171875 0.0921875 0.0421875
7 0.896875 0.7453125 0.034375 0.0640625
6 0.5953125 0.675 0.05 0.1609375
6 0.9390625 0.725 0.0453125 0.0953125