3 0.50078125 0.10859375 0.0578125 0.065625
3 0.4046875 0.1046875 0.05078125 0.0515625
4 0.453125 0.1515625 0.015625 0.03984375
4 0.4296875 0.1578125 0.01640625 0.04453125
5 0.46875 0.2921875 0.0296875 0.06328125
5 0.38828125 0.28671875 0.028125 0.0546875
7 0.478125 0.36796875 0.02265625 0.06328125
7 0.37265625 0.359375 0.0203125 0.0671875
1 0.4234375 0.38515625 0.05078125 0.03125
6 0.50546875 0.33203125 0.015625 0.0375
3 0.88984375 0.08125 0.015625 0.0625
3 0.875 0.09921875 0.0109375 0.053125
3 0.88828125 0.13046875 0.0125 0.0390625
3 0.86171875 0.0828125 0.01171875 0.04453125
3 0.8328125 0.1015625 0.01015625 0.05703125
3 0.3734375 0.74140625 0.0828125 0.01171875
3 0.46640625 0.7375 0.07890625 0.0171875
5 0.3171875 0.80546875 0.0484375 0.0265625
5 0.44765625 0.8078125 0.05546875 0.021875
7 0.46875 0.83359375 0.0375 0.01953125
7 0.29765625 0.83125 0.04296875 0.0171875
2 0.5046875 0.778125 0.046875 0.01484375
2 0.2515625 0.77734375 0.0375 0.0140625
2 0.8921875 0.97734375 0.075 0.0453125