3 0.25 0.0578125 0.0765625 0.059375
3 0.1234375 0.0546875 0.0671875 0.046875
4 0.1875 0.096875 0.0203125 0.0359375
4 0.15625 0.103125 0.021875 0.040625
5 0.2078125 0.225 0.0390625 0.0578125
5 0.1015625 0.2203125 0.0375 0.05
7 0.2203125 0.29375 0.0296875 0.0578125
7 0.08125 0.2859375 0.0265625 0.0609375
1 0.1484375 0.309375 0.0671875 0.028125
6 0.25625 0.2609375 0.0203125 0.034375
3 0.5953125 0.0859375 0.053125 0.034375
3 0.665625 0.0765625 0.0671875 0.025
4 0.64375 0.109375 0.0171875 0.0328125
2 0.5625 0.1546875 0.0359375 0.0296875
1 0.6671875 0.2421875 0.059375 0.021875
2 0.175 0.596875 0.0640625 0.0796875
3 0.409375 0.471875 0.1265625 0.0421875
3 0.915625 0.5328125 0.0421875 0.0234375
3 0.9453125 0.5515625 0.0828125 0.0203125
4 0.9859375 0.590625 0.021875 0.0515625
3 0.99296875 0.5453125 0.0140625 0.034375
3 0.9609375 0.521875 0.040625 0.03125
2 0.8890625 0.6390625 0.0328125 0.025