2 0.60625 0.0359375 0.05 0.059375
2 0.9640625 0.1359375 0.046875 0.0625
3 0.8140625 0.01015625 0.05625 0.0203125
3 0.89296875 0.015625 0.0796875 0.03125
5 0.65625 0.209375 0.0734375 0.0765625
5 0.85625 0.271875 0.0515625 0.0875
5 0.6109375 0.2875 0.025 0.0484375
5 0.8734375 0.3453125 0.0265625 0.04375
7 0.8375 0.3734375 0.025 0.0578125
3 0.0546875 0.4875 0.0234375 0.0421875
3 0.0546875 0.53125 0.03125 0.0296875
2 0.1140625 0.640625 0.0421875 0.05
5 0.078125 0.7484375 0.0484375 0.0515625
1 0.084375 0.84375 0.0328125 0.059375
1 0.0546875 0.896875 0.0453125 0.0234375
5 0.95 0.5546875 0.053125 0.1078125
5 0.796875 0.5703125 0.0421875 0.078125