3 0.37109375 0.015625 0.1015625 0.03125
4 0.45 0.0546875 0.03125 0.0796875
2 0.2546875 0.228125 0.078125 0.075
3 0.971875 0.28359375 0.05625 0.0390625
2 0.946875 0.478125 0.08125 0.0375
3 0.409375 0.634375 0.071875 0.034375
3 0.478125 0.634375 0.0484375 0.05
3 0.55 0.6296875 0.06875 0.028125
3 0.5375 0.659375 0.0515625 0.025
3 0.7109375 0.56875 0.040625 0.05625
3 0.7546875 0.5875 0.0328125 0.05625
3 0.8015625 0.59375 0.0421875 0.0484375
3 0.8421875 0.59375 0.025 0.0578125
5 0.7015625 0.7453125 0.0296875 0.05625
5 0.8015625 0.7546875 0.0265625 0.0375
4 0.7734375 0.6421875 0.01875 0.028125