5 0.3875 0.3255269320843091 0.0609375 0.09836065573770492
5 0.25625 0.37236533957845436 0.0375 0.117096018735363
8 0.328125 0.3911007025761124 0.0609375 0.053864168618266976
7 0.41875 0.44730679156908665 0.0421875 0.05620608899297424
7 0.25625 0.4918032786885246 0.04375 0.07962529274004684
1 0.3546875 0.5105386416861827 0.08125 0.0702576112412178
4 0.25234375 0.5784543325526932 0.0453125 0.01873536299765808
2 0.3953125 0.6229508196721312 0.0359375 0.06557377049180328
2 0.09375 0.585480093676815 0.04375 0.03278688524590164
8 0.1734375 0.8032786885245902 0.0515625 0.06088992974238876
8 0.290625 0.8266978922716628 0.05 0.0585480093676815
7 0.321875 0.927400468384075 0.0421875 0.07494145199063232
7 0.11875 0.9039812646370023 0.040625 0.09133489461358314
1 0.2859375 0.9812646370023419 0.034375 0.03747072599531616
5 0.15 0.7330210772833724 0.05625 0.09836065573770492
5 0.31875 0.765807962529274 0.053125 0.11943793911007025
1 0.1546875 0.9789227166276346 0.046875 0.04215456674473068
4 0.9578125 0.6323185011709602 0.0171875 0.0585480093676815
5 0.9015625 0.8266978922716628 0.0375 0.11943793911007025
7 0.8921875 0.9344262295081968 0.021875 0.0702576112412178
2 0.8609375 0.7166276346604216 0.025 0.0468384074941452