5 0.278125 0.30703125 0.04296875 0.0703125
5 0.1859375 0.33984375 0.0265625 0.08359375
8 0.2359375 0.353125 0.04296875 0.03828125
7 0.3 0.39296875 0.0296875 0.03984375
7 0.1859375 0.425 0.03046875 0.05703125
1 0.2546875 0.43828125 0.05703125 0.05
2 0.8171875 0.3375 0.04375 0.05
0 0.9015625 0.35 0.04375 0.025
3 0.93125 0.2484375 0.034375 0.028125
6 0.8046875 0.4203125 0.034375 0.0703125
4 0.284375 0.659375 0.0484375 0.0484375
4 0.2203125 0.665625 0.0390625 0.046875
3 0.29765625 0.61328125 0.0984375 0.0265625
3 0.20234375 0.61796875 0.0765625 0.0359375
2 0.4328125 0.7328125 0.0421875 0.0640625
2 0.121875 0.7453125 0.034375 0.0640625
4 0.7609375 0.6875 0.0796875 0.0625
5 0.70703125 0.8921875 0.0140625 0.103125
5 0.8828125 0.8671875 0.06875 0.0921875
2 0.95 0.7203125 0.03125 0.0234375
3 0.7875 0.6109375 0.065625 0.021875