3 0.6421875 0.03125 0.225 0.0625
3 0.86171875 0.01953125 0.1890625 0.0390625
6 0.4953125 0.3828125 0.1 0.1265625
5 0.95703125 0.41953125 0.0828125 0.0609375
5 0.6015625 0.41953125 0.0875 0.0609375
4 0.8828125 0.1109375 0.09375 0.0671875
3 0.18203125 0.4625 0.0765625 0.025
4 0.25703125 0.52109375 0.0234375 0.0578125
6 0.134375 0.790625 0.0359375 0.0796875
3 0.64453125 0.4640625 0.1078125 0.028125
3 0.7875 0.4765625 0.115625 0.053125
4 0.703125 0.51875 0.0234375 0.0390625
2 0.84375 0.5953125 0.046875 0.065625
2 0.565625 0.5484375 0.0390625 0.04375