3 0.1234375 0.065625 0.0859375 0.05625
4 0.0265625 0.1046875 0.0375 0.028125
2 0.1515625 0.1609375 0.053125 0.053125
5 0.0703125 0.25 0.0453125 0.071875
7 0.09375 0.3328125 0.03125 0.0828125
1 0.02578125 0.34609375 0.0515625 0.0359375
6 0.15625 0.2234375 0.040625 0.0484375
6 0.1421875 0.29375 0.04375 0.065625
3 0.44375 0.2890625 0.0703125 0.0640625
3 0.509375 0.284375 0.0515625 0.0671875
4 0.19375 0.665625 0.028125 0.053125
4 0.228125 0.6734375 0.028125 0.0578125
3 0.2875 0.6265625 0.065625 0.0453125
3 0.0984375 0.6140625 0.0515625 0.034375
3 0.2296875 0.609375 0.0453125 0.053125
3 0.34375 0.58125 0.046875 0.053125
3 0.1671875 0.6078125 0.0515625 0.05
5 0.2875 0.9015625 0.0625 0.1
5 0.1296875 0.903125 0.0421875 0.0921875
7 0.2984375 0.99140625 0.0375 0.0171875
7 0.11953125 0.9921875 0.0421875 0.015625
3 0.95 0.6765625 0.05625 0.0453125
3 0.9921875 0.696875 0.015625 0.05