4 0.2828125 0.21875 0.040625 0.0609375
5 0.3484375 0.4140625 0.053125 0.1078125
5 0.1953125 0.4296875 0.0421875 0.078125
3 0.321875 0.1453125 0.140625 0.0390625
3 0.20625 0.1609375 0.059375 0.0453125
3 0.9390625 0.10625 0.0671875 0.0359375
2 0.8734375 0.2140625 0.046875 0.0640625
6 0.8625 0.315625 0.0359375 0.075
5 0.9359375 0.30625 0.0421875 0.0546875
6 0.8359375 0.2484375 0.028125 0.053125
7 0.01171875 0.8171875 0.0234375 0.0375
3 0.684375 0.6328125 0.0890625 0.025
4 0.7359375 0.7171875 0.0265625 0.059375
5 0.796875 0.909375 0.0328125 0.046875
5 0.6578125 0.925 0.0359375 0.0453125
7 0.63046875 0.9875 0.0203125 0.025
7 0.821875 0.9859375 0.025 0.028125