3 0.0515625 0.05 0.0859375 0.0953125
3 0.1515625 0.0640625 0.0796875 0.1140625
5 0.053125 0.2921875 0.046875 0.0546875
6 0.134375 0.2734375 0.0359375 0.0640625
2 0.5359375 0.2515625 0.05625 0.0484375
2 0.84375 0.246875 0.0453125 0.0453125
6 0.534375 0.353125 0.046875 0.0734375
3 0.2515625 0.55 0.0515625 0.0265625
3 0.31875 0.5390625 0.046875 0.0359375
3 0.3765625 0.51640625 0.046875 0.0453125
2 0.23125 0.6375 0.028125 0.034375
6 0.24375 0.709375 0.028125 0.0453125
5 0.39140625 0.6953125 0.0171875 0.0375
4 0.7875 0.634375 0.0640625 0.0375
5 0.853125 0.7765625 0.0390625 0.0546875
5 0.7234375 0.7734375 0.0421875 0.0546875
7 0.8734375 0.8640625 0.0328125 0.053125
3 0.76953125 0.49921875 0.2109375 0.0203125
3 0.715625 0.54375 0.0703125 0.0265625