3 0.184375 0.03359375 0.090625 0.0671875
3 0.2890625 0.053125 0.0859375 0.0953125
5 0.290625 0.2953125 0.046875 0.0546875
6 0.103125 0.1875 0.053125 0.03125
5 0.98125 0.11328125 0.0375 0.0484375
5 0.8515625 0.125 0.040625 0.0484375
7 0.9890625 0.1671875 0.021875 0.046875
1 0.865625 0.1890625 0.028125 0.034375
2 0.7953125 0.053125 0.0296875 0.0359375
4 0.2828125 0.5265625 0.0171875 0.0453125
4 0.3109375 0.525 0.0265625 0.0484375
3 0.2296875 0.4625 0.0546875 0.0296875
5 0.2390625 0.6421875 0.034375 0.065625
5 0.2234375 0.703125 0.01875 0.0453125
7 0.24375 0.7234375 0.0296875 0.0515625
1 0.2765625 0.71875 0.021875 0.0328125
2 0.2015625 0.5625 0.0234375 0.0328125
3 0.7546875 0.665625 0.053125 0.0578125
3 0.8609375 0.6609375 0.065625 0.08125
3 0.6875 0.6875 0.059375 0.0515625
4 0.7953125 0.728125 0.06875 0.0359375
2 0.6484375 0.80625 0.0328125 0.046875
2 0.9546875 0.8109375 0.0296875 0.046875
0 0.8609375 0.8515625 0.0328125 0.053125
0 0.7390625 0.84375 0.0234375 0.0375
5 0.7015625 0.9203125 0.040625 0.09375
5 0.8859375 0.9171875 0.0546875 0.0625
6 0.92890625 0.96796875 0.0203125 0.0640625
6 0.6453125 0.9015625 0.0265625 0.096875