5 0.0875 0.02578125 0.046875 0.0515625
6 0.16796875 0.01875 0.0359375 0.0375
3 0.7171875 0.0234375 0.0671875 0.040625
4 0.75625 0.065625 0.0203125 0.04375
3 0.778125 0.0203125 0.040625 0.040625
3 0.82890625 0.01171875 0.0453125 0.0234375
3 0.840625 0.0421875 0.05 0.040625
3 0.875 0.025 0.0421875 0.0390625
5 0.66875 0.2125 0.0359375 0.0640625
5 0.8125 0.23125 0.0328125 0.0640625
3 0.0203125 0.4640625 0.040625 0.06875
4 0.2359375 0.4640625 0.090625 0.06875
6 0.128125 0.7328125 0.0875 0.0671875
5 0.2234375 0.7859375 0.0640625 0.1546875
6 0.0265625 0.78125 0.053125 0.1125
2 0.434375 0.66875 0.0703125 0.0421875
2 0.8921875 0.7640625 0.053125 0.078125
4 0.7015625 0.68125 0.05625 0.028125
4 0.6828125 0.596875 0.025 0.0765625
4 0.7390625 0.6140625 0.0265625 0.06875
5 0.553125 0.8265625 0.0796875 0.0828125
5 0.7859375 0.896875 0.059375 0.103125
7 0.47734375 0.95234375 0.0578125 0.0953125
7 0.78125 0.984375 0.0375 0.03125
8 0.659375 0.9078125 0.1125 0.03125
6 0.85859375 0.975 0.0296875 0.05