3 0.3796875 0.1703125 0.0578125 0.0875
3 0.4578125 0.1765625 0.0765625 0.0453125
3 0.54296875 0.1640625 0.0515625 0.053125
4 0.5171875 0.2296875 0.0359375 0.025
2 0.371875 0.3 0.0546875 0.0546875
5 0.4671875 0.375 0.0359375 0.0625
7 0.4609375 0.471875 0.0375 0.04375
3 0.9125 0.1265625 0.05 0.040625
3 0.9640625 0.1234375 0.040625 0.05625
3 0.9953125 0.1421875 0.009375 0.05625
2 0.9015625 0.2265625 0.034375 0.0375
5 0.9546875 0.3 0.0296875 0.05625
5 0.35625 0.64375 0.0484375 0.0484375
3 0.5640625 0.5578125 0.009375 0.0375
3 0.53203125 0.54375 0.0484375 0.009375
3 0.8046875 0.7953125 0.053125 0.0390625
3 0.8734375 0.790625 0.0515625 0.0296875
3 0.7453125 0.80625 0.0484375 0.0328125
2 0.91875 0.875 0.0390625 0.0328125
2 0.725 0.9046875 0.03125 0.04375
5 0.878125 0.9609375 0.0515625 0.0484375
5 0.7734375 0.96875 0.0328125 0.0515625
6 0.9375 0.9359375 0.0265625 0.059375
4 0.8046875 0.834375 0.0265625 0.0421875