3 0.4515625 0.01875 0.053125 0.0375
3 0.52109375 0.009375 0.0671875 0.01875
4 0.5 0.04583333333333333 0.0171875 0.04375
2 0.41875 0.10625 0.0359375 0.03958333333333333
1 0.5234375 0.22291666666666668 0.059375 0.029166666666666667
5 0.984375 0.06666666666666667 0.021875 0.04375
6 0.9328125 0.03125 0.034375 0.0625
5 0.309375 0.7979166666666667 0.0609375 0.0875
5 0.178125 0.8395833333333333 0.0375 0.10416666666666667
8 0.25 0.85625 0.0609375 0.04791666666666667
7 0.340625 0.90625 0.0421875 0.05
7 0.178125 0.9458333333333333 0.04375 0.07083333333333333
1 0.2765625 0.9625 0.08125 0.0625
3 0.8578125 0.4979166666666667 0.090625 0.0375
3 0.97109375 0.5083333333333333 0.0578125 0.05