3 0.2 0.16627634660421545 0.053125 0.05152224824355972
3 0.2703125 0.1522248243559719 0.0671875 0.03747072599531616
4 0.2484375 0.20140515222482436 0.0171875 0.04918032786885246
2 0.16640625 0.2576112412177986 0.0359375 0.0234192037470726
3 0.73828125 0.11592505854800937 0.0171875 0.053864168618266976
3 0.78125 0.0351288056206089 0.0734375 0.03981264637002342
3 0.7953125 0.08196721311475409 0.0671875 0.0468384074941452
3 0.8640625 0.03395784543325527 0.05625 0.06791569086651054
3 0.92890625 0.026932084309133488 0.0515625 0.053864168618266976
4 0.821875 0.17798594847775176 0.03125 0.06323185011709602
5 0.25625 0.4707259953161593 0.0453125 0.0936768149882904
6 0.1890625 0.6042154566744731 0.025 0.07728337236533958