3 0.3859375 0.134375 0.053125 0.034375
3 0.45625 0.125 0.0671875 0.025
4 0.434375 0.1578125 0.0171875 0.0328125
2 0.353125 0.203125 0.0359375 0.0296875
1 0.4578125 0.290625 0.059375 0.021875
3 0.690625 0.03125 0.1171875 0.0375
3 0.6375 0.08125 0.071875 0.0328125
3 0.75625 0.0578125 0.0734375 0.028125
2 0.890625 0.190625 0.05 0.06875
6 0.8984375 0.3875 0.0375 0.1
5 0.2703125 0.6390625 0.0578125 0.13125
5 0.4734375 0.63125 0.0703125 0.1046875
1 0.3765625 0.821875 0.146875 0.0328125
3 0.7328125 0.7359375 0.0703125 0.0703125
3 0.60546875 0.7328125 0.0515625 0.046875
3 0.6234375 0.77421875 0.0875 0.0390625
3 0.6796875 0.7625 0.059375 0.0421875