3 0.1125 0.1 0.0890625 0.078125
3 0.203125 0.0984375 0.065625 0.0734375
3 0.29375 0.0890625 0.0984375 0.0625
4 0.2328125 0.1671875 0.034375 0.0515625
5 0.3578125 0.3296875 0.090625 0.04375
5 0.184375 0.36875 0.0359375 0.053125
7 0.365625 0.3984375 0.0296875 0.05
7 0.190625 0.4421875 0.0390625 0.0671875
1 0.33125 0.4546875 0.0375 0.0328125
3 0.6671875 0.2234375 0.1265625 0.0375
2 0.846875 0.3078125 0.0625 0.0625
2 0.5453125 0.359375 0.03125 0.0515625
5 0.5984375 0.45625 0.028125 0.0625
5 0.7921875 0.4109375 0.09375 0.0515625
6 0.8546875 0.50625 0.03125 0.0875
2 0.046875 0.56171875 0.05 0.0234375
2 0.3453125 0.5703125 0.034375 0.040625
5 0.2734375 0.634375 0.053125 0.0703125
5 0.128125 0.625 0.04375 0.0765625
7 0.090625 0.7421875 0.028125 0.0625
7 0.296875 0.7828125 0.0359375 0.0796875
3 0.6828125 0.671875 0.0421875 0.05
3 0.7453125 0.678125 0.05 0.0515625
3 0.803125 0.6859375 0.040625 0.0546875
3 0.859375 0.721875 0.046875 0.05
3 0.8578125 0.6734375 0.0421875 0.0296875
4 0.7734375 0.7546875 0.0453125 0.0484375
5 0.6921875 0.925 0.040625 0.059375
5 0.8609375 0.921875 0.0390625 0.0640625