3 0.14375 0.1671875 0.0890625 0.078125
3 0.234375 0.165625 0.065625 0.0734375
3 0.325 0.15625 0.0984375 0.0625
4 0.2640625 0.234375 0.034375 0.0515625
5 0.3890625 0.396875 0.090625 0.04375
5 0.215625 0.4359375 0.0359375 0.053125
7 0.39609375 0.46484375 0.0296875 0.0484375
7 0.22109375 0.48203125 0.0390625 0.0140625
3 0.878125 0.1046875 0.0640625 0.06875
4 0.940625 0.1671875 0.0375 0.028125
2 0.83125 0.2109375 0.025 0.04375
5 0.98046875 0.3125 0.0390625 0.071875
5 0.8703125 0.3 0.034375 0.0640625
7 0.99609375 0.39453125 0.0078125 0.0828125
7 0.8625 0.3734375 0.028125 0.0703125
1 0.9296875 0.409375 0.0734375 0.0359375
4 0.403125 0.5703125 0.0515625 0.09375
2 0.10625 0.765625 0.071875 0.1015625
0 0.45625 0.7609375 0.053125 0.0796875
5 0.271875 0.9421875 0.090625 0.115625
6 0.115625 0.925 0.0640625 0.1296875