3 0.15 0.1640625 0.04765625 0.07265625
3 0.21875 0.14921875 0.0390625 0.0546875
3 0.25703125 0.125 0.03359375 0.06796875
4 0.1921875 0.23671875 0.0109375 0.0546875
2 0.1296875 0.3484375 0.01796875 0.06171875
2 0.284375 0.29140625 0.0125 0.07265625
6 0.29609375 0.478125 0.0203125 0.153125
5 0.2625 0.46875 0.03203125 0.12265625
5 0.1703125 0.50625 0.021875 0.140625
4 0.771875 0.3 0.0421875 0.059375
5 0.6953125 0.44375 0.0390625 0.0671875
5 0.821875 0.453125 0.034375 0.065625
7 0.8140625 0.5109375 0.0328125 0.040625
3 0.771875 0.2609375 0.075 0.0296875
3 0.3578125 0.965625 0.040625 0.0125
3 0.2875 0.9671875 0.0421875 0.0125
4 0.325 0.9890625 0.025 0.021875
3 0.6953125 0.95390625 0.071875 0.0921875
3 0.78203125 0.9484375 0.0703125 0.103125
3 0.859375 0.9359375 0.0578125 0.0890625
3 0.928125 0.940625 0.0578125 0.0953125