3 0.15625 0.11285266457680251 0.096875 0.05172413793103448
3 0.296875 0.10188087774294671 0.0796875 0.03918495297805643
3 0.375 0.08463949843260188 0.06875 0.048589341692789965
4 0.2421875 0.164576802507837 0.021875 0.03918495297805643
2 0.115625 0.2445141065830721 0.0375 0.0438871473354232
2 0.43125 0.20376175548589343 0.025 0.05172413793103448
6 0.4546875 0.33699059561128525 0.0421875 0.109717868338558
5 0.3875 0.33072100313479624 0.065625 0.0877742946708464
5 0.1984375 0.3573667711598746 0.0453125 0.10031347962382445
3 0.2234375 0.6567398119122257 0.0890625 0.04075235109717868
3 0.1375 0.6755485893416928 0.059375 0.03918495297805643
3 0.209375 0.6927899686520376 0.0703125 0.0438871473354232
3 0.0546875 0.6536050156739812 0.0640625 0.048589341692789965
2 0.2421875 0.8432601880877743 0.0453125 0.05329153605015674