4 0.3578125 0.1578125 0.0625 0.0796875
6 0.49375 0.428125 0.0328125 0.11875
5 0.284375 0.33125 0.0421875 0.0921875
2 0.5078125 0.2046875 0.0359375 0.059375
3 0.7875 0.084375 0.0640625 0.0609375
3 0.8734375 0.084375 0.078125 0.059375
3 0.959375 0.090625 0.0765625 0.0640625
4 0.8828125 0.1328125 0.028125 0.0546875
6 0.96875 0.296875 0.0546875 0.046875
6 0.7953125 0.2828125 0.0453125 0.059375
4 0.55546875 0.634375 0.0078125 0.05
2 0.4140625 0.7015625 0.046875 0.0390625
5 0.4734375 0.7953125 0.040625 0.06875
7 0.4625 0.8703125 0.03125 0.05625
3 0.95546875 0.6234375 0.0890625 0.028125
5 0.97109375 0.821875 0.0578125 0.05625
4 0.865625 0.678125 0.0203125 0.0421875
3 0.83125 0.6375 0.0390625 0.046875