4 0.228125 0.11875 0.0625 0.0796875
6 0.36328125 0.36484375 0.0328125 0.0703125
5 0.1546875 0.2921875 0.0421875 0.0921875
2 0.36953125 0.165625 0.0203125 0.059375
3 0.465625 0.178125 0.1140625 0.065625
3 0.5984375 0.175 0.115625 0.0609375
4 0.5453125 0.2328125 0.0203125 0.0328125
2 0.3953125 0.30859375 0.03125 0.0265625
2 0.6734375 0.3015625 0.025 0.053125
3 0.18203125 0.48984375 0.02109375 0.0265625
4 0.15546875 0.5703125 0.01953125 0.03203125
3 0.15 0.521875 0.009375 0.046875
3 0.1546875 0.4734375 0.02265625 0.0296875
3 0.121875 0.53828125 0.02578125 0.028125
3 0.178125 0.521875 0.02109375 0.025
3 0.17109375 0.43828125 0.02578125 0.0265625
3 0.1765625 0.46171875 0.01875 0.0265625
5 0.18359375 0.7015625 0.0140625 0.06640625
5 0.13515625 0.73203125 0.0125 0.075
7 0.134375 0.8296875 0.0109375 0.05703125
7 0.18828125 0.80859375 0.015625 0.05703125
6 0.121875 0.81015625 0.0109375 0.05
6 0.2046875 0.69140625 0.01484375 0.05859375
6 0.109375 0.73203125 0.0109375 0.0484375
2 0.1984375 0.59140625 0.01171875 0.04296875
2 0.1046875 0.628125 0.01171875 0.04296875
3 0.69765625 0.6015625 0.0171875 0.05234375
2 0.7328125 0.69375 0.025 0.04921875
2 0.5859375 0.7109375 0.0234375 0.03984375
5 0.6296875 0.8 0.0234375 0.08125
6 0.73359375 0.82890625 0.015625 0.0796875