4 0.18125 0.2078125 0.0625 0.0796875
2 0.33046875 0.2421875 0.0359375 0.034375
5 0.6625 0.11875 0.0453125 0.103125
5 0.853125 0.09375 0.06875 0.0921875
3 0.25625 0.51875 0.0515625 0.034375
3 0.3453125 0.5234375 0.06875 0.0390625
2 0.196875 0.6046875 0.04375 0.040625
2 0.3953125 0.6125 0.0265625 0.04375
5 0.240625 0.6796875 0.021875 0.0328125
5 0.3578125 0.6828125 0.0234375 0.04375
6 0.1890625 0.653125 0.034375 0.046875
4 0.74609375 0.4890625 0.0078125 0.0484375
4 0.75859375 0.4875 0.01171875 0.0515625
3 0.7875 0.4203125 0.0234375 0.0234375
3 0.72265625 0.4203125 0.02421875 0.03203125
5 0.7828125 0.58984375 0.021875 0.05390625
5 0.7265625 0.61328125 0.01484375 0.0703125
7 0.78984375 0.675 0.0109375 0.06171875
5 0.71953125 0.678125 0.00859375 0.0484375
7 0.72890625 0.7 0.01328125 0.05546875
1 0.74296875 0.6953125 0.009375 0.03515625
5 0.79921875 0.6484375 0.01171875 0.0515625
2 0.8015625 0.52109375 0.015625 0.05546875
2 0.71015625 0.52734375 0.01015625 0.03515625
3 0.784375 0.4484375 0.0234375 0.0234375