5 0.509375 0.1328125 0.0796875 0.06875
3 0.8328125 0.046875 0.075 0.0390625
3 0.8375 0.084375 0.0671875 0.0484375
4 0.715625 0.1234375 0.05 0.053125
2 0.8734375 0.178125 0.034375 0.0390625
5 0.8140625 0.3109375 0.05625 0.05625
6 0.8609375 0.31875 0.0296875 0.0625
3 0.0375 0.459375 0.075 0.0375
3 0.0828125 0.5125 0.078125 0.034375
3 0.2359375 0.521875 0.0890625 0.0390625
3 0.19375 0.4890625 0.0859375 0.034375
3 0.115625 0.4859375 0.0578125 0.04375
4 0.1515625 0.596875 0.0515625 0.0546875
3 0.01875 0.5421875 0.0375 0.028125
3 0.8078125 0.6625 0.1109375 0.0484375
4 0.903125 0.709375 0.0296875 0.0578125
4 0.9140625 0.74375 0.0625 0.034375
2 0.75 0.8015625 0.040625 0.059375
6 0.75625 0.896875 0.05625 0.078125
8 0.93125 0.98515625 0.1375 0.0296875
5 0.8375 0.9546875 0.040625 0.090625