2 0.646875 0.0390625 0.0375 0.05
3 0.196875 0.509375 0.03125 0.04296875
4 0.19609375 0.57734375 0.0078125 0.05625
5 0.1859375 0.7421875 0.01015625 0.1109375
5 0.2234375 0.73671875 0.0125 0.0734375
3 0.1703125 0.50390625 0.0140625 0.07109375
3 0.5296875 0.48671875 0.13671875 0.028125
2 0.72421875 0.55 0.06796875 0.046875
2 0.3984375 0.5890625 0.03359375 0.0390625
5 0.45546875 0.6609375 0.03046875 0.046875
5 0.66484375 0.62734375 0.1015625 0.0390625
6 0.7328125 0.7171875 0.03359375 0.103125
1 0.59921875 0.765625 0.065625 0.0140625