3 0.3348314606741573 0.071875 0.12134831460674157 0.0609375
2 0.2157303370786517 0.1625 0.06741573033707865 0.06875
6 0.18651685393258427 0.246875 0.06292134831460675 0.075
3 0.44719101123595506 0.00234375 0.058426966292134834 0.0046875
3 0.5157303370786517 0.0046875 0.056179775280898875 0.009375
4 0.4258426966292135 0.01640625 0.015730337078651686 0.0265625
2 0.5797752808988764 0.071875 0.04269662921348315 0.034375
5 0.5123595505617977 0.125 0.051685393258426963 0.046875
2 0.3056179775280899 0.98203125 0.0853932584269663 0.0359375
3 0.9224719101123595 0.76484375 0.1550561797752809 0.0359375
3 0.9404494382022472 0.8109375 0.11910112359550562 0.046875
3 0.7865168539325843 0.828125 0.1101123595505618 0.0390625
3 0.8247191011235955 0.8765625 0.11910112359550562 0.04375
4 0.9629213483146067 0.9453125 0.07415730337078652 0.065625
2 0.6876404494382022 0.97734375 0.0898876404494382 0.0453125