3 0.053125 0.05 0.10625 0.06875
3 0.203125 0.065625 0.1515625 0.0609375
5 0.02109375 0.33515625 0.0421875 0.0828125
5 0.25 0.35 0.0578125 0.0890625
7 0.01328125 0.48671875 0.0265625 0.1140625
3 0.6546875 0.128125 0.0578125 0.065625
3 0.7140625 0.1078125 0.046875 0.0640625
4 0.784375 0.1640625 0.034375 0.0734375
3 0.775 0.078125 0.0515625 0.025
3 0.840625 0.1125 0.0609375 0.05
2 0.615625 0.275 0.0375 0.05
6 0.7109375 0.3125 0.0359375 0.0484375
5 0.734375 0.3828125 0.034375 0.0796875
1 0.8359375 0.521875 0.0625 0.03125
1 0.740625 0.515625 0.040625 0.0390625
1 0.8359375 0.484375 0.0296875 0.04375
6 0.5890625 0.4890625 0.05 0.046875
2 0.20625 0.6859375 0.0375 0.059375
5 0.42734375 0.7421875 0.0234375 0.04375
3 0.853125 0.8140625 0.1 0.065625
4 0.9703125 0.8421875 0.040625 0.053125
2 0.8390625 0.953125 0.053125 0.059375
3 0.94375 0.7625 0.0265625 0.078125