3 0.1703125 0.125 0.115625 0.065625
3 0.3296875 0.13125 0.1359375 0.08125
4 0.2453125 0.2 0.053125 0.0484375
5 0.16171875 0.41171875 0.0328125 0.0765625
5 0.32421875 0.40859375 0.0578125 0.0828125
4 0.734375 0.1296875 0.0546875 0.04375
5 0.8015625 0.2484375 0.0390625 0.0546875
5 0.690625 0.265625 0.03125 0.0625
7 0.690625 0.3375 0.0234375 0.040625
1 0.7546875 0.3453125 0.0375 0.0203125
3 0.4890625 0.63359375 0.021875 0.0234375
2 0.4609375 0.709375 0.028125 0.0375
5 0.49140625 0.7578125 0.0171875 0.05
6 0.4734375 0.80625 0.0265625 0.04375
2 0.6296875 0.8484375 0.0625 0.0796875
2 0.9828125 0.85859375 0.034375 0.0578125
3 0.9265625 0.73125 0.06875 0.0328125
5 0.93671875 0.971875 0.0546875 0.05625