4 0.171875 0.01796875 0.053125 0.0359375
5 0.0890625 0.2359375 0.0328125 0.1
5 0.2515625 0.228125 0.0578125 0.0953125
7 0.2625 0.3515625 0.0328125 0.0703125
7 0.078125 0.334375 0.025 0.0625
2 0.47109375 0.1546875 0.059375 0.02578125
2 0.82734375 0.1453125 0.04921875 0.03125
4 0.66640625 0.103125 0.04453125 0.028125
4 0.6109375 0.10234375 0.028125 0.0296875
3 0.746875 0.06171875 0.07578125 0.02265625
3 0.646875 0.0546875 0.10390625 0.02109375
3 0.54296875 0.06015625 0.0625 0.0234375
5 0.76484375 0.21015625 0.059375 0.02734375
5 0.5484375 0.21015625 0.0359375 0.03359375
3 0.17890625 0.6265625 0.01640625 0.0234375
3 0.20390625 0.6203125 0.01640625 0.0234375
2 0.21796875 0.7015625 0.00703125 0.04375
2 0.165625 0.7015625 0.00859375 0.0375
5 0.209375 0.7484375 0.01015625 0.0390625
5 0.17734375 0.75 0.01015625 0.05
6 0.16953125 0.7984375 0.0078125 0.04375
2 0.5625 0.825 0.0625 0.065625
2 0.815625 0.775 0.04375 0.059375
3 0.6390625 0.709375 0.078125 0.034375
4 0.7125 0.725 0.0328125 0.065625
5 0.784375 0.853125 0.0453125 0.0578125
5 0.6546875 0.8765625 0.046875 0.0609375