3 0.3140625 0.1875 0.109375 0.084375
3 0.159375 0.2 0.078125 0.0921875
4 0.2515625 0.265625 0.0296875 0.0578125
4 0.2078125 0.2671875 0.0265625 0.0625
5 0.3109375 0.43125 0.0734375 0.0890625
5 0.1421875 0.446875 0.059375 0.0734375
7 0.13515625 0.5203125 0.0515625 0.0375
7 0.3484375 0.5265625 0.040625 0.025
0 0.25 0.3453125 0.0609375 0.05625
4 0.703125 0.059375 0.0265625 0.046875
4 0.7453125 0.046875 0.021875 0.046875
2 0.5453125 0.11875 0.0453125 0.04375
5 0.7859375 0.24375 0.0484375 0.05625
5 0.634375 0.2421875 0.0484375 0.0703125
4 0.7109375 0.103125 0.04375 0.0234375
3 0.6140625 0.01953125 0.03125 0.0390625
3 0.740625 0.0109375 0.0734375 0.021875
3 0.55 0.621875 0.1390625 0.0390625
3 0.4375 0.6375 0.0640625 0.0296875
5 0.584375 0.7984375 0.0375 0.040625
5 0.446875 0.8171875 0.034375 0.0421875
1 0.521875 0.9078125 0.059375 0.0234375