3 0.428125 0.246875 0.1453125 0.084375
3 0.2546875 0.259375 0.078125 0.0921875
4 0.346875 0.325 0.0296875 0.0578125
4 0.303125 0.3265625 0.0265625 0.0625
2 0.5203125 0.4109375 0.046875 0.0796875
5 0.40546875 0.45703125 0.0734375 0.0234375
0 0.3453125 0.4046875 0.0609375 0.05625
3 0.8484375 0.04375 0.0828125 0.05
2 0.809375 0.1625 0.0484375 0.0625
6 0.796875 0.246875 0.04375 0.075
5 0.9046875 0.309375 0.0609375 0.0578125
3 0.215625 0.559375 0.0796875 0.0421875
3 0.2828125 0.6 0.0484375 0.0453125
3 0.33125 0.59375 0.046875 0.040625
6 0.0328125 0.8484375 0.034375 0.0796875
7 0.7796875 0.8296875 0.015625 0.0421875
7 0.6859375 0.8140625 0.021875 0.046875