5 0.2484375 0.29182156133828996 0.071875 0.10594795539033457
7 0.1375 0.3587360594795539 0.034375 0.05762081784386617
7 0.2953125 0.379182156133829 0.034375 0.06133828996282528
3 0.56171875 0.1691449814126394 0.0640625 0.06319702602230483
3 0.6375 0.16728624535315986 0.0546875 0.0724907063197026
4 0.56875 0.24349442379182157 0.025 0.06691449814126393
5 0.6796875 0.5092936802973977 0.0375 0.040892193308550186
2 0.3328125 0.6468401486988847 0.0421875 0.05018587360594796
5 0.5140625 0.7379182156133829 0.03125 0.06691449814126393
5 0.3796875 0.7527881040892194 0.0375 0.07992565055762081
1 0.4296875 0.8940520446096655 0.05 0.022304832713754646
4 0.4453125 0.5892193308550185 0.0484375 0.02973977695167286
3 0.5546875 0.5966542750929368 0.0375 0.03345724907063197
4 0.5984375 0.6431226765799256 0.015625 0.0724907063197026
5 0.60625 0.8847583643122676 0.0296875 0.09665427509293681