3 0.60625 0.10669975186104218 0.090625 0.03970223325062035
3 0.5328125 0.12406947890818859 0.040625 0.02977667493796526
5 0.628125 0.2878411910669975 0.0234375 0.04218362282878412
5 0.5390625 0.3076923076923077 0.021875 0.04218362282878412
1 0.5875 0.40198511166253104 0.0375 0.02481389578163772
5 0.084375 0.8858560794044665 0.0390625 0.12903225806451613
5 0.23125 0.8759305210918115 0.0484375 0.10421836228287841
6 0.3046875 0.956575682382134 0.025 0.08684863523573201
6 0.3203125 0.7965260545905707 0.0453125 0.13647642679900746
4 0.953125 0.8486352357320099 0.021875 0.05707196029776675
3 0.88125 0.8039702233250621 0.05 0.02977667493796526
3 0.9890625 0.7704714640198511 0.021875 0.04714640198511166
3 0.9375 0.7816377171215881 0.0234375 0.04962779156327544
3 0.8984375 0.7617866004962779 0.0359375 0.03722084367245657
2 0.8625 0.9354838709677419 0.034375 0.052109181141439205