5 0.1546875 0.2234375 0.078125 0.071875
6 0.2296875 0.2875 0.0296875 0.1125
3 0.865625 0.109375 0.0578125 0.0484375
3 0.953125 0.1015625 0.059375 0.046875
4 0.9546875 0.15625 0.05625 0.0421875
2 0.8171875 0.25 0.025 0.0640625
0 0.9921875 0.284375 0.015625 0.040625
5 0.8875 0.3375 0.0453125 0.0609375
7 0.871875 0.43125 0.028125 0.0546875
1 0.9203125 0.49375 0.03125 0.0484375
1 0.9703125 0.4765625 0.040625 0.0296875
8 0.9578125 0.36875 0.0671875 0.0328125
6 0.8265625 0.390625 0.0234375 0.040625
4 0.1671875 0.965625 0.05625 0.06875
2 0.37109375 0.98125 0.0578125 0.0375
3 0.1140625 0.8875 0.1125 0.04375
3 0.2765625 0.8484375 0.1390625 0.0515625
3 0.2640625 0.91875 0.1046875 0.0296875
3 0.503125 0.6484375 0.0578125 0.053125
3 0.6015625 0.6328125 0.04375 0.0359375
3 0.55234375 0.634375 0.0421875 0.05
2 0.49375 0.75625 0.0515625 0.046875
2 0.7109375 0.7109375 0.025 0.0375
5 0.5828125 0.8453125 0.040625 0.08125
5 0.721875 0.8203125 0.0484375 0.0609375
1 0.684375 0.9390625 0.0546875 0.0234375
6 0.496875 0.8265625 0.03125 0.0453125