5 0.0171875 0.4671361502347418 0.0265625 0.11737089201877934
5 0.1453125 0.4507042253521127 0.04375 0.10328638497652583
7 0.159375 0.5610328638497653 0.03125 0.07511737089201878
7 0.0171875 0.5868544600938967 0.025 0.08450704225352113
1 0.08046875 0.6115023474178404 0.0265625 0.035211267605633804
3 0.5609375 0.07276995305164319 0.1203125 0.051643192488262914
5 0.21875 0.7253521126760564 0.034375 0.05868544600938967
5 0.3171875 0.7230046948356808 0.0265625 0.056338028169014086
6 0.1765625 0.7065727699530516 0.0234375 0.0539906103286385
6 0.3390625 0.7629107981220657 0.025 0.06338028169014084
3 0.7 0.7183098591549296 0.0421875 0.06572769953051644
3 0.7484375 0.7183098591549296 0.0390625 0.06103286384976526
3 0.803125 0.7183098591549296 0.0484375 0.06807511737089202
3 0.853125 0.715962441314554 0.0375 0.07511737089201878
2 0.684375 0.8497652582159625 0.025 0.04929577464788732
2 0.86875 0.8615023474178404 0.025 0.04929577464788732
5 0.83125 0.9483568075117371 0.034375 0.04460093896713615
5 0.7265625 0.9413145539906104 0.0375 0.04460093896713615