3 0.4 0.1828125 0.0515625 0.0609375
4 0.4765625 0.2640625 0.0390625 0.04375
5 0.4015625 0.3734375 0.0421875 0.046875
6 0.29375 0.425 0.0453125 0.0828125
6 0.346875 0.4140625 0.0328125 0.090625
7 0.515625 0.4640625 0.028125 0.0671875
3 0.678125 0.315625 0.0546875 0.0640625
3 0.684375 0.24375 0.071875 0.0578125
3 0.8265625 0.246875 0.075 0.0578125
3 0.903125 0.2140625 0.053125 0.075
3 0.8328125 0.1875 0.0578125 0.0578125
3 0.7578125 0.2328125 0.0515625 0.0296875
4 0.85625 0.3625 0.0515625 0.0375
2 0.675 0.459375 0.0609375 0.065625
6 0.7578125 0.5484375 0.05625 0.0625
6 0.715625 0.6015625 0.046875 0.0609375
5 0.80625 0.578125 0.040625 0.0953125
5 0.76171875 0.64609375 0.0453125 0.0265625
7 0.9625 0.64609375 0.0375 0.0265625
3 0.015625 0.790625 0.03125 0.0375
2 0.0609375 0.9 0.046875 0.0421875
5 0.84921875 0.68046875 0.0359375 0.0421875