3 0.3828125 0.23613963039014374 0.0515625 0.08008213552361396
4 0.459375 0.34291581108829566 0.0390625 0.057494866529774126
3 0.825 0.049281314168377825 0.0375 0.03696098562628337
4 0.86875 0.10061601642710473 0.015625 0.08008213552361396
2 0.7265625 0.1457905544147844 0.040625 0.0513347022587269
5 0.7515625 0.27720739219712526 0.04375 0.08008213552361396
5 0.8765625 0.3675564681724846 0.0296875 0.10677618069815195
5 0.1015625 0.6673511293634496 0.0421875 0.09034907597535935
5 0.23125 0.6591375770020534 0.046875 0.07597535934291581
6 0.2640625 0.6735112936344969 0.028125 0.09240246406570841
1 0.1125 0.7535934291581109 0.0203125 0.061601642710472276
1 0.2359375 0.728952772073922 0.0359375 0.055441478439425054
2 0.04375 0.5749486652977412 0.028125 0.055441478439425054
2 0.2546875 0.5195071868583162 0.040625 0.039014373716632446
4 0.1328125 0.48254620123203285 0.0375 0.03285420944558522
4 0.9734375 0.5051334702258727 0.015625 0.055441478439425054
4 0.996875 0.5 0.00625 0.0513347022587269
5 0.91875 0.6529774127310062 0.046875 0.06776180698151951
7 0.909375 0.728952772073922 0.0234375 0.059548254620123205
6 0.878125 0.702258726899384 0.01875 0.06776180698151951
2 0.884375 0.5749486652977412 0.0203125 0.043121149897330596