3 0.03359375 0.2160751565762004 0.0671875 0.05636743215031315
4 0.128125 0.2630480167014614 0.021875 0.07724425887265135
3 0.2171875 0.20876826722338204 0.08125 0.07724425887265135
3 0.6609375 0.07724425887265135 0.03125 0.031315240083507306
3 0.7125 0.06680584551148225 0.0390625 0.04384133611691023
3 0.7625 0.07306889352818371 0.0453125 0.04384133611691023
5 0.6734375 0.2546972860125261 0.0375 0.06889352818371608
5 0.775 0.2588726513569937 0.03125 0.060542797494780795
2 0.575 0.6534446764091858 0.03125 0.008350730688935281
2 0.7828125 0.662839248434238 0.03125 0.027139874739039668
5 0.73125 0.7515657620041754 0.0453125 0.05636743215031315
5 0.6140625 0.7348643006263048 0.03125 0.0709812108559499