3 0.0734375 0.3645621181262729 0.10625 0.054989816700611
4 0.1875 0.4093686354378819 0.021875 0.07535641547861507
3 0.2765625 0.3564154786150713 0.08125 0.07535641547861507
3 0.5078125 0.6843177189409368 0.05625 0.06313645621181263
3 0.5890625 0.6639511201629328 0.0734375 0.05295315682281059
5 0.4796875 0.9266802443991853 0.0421875 0.08961303462321792
5 0.609375 0.9185336048879837 0.046875 0.07535641547861507
6 0.6390625 0.9317718940936863 0.021875 0.09164969450101833
1 0.48984375 0.9908350305498982 0.0203125 0.018329938900203666
1 0.61328125 0.9796334012219959 0.0359375 0.04073319755600815
2 0.421875 0.835030549898167 0.028125 0.054989816700611
2 0.63125 0.7790224032586558 0.0375 0.038696537678207736
4 0.5109375 0.7433808553971487 0.0375 0.032586558044806514
4 0.771875 0.8553971486761711 0.025 0.07942973523421588
2 0.9890625 0.9623217922606925 0.021875 0.07535641547861507