3 0.45390625 0.13984375 0.0515625 0.0578125
2 0.396875 0.2234375 0.0265625 0.0328125
5 0.4453125 0.3015625 0.0375 0.0546875
3 0.8203125 0.015625 0.05625 0.03125
4 0.9515625 0.0421875 0.0375 0.065625
4 0.9015625 0.05 0.0296875 0.0625
2 0.7859375 0.1671875 0.053125 0.059375
5 0.8484375 0.25625 0.046875 0.053125
7 0.8859375 0.390625 0.046875 0.0703125
7 0.25078125 0.80234375 0.0078125 0.04296875
7 0.20625 0.7859375 0.01015625 0.04765625
3 0.9296875 0.45 0.09375 0.034375
3 0.8328125 0.490625 0.0875 0.0421875
5 0.9828125 0.67421875 0.034375 0.0609375
5 0.8609375 0.6671875 0.05 0.06875