6 0.01328125 0.3897550111358575 0.0265625 0.17371937639198218
3 0.66875 0.1358574610244989 0.0421875 0.031180400890868598
3 0.7 0.1714922048997773 0.0546875 0.0400890868596882
3 0.653125 0.18040089086859687 0.0328125 0.035634743875278395
3 0.7125 0.22717149220489977 0.0484375 0.044543429844097995
2 0.7296875 0.3051224944320713 0.046875 0.07349665924276169
6 0.7296875 0.4142538975501114 0.046875 0.0935412026726058
6 0.7546875 0.5011135857461024 0.0359375 0.0779510022271715
6 0.7109375 0.5679287305122495 0.034375 0.08240534521158129
6 0.821875 0.5256124721603563 0.0453125 0.07349665924276169
5 0.6828125 0.45657015590200445 0.03125 0.06904231625835189
4 0.609375 0.2650334075723831 0.0203125 0.04899777282850779
5 0.53515625 0.6614699331848553 0.0609375 0.044543429844097995