3 0.3109375 0.08450704225352113 0.071875 0.08215962441314555
3 0.16875 0.08685446009389672 0.059375 0.09389671361502347
2 0.5546875 0.1643192488262911 0.0296875 0.07042253521126761
3 0.2140625 0.6314553990610329 0.125 0.046948356807511735
2 0.3 0.7629107981220657 0.0296875 0.03286384976525822
2 0.128125 0.7629107981220657 0.0265625 0.03990610328638498
5 0.253125 0.8403755868544601 0.03125 0.06338028169014084
5 0.16875 0.8380281690140845 0.0328125 0.0539906103286385
4 0.59375 0.7863849765258216 0.0375 0.07276995305164319
3 0.553125 0.7030516431924883 0.028125 0.06807511737089202
3 0.678125 0.7230046948356808 0.0609375 0.0539906103286385
3 0.678125 0.6737089201877934 0.0703125 0.08215962441314555
3 0.6109375 0.687793427230047 0.0625 0.0892018779342723
2 0.7328125 0.8896713615023474 0.0421875 0.06338028169014084