3 0.384375 0.14375 0.071875 0.0546875
3 0.2421875 0.1453125 0.059375 0.0625
3 0.7640625 0.05546875 0.028125 0.0421875
3 0.8140625 0.0546875 0.040625 0.028125
3 0.8640625 0.05625 0.04375 0.040625
5 0.8765625 0.1890625 0.034375 0.0421875
5 0.778125 0.1953125 0.03125 0.0390625
6 0.90234375 0.24765625 0.0234375 0.0421875
6 0.765625 0.246875 0.028125 0.04375
6 0.9171875 0.1625 0.034375 0.04375
3 0.2234375 0.48125 0.0546875 0.046875
3 0.315625 0.48125 0.0875 0.04140625
3 0.41875 0.49609375 0.0890625 0.0421875
3 0.4609375 0.5203125 0.1296875 0.03203125
4 0.35 0.6171875 0.0859375 0.04375
2 0.1546875 0.6296875 0.065625 0.046875
2 0.5625 0.62734375 0.0640625 0.0515625
0 0.3546875 0.65859375 0.0546875 0.03203125
5 0.2265625 0.728125 0.075 0.06484375
6 0.534375 0.80703125 0.046875 0.0671875
6 0.16875 0.78828125 0.0609375 0.07109375
1 0.46875 0.84921875 0.0640625 0.06484375
3 0.865625 0.39296875 0.01171875 0.0328125
3 0.88828125 0.41875 0.01328125 0.034375
4 0.8796875 0.51015625 0.0078125 0.0609375
5 0.8578125 0.66875 0.01171875 0.0671875
5 0.89375 0.69296875 0.0046875 0.05078125
2 0.8484375 0.55703125 0.009375 0.04296875
2 0.903125 0.58984375 0.00625 0.04296875