3 0.23671875 0.1734375 0.0390625 0.05625
3 0.284375 0.19453125 0.0390625 0.071875
5 0.2046875 0.3734375 0.0234375 0.06640625
5 0.28359375 0.453125 0.01484375 0.06640625
7 0.190625 0.4984375 0.01640625 0.11171875
7 0.271875 0.5453125 0.01796875 0.08671875
2 0.18671875 0.2625 0.02109375 0.04140625
2 0.31171875 0.3359375 0.01484375 0.04921875
3 0.628125 0.2046875 0.090625 0.06875
3 0.7796875 0.2109375 0.115625 0.05625
3 0.2796875 0.7203125 0.0796875 0.0328125
2 0.42265625 0.81796875 0.0328125 0.0453125
7 0.39375 0.95625 0.040625 0.0640625
7 0.2 0.9671875 0.034375 0.05625
3 0.9578125 0.715625 0.075 0.025