4 0.2453125 0.23708920187793428 0.04375 0.09624413145539906
3 0.2484375 0.05985915492957746 0.0625 0.1056338028169014
3 0.209375 0.15492957746478872 0.0359375 0.06338028169014084
3 0.6484375 0.22065727699530516 0.09375 0.06807511737089202
3 0.8203125 0.22300469483568075 0.0546875 0.06103286384976526
4 0.71875 0.3051643192488263 0.0265625 0.04929577464788732
2 0.8390625 0.36619718309859156 0.025 0.056338028169014086
2 0.6234375 0.34507042253521125 0.028125 0.03990610328638498
5 0.6765625 0.4624413145539906 0.0421875 0.08685446009389672
5 0.7859375 0.4671361502347418 0.0359375 0.07746478873239436
3 0.0328125 0.9741784037558685 0.065625 0.046948356807511735
3 0.059375 0.9483568075117371 0.0515625 0.046948356807511735
3 0.009375 0.9213615023474179 0.01875 0.03990610328638498
7 0.5109375 0.7981220657276995 0.03125 0.06572769953051644