4 0.19453125 0.07890625 0.00859375 0.0859375
4 0.2109375 0.0984375 0.0078125 0.07421875
3 0.23828125 0.06015625 0.0171875 0.0953125
2 0.1203125 0.16484375 0.0140625 0.05625
2 0.25703125 0.2296875 0.01015625 0.06171875
5 0.225 0.3328125 0.01875 0.0859375
5 0.14921875 0.31640625 0.03046875 0.06171875
6 0.2359375 0.43671875 0.00859375 0.07890625
6 0.1171875 0.375 0.00859375 0.06796875
4 0.61875 0.075 0.0546875 0.05
2 0.4640625 0.121875 0.0765625 0.08125
5 0.5421875 0.228125 0.0796875 0.0890625
5 0.740625 0.2109375 0.05 0.06875
2 0.8125 0.121875 0.0515625 0.084375
3 0.534375 0.53828125 0.109375 0.0390625
4 0.4671875 0.65625 0.05 0.0265625
5 0.584375 0.765625 0.071875 0.0625
5 0.3953125 0.8 0.0515625 0.0765625
6 0.678125 0.771875 0.05 0.121875
6 0.3578125 0.85625 0.0515625 0.059375
2 0.6375 0.6703125 0.0265625 0.06875