2 0.3484375 0.11196911196911197 0.0421875 0.06756756756756757
5 0.434375 0.29343629343629346 0.090625 0.07335907335907337
6 0.3390625 0.36293436293436293 0.025 0.08108108108108109
2 0.5546875 0.32625482625482627 0.046875 0.06563706563706563
5 0.8328125 0.3918918918918919 0.053125 0.06177606177606178
7 0.8390625 0.4691119691119691 0.0359375 0.06756756756756757
3 0.02265625 0.5299227799227799 0.0453125 0.04054054054054054
2 0.0578125 0.6274131274131274 0.0234375 0.04054054054054054
5 0.0125 0.6853281853281853 0.025 0.05791505791505792
7 0.0140625 0.750965250965251 0.015625 0.04054054054054054
5 0.684375 0.7200772200772201 0.0375 0.059845559845559844
3 0.9546875 0.6583011583011583 0.0625 0.05791505791505792
3 0.99453125 0.6361003861003861 0.0109375 0.055984555984555984
2 0.9609375 0.806949806949807 0.0484375 0.05019305019305019