3 0.315625 0.0328125 0.0671875 0.046875
3 0.4125 0.0234375 0.0953125 0.04375
4 0.3640625 0.0796875 0.05 0.05
5 0.43125 0.1890625 0.0421875 0.0515625
5 0.325 0.2046875 0.0296875 0.0453125
2 0.49375 0.121875 0.0359375 0.0328125
2 0.2828125 0.146875 0.025 0.0390625
4 0.85 0.103125 0.040625 0.05
3 0.8453125 0.0421875 0.05625 0.05
3 0.07734375 0.34140625 0.1546875 0.0234375
2 0.81640625 0.56171875 0.02109375 0.05859375
2 0.96953125 0.55703125 0.01328125 0.04140625
6 0.8265625 0.77734375 0.01796875 0.09140625
7 0.95 0.74375 0.0171875 0.06171875