4 0.19609375 0.012455516014234875 0.0359375 0.02491103202846975
0 0.225 0.12455516014234876 0.046875 0.046263345195729534
0 0.159375 0.1387900355871886 0.046875 0.05338078291814947
5 0.096875 0.24555160142348753 0.059375 0.10854092526690391
5 0.321875 0.19572953736654805 0.0890625 0.09252669039145907
7 0.3609375 0.3469750889679715 0.046875 0.11743772241992882
7 0.090625 0.3718861209964413 0.046875 0.08896797153024912
6 0.040625 0.3540925266903915 0.046875 0.09430604982206406
6 0.403125 0.2206405693950178 0.053125 0.05871886120996441
2 0.36875 0.04092526690391459 0.0484375 0.0800711743772242
2 0.00625 0.14679715302491103 0.0125 0.0800711743772242
2 0.9546875 0.1298932384341637 0.0421875 0.05693950177935943
6 0.9578125 0.2597864768683274 0.028125 0.0693950177935943
6 0.934375 0.23309608540925267 0.0265625 0.07473309608540925
3 0.99296875 0.03291814946619217 0.0140625 0.04092526690391459
2 0.2640625 0.5124555160142349 0.040625 0.0693950177935943
5 0.3328125 0.5907473309608541 0.034375 0.0693950177935943
2 0.5 0.46619217081850534 0.0265625 0.04804270462633452
2 0.7765625 0.6334519572953736 0.0359375 0.07295373665480427
5 0.740625 0.791814946619217 0.0328125 0.09786476868327403
4 0.6375 0.5533807829181495 0.0578125 0.04092526690391459
3 0.6609375 0.4750889679715303 0.0609375 0.042704626334519574