4 0.153125 0.12578125 0.01171875 0.05859375
0 0.1625 0.246875 0.01484375 0.0421875
0 0.14140625 0.26015625 0.01484375 0.04921875
5 0.121875 0.3578125 0.01875 0.1
5 0.19296875 0.3125 0.028125 0.08515625
7 0.20546875 0.45078125 0.01484375 0.1078125
7 0.11953125 0.47421875 0.01484375 0.08203125
6 0.10390625 0.4578125 0.01484375 0.08671875
6 0.21875 0.33515625 0.0171875 0.05390625
2 0.2078125 0.1703125 0.015625 0.0734375
2 0.0859375 0.26796875 0.0171875 0.0734375
3 0.140625 0.05546875 0.03359375 0.02265625
3 0.10859375 0.1046875 0.03359375 0.0328125
4 0.678125 0.359375 0.06875 0.059375
2 0.8734375 0.4328125 0.0546875 0.059375
2 0.4984375 0.425 0.0515625 0.0578125
5 0.77421875 0.53828125 0.0765625 0.0609375
2 0.58828125 0.53359375 0.0421875 0.0703125
4 0.3390625 0.7171875 0.025 0.05
4 0.3609375 0.6984375 0.021875 0.0578125
3 0.334375 0.66953125 0.03125 0.0328125
3 0.33828125 0.64921875 0.0390625 0.0328125
3 0.3890625 0.640625 0.0453125 0.0375
3 0.421875 0.66875 0.065625 0.034375
5 0.41875 0.834375 0.0296875 0.0546875