4 0.134375 0.1234375 0.01015625 0.0578125
0 0.1421875 0.24296875 0.01328125 0.04140625
0 0.12421875 0.25546875 0.01328125 0.0484375
5 0.10625 0.35234375 0.01640625 0.0984375
5 0.16953125 0.30703125 0.025 0.08359375
7 0.18046875 0.44375 0.01328125 0.10625
7 0.1046875 0.46640625 0.01328125 0.08046875
6 0.090625 0.45 0.01328125 0.08515625
6 0.1921875 0.3296875 0.01484375 0.053125
2 0.1828125 0.1671875 0.01328125 0.07265625
2 0.07578125 0.26328125 0.01484375 0.07265625
3 0.1234375 0.0546875 0.0296875 0.02265625
3 0.0953125 0.103125 0.0296875 0.03203125
3 0.59765625 0.0265625 0.0625 0.0375
3 0.6890625 0.02109375 0.0859375 0.03359375
4 0.6890625 0.0734375 0.05078125 0.03125
5 0.59765625 0.1859375 0.04921875 0.046875
5 0.771875 0.18828125 0.05390625 0.04609375
5 0.471875 0.6640625 0.0578125 0.084375
5 0.684375 0.6625 0.0609375 0.0734375
7 0.721875 0.7671875 0.0375 0.0859375