3 0.340625 0.134375 0.096875 0.0453125
3 0.2296875 0.128125 0.0859375 0.04375
4 0.28125 0.18125 0.0671875 0.040625
5 0.3625 0.328125 0.065625 0.075
5 0.21875 0.3421875 0.05 0.0765625
7 0.2125 0.4296875 0.04375 0.096875
7 0.371875 0.43125 0.03125 0.0859375
3 0.6125 0.1875 0.071875 0.0265625
3 0.6 0.2203125 0.0921875 0.034375
3 0.6171875 0.271875 0.0734375 0.0546875
3 0.6984375 0.25 0.04375 0.0390625
3 0.715625 0.2890625 0.0640625 0.0390625
3 0.3453125 0.6828125 0.0890625 0.078125
3 0.1453125 0.6453125 0.103125 0.046875
3 0.2359375 0.6984375 0.103125 0.0484375
3 0.253125 0.6484375 0.0796875 0.053125
3 0.046875 0.7140625 0.09375 0.065625
3 0.00625 0.66171875 0.0125 0.0546875
3 0.66875 0.715625 0.0515625 0.05625
3 0.7453125 0.7203125 0.0796875 0.040625
5 0.659375 0.8859375 0.028125 0.0671875
5 0.778125 0.896875 0.03125 0.0390625
1 0.784375 0.978125 0.03125 0.03125
1 0.6671875 0.9609375 0.0328125 0.0546875
1 0.7078125 0.9671875 0.0421875 0.028125