3 0.0640625 0.0421875 0.096875 0.0453125
4 0.01875 0.0890625 0.0375 0.040625
5 0.0859375 0.2359375 0.065625 0.075
7 0.0953125 0.3390625 0.03125 0.0859375
4 0.628125 0.159375 0.021875 0.0484375
4 0.659375 0.1515625 0.0234375 0.0453125
5 0.7296875 0.3203125 0.028125 0.0328125
4 0.115625 0.84375 0.028125 0.065625
4 0.14375 0.8484375 0.0328125 0.071875
3 0.0890625 0.7625 0.078125 0.028125
3 0.0828125 0.721875 0.084375 0.034375
2 0.3328125 0.9359375 0.04375 0.0625
2 0.5765625 0.615625 0.09375 0.0625
6 0.61875 0.8703125 0.0375 0.09375