3 0.1046875 0.4953051643192488 0.0265625 0.035211267605633804
3 0.04375 0.4788732394366197 0.03125 0.02112676056338028
3 0.071875 0.5023474178403756 0.03125 0.02112676056338028
3 0.0765625 0.4788732394366197 0.0234375 0.023474178403755867
3 0.0140625 0.5082159624413145 0.028125 0.03051643192488263
3 0.67890625 0.4565727699530516 0.0484375 0.01643192488262911
3 0.7046875 0.49061032863849763 0.0625 0.03990610328638498
3 0.75625 0.465962441314554 0.0625 0.035211267605633804
3 0.82578125 0.46830985915492956 0.0765625 0.03990610328638498
3 0.875 0.5 0.046875 0.046948356807511735
2 0.8953125 0.5915492957746479 0.040625 0.07276995305164319
2 0.6546875 0.6197183098591549 0.034375 0.056338028169014086
5 0.8296875 0.7300469483568075 0.04375 0.05868544600938967
5 0.6890625 0.7464788732394366 0.028125 0.04225352112676056
4 0.7546875 0.596244131455399 0.0375 0.0539906103286385
4 0.7515625 0.5446009389671361 0.0328125 0.0539906103286385