3 0.240625 0.0703125 0.0484375 0.04375
3 0.3109375 0.0734375 0.0578125 0.0375
3 0.375 0.0671875 0.05 0.0578125
5 0.2671875 0.2109375 0.028125 0.0625
5 0.3625 0.20625 0.0359375 0.0484375
3 0.5859375 0.165625 0.09375 0.05
3 0.74375 0.1671875 0.071875 0.0359375
5 0.603125 0.325 0.0328125 0.0609375
5 0.7125 0.3296875 0.034375 0.0546875
3 0.259375 0.66875 0.125 0.03125
2 0.3453125 0.75625 0.0296875 0.021875
2 0.1734375 0.75625 0.0265625 0.0265625
5 0.2984375 0.8078125 0.03125 0.0421875
5 0.2140625 0.80625 0.0328125 0.0359375
5 0.8203125 0.6453125 0.059375 0.0546875