3 0.1515625 0.020833333333333332 0.065625 0.041666666666666664
3 0.2484375 0.041666666666666664 0.0578125 0.06041666666666667
4 0.2109375 0.12083333333333333 0.0390625 0.052083333333333336
5 0.2609375 0.2916666666666667 0.040625 0.07708333333333334
5 0.121875 0.2875 0.0453125 0.07916666666666666
2 0.08125 0.17708333333333334 0.04375 0.07083333333333333
2 0.3046875 0.20208333333333334 0.0265625 0.04583333333333333
5 0.875 0.07083333333333333 0.0390625 0.09375
4 0.228125 0.6479166666666667 0.021875 0.03333333333333333
5 0.303125 0.80625 0.0671875 0.06041666666666667
5 0.1515625 0.8145833333333333 0.0671875 0.07083333333333333
3 0.6359375 0.678125 0.0125 0.06875
3 0.675 0.6791666666666667 0.046875 0.07291666666666667
3 0.7234375 0.6875 0.0375 0.08125
2 0.7421875 0.8291666666666667 0.0328125 0.05416666666666667