3 0.4328125 0.0828125 0.065625 0.0390625
4 0.4859375 0.16015625 0.028125 0.0390625
5 0.403125 0.2859375 0.0453125 0.059375
2 0.3625 0.203125 0.04375 0.053125
5 0.92890625 0.01015625 0.0421875 0.0203125
5 0.7484375 0.01328125 0.0375 0.0265625
3 0.221875 0.5125 0.06875 0.04375
4 0.2375 0.5703125 0.0296875 0.0328125
6 0.315625 0.7484375 0.0265625 0.05625
4 0.8703125 0.64375 0.0203125 0.0359375
2 0.7421875 0.6875 0.0203125 0.0328125
2 0.9671875 0.7171875 0.034375 0.046875
5 0.921875 0.8171875 0.0421875 0.0578125
5 0.7640625 0.8046875 0.0484375 0.0640625
6 0.734375 0.9125 0.0265625 0.046875