2 0.0796875 0.34375 0.06875 0.0875
6 0.09609375 0.47578125 0.0859375 0.1078125
5 0.203125 0.44375 0.040625 0.0734375
5 0.3359375 0.44375 0.0359375 0.053125
4 0.259375 0.2625 0.0578125 0.0796875
4 0.871875 0.203125 0.1 0.0890625
4 0.7546875 0.209375 0.05 0.08125
2 0.578125 0.328125 0.04375 0.0515625
5 0.96640625 0.509375 0.0671875 0.040625
5 0.65546875 0.5078125 0.0890625 0.04375
3 0.95859375 0.11953125 0.0828125 0.0609375
3 0.2046875 0.6953125 0.084375 0.0515625
3 0.446875 0.6703125 0.0828125 0.040625
4 0.36875 0.7515625 0.028125 0.0625
4 0.3171875 0.7625 0.040625 0.0609375
4 0.4171875 0.7390625 0.040625 0.0703125
3 0.334375 0.678125 0.0921875 0.0421875
2 0.1359375 0.9171875 0.065625 0.04375
2 0.86875 0.728125 0.040625 0.05625
4 0.6375 0.7296875 0.0328125 0.0546875
3 0.6171875 0.603125 0.0546875 0.034375
3 0.6109375 0.640625 0.0546875 0.0265625