2 0.4875 0.31171875 0.0625 0.0140625
2 0.8921875 0.2640625 0.0640625 0.05625
3 0.7875 0.1203125 0.0859375 0.0359375
4 0.684375 0.240625 0.090625 0.0421875
3 0.1296875 0.3796875 0.05625 0.0421875
3 0.1890625 0.38125 0.053125 0.05
2 0.0421875 0.528125 0.040625 0.0609375
5 0.1109375 0.596875 0.034375 0.0609375
3 0.14375 0.4328125 0.0484375 0.0296875
2 0.278125 0.4875 0.0265625 0.0421875
3 0.7265625 0.42734375 0.0328125 0.03984375
3 0.7640625 0.42109375 0.0328125 0.0671875
3 0.79921875 0.42265625 0.0328125 0.0671875