2 0.484375 0.0453125 0.0390625 0.0484375
2 0.01171875 0.03515625 0.0234375 0.0515625
5 0.4 0.25625 0.0875 0.11875
5 0.0796875 0.2515625 0.0890625 0.115625
7 0.41015625 0.396875 0.0609375 0.065625
7 0.0515625 0.3984375 0.05625 0.0625
8 0.1671875 0.3140625 0.0453125 0.053125
3 0.46015625 0.43828125 0.0265625 0.0171875
4 0.4515625 0.4875 0.0421875 0.0265625
5 0.3328125 0.6546875 0.0515625 0.1015625
3 0.76875 0.6515625 0.0765625 0.05
3 0.9171875 0.6609375 0.059375 0.04375
4 0.853125 0.70625 0.0359375 0.03125
5 0.7875 0.8328125 0.0453125 0.0890625
5 0.8890625 0.8578125 0.03125 0.0625
8 0.84375 0.8625 0.0203125 0.046875
7 0.76875 0.9296875 0.0328125 0.0640625
7 0.884375 0.9484375 0.0203125 0.0609375
6 0.75 0.8921875 0.0234375 0.0796875
2 0.721875 0.74765625 0.025 0.0359375