5 0.296875 0.096875 0.059375 0.0609375
5 0.084375 0.1328125 0.040625 0.0703125
5 0.884375 0.04375 0.0359375 0.053125
5 0.7390625 0.059375 0.0328125 0.05625
5 0.2046875 0.521875 0.0453125 0.084375
5 0.35 0.52421875 0.01875 0.0828125
3 0.65625 0.4734375 0.11875 0.0296875
3 0.7734375 0.4734375 0.0859375 0.028125
4 0.7078125 0.56875 0.034375 0.0234375
5 0.6046875 0.71875 0.034375 0.06875
2 0.8375 0.6 0.046875 0.0515625
2 0.5203125 0.621875 0.0484375 0.04375
3 0.746875 0.503125 0.05625 0.0203125
3 0.6125 0.5171875 0.08125 0.025