4 0.45 0.03044496487119438 0.03125 0.06088992974238876
2 0.3078125 0.10070257611241218 0.0578125 0.07962529274004684
6 0.3 0.23653395784543327 0.053125 0.1053864168618267
5 0.3828125 0.20843091334894615 0.0484375 0.08899297423887588
5 0.509375 0.22482435597189696 0.0296875 0.07728337236533958
7 0.49140625 0.30327868852459017 0.0171875 0.03044496487119438
8 0.453125 0.2388758782201405 0.0578125 0.04215456674473068
0 0.6546875 0.0702576112412178 0.025 0.06323185011709602
5 0.7640625 0.1756440281030445 0.0796875 0.12177985948477751
5 0.58125 0.19672131147540983 0.0375 0.12412177985948478
7 0.79921875 0.3079625292740047 0.0359375 0.02107728337236534
7 0.565625 0.297423887587822 0.04375 0.04215456674473068
8 0.66875 0.24121779859484777 0.096875 0.05152224824355972
6 0.871875 0.2576112412177986 0.0234375 0.09601873536299765
3 0.059375 0.65807962529274 0.0484375 0.1053864168618267
3 0.109375 0.6416861826697893 0.0390625 0.11007025761124122
3 0.178125 0.6135831381733021 0.0625 0.09133489461358314
3 0.2390625 0.6229508196721312 0.040625 0.0585480093676815
2 0.28125 0.7377049180327869 0.0359375 0.07259953161592506
2 0.0640625 0.8243559718969555 0.0296875 0.06791569086651054
4 0.1578125 0.7564402810304449 0.0359375 0.05620608899297424
6 0.3203125 0.8384074941451991 0.046875 0.1053864168618267
6 0.31015625 0.9508196721311475 0.0296875 0.09836065573770492
6 0.09453125 0.9672131147540983 0.0421875 0.06557377049180328
5 0.2578125 0.8548009367681498 0.0515625 0.04918032786885246
3 0.92421875 0.3946135831381733 0.1515625 0.07259953161592506
3 0.93203125 0.34543325526932084 0.1203125 0.053864168618266976
5 0.8625 0.7494145199063232 0.03125 0.10304449648711944
2 0.815625 0.5901639344262295 0.0359375 0.04449648711943794
3 0.8265625 0.44028103044496486 0.034375 0.04449648711943794