3 0.171875 0.13380281690140844 0.109375 0.07746478873239436
3 0.2625 0.15258215962441316 0.046875 0.056338028169014086
4 0.23125 0.23708920187793428 0.03125 0.07276995305164319
2 0.0890625 0.31220657276995306 0.0578125 0.07981220657276995
2 0.4828125 0.011737089201877934 0.046875 0.023474178403755867
5 0.725 0.1643192488262911 0.0421875 0.09154929577464789
6 0.4796875 0.18779342723004694 0.053125 0.0892018779342723
3 0.128125 0.5892018779342723 0.0484375 0.03755868544600939
3 0.153125 0.6338028169014085 0.0625 0.03990610328638498
3 0.2046875 0.607981220657277 0.0625 0.03990610328638498
3 0.196875 0.5610328638497653 0.0734375 0.04225352112676056
3 0.2703125 0.5633802816901409 0.059375 0.04460093896713615
3 0.275 0.6032863849765259 0.0765625 0.056338028169014086
3 0.3234375 0.6431924882629108 0.046875 0.046948356807511735
2 0.34375 0.7347417840375586 0.040625 0.07276995305164319
2 0.103125 0.7629107981220657 0.034375 0.056338028169014086
5 0.278125 0.8732394366197183 0.04375 0.05868544600938967
5 0.1375 0.8896713615023474 0.028125 0.04225352112676056
4 0.203125 0.7394366197183099 0.0375 0.0539906103286385
4 0.2 0.687793427230047 0.0328125 0.0539906103286385
3 0.8609375 0.5234741784037559 0.0640625 0.05868544600938967
5 0.69375 0.8615023474178404 0.053125 0.13615023474178403
5 0.85 0.892018779342723 0.0328125 0.11267605633802817
7 0.66484375 0.9706572769953051 0.0265625 0.05868544600938967