8 0.5265625 0.371875 0.0203125 0.0484375
8 0.5765625 0.375 0.03125 0.0515625
3 0.8515625 0.078125 0.06875 0.04375
4 0.8671875 0.1359375 0.0296875 0.0328125
6 0.9453125 0.3140625 0.0265625 0.05625
6 0.175 0.5921875 0.046875 0.10625
6 0.2328125 0.60625 0.046875 0.0984375
4 0.8703125 0.7796875 0.040625 0.0375
5 0.9171875 0.875 0.040625 0.0640625
5 0.8203125 0.8859375 0.03125 0.053125
7 0.80625 0.9453125 0.025 0.040625
7 0.9359375 0.95 0.0265625 0.053125
3 0.8703125 0.734375 0.075 0.034375
6 0.9625 0.8546875 0.034375 0.04375