8 0.2828125 0.196875 0.0203125 0.0484375
8 0.3328125 0.2 0.03125 0.0515625
3 0.5421875 0.1734375 0.0484375 0.0703125
3 0.5921875 0.1625 0.0390625 0.0734375
3 0.6609375 0.14375 0.0625 0.0609375
3 0.721875 0.15 0.040625 0.0390625
2 0.7640625 0.2265625 0.0359375 0.0484375
2 0.546875 0.284375 0.0296875 0.0453125
4 0.640625 0.2390625 0.0359375 0.0375
6 0.803125 0.29375 0.046875 0.0703125
5 0.740625 0.3046875 0.0515625 0.0328125
4 0.365625 0.6359375 0.06875 0.08125
2 0.1609375 0.71875 0.0390625 0.05625
5 0.221875 0.9171875 0.046875 0.075
7 0.2015625 0.9859375 0.040625 0.028125
8 0.3546875 0.975 0.028125 0.05
3 0.4578125 0.43828125 0.05625 0.0359375
3 0.48125 0.49765625 0.103125 0.0640625
3 0.59375 0.41875 0.1453125 0.04375
3 0.6140625 0.4671875 0.1171875 0.0546875
3 0.7234375 0.4625 0.0640625 0.0828125
3 0.6109375 0.5265625 0.0625 0.0578125
4 0.5703125 0.553125 0.046875 0.0671875
4 0.559375 0.5921875 0.075 0.046875
5 0.4609375 0.78125 0.0578125 0.084375
5 0.6734375 0.7796875 0.0609375 0.0734375
7 0.7109375 0.884375 0.0375 0.0859375