6 0.4765625 0.390625 0.03125 0.08125
5 0.425 0.265625 0.0265625 0.0390625
5 0.3140625 0.271875 0.028125 0.0375
4 0.3453125 0.140625 0.015625 0.0359375
4 0.378125 0.1390625 0.0203125 0.04375
2 0.2359375 0.1984375 0.028125 0.034375
3 0.99375 0.05390625 0.0125 0.0359375
2 0.97578125 0.23046875 0.0484375 0.0484375
6 0.9921875 0.4078125 0.015625 0.065625
2 0.4625 0.7359375 0.046875 0.034375
2 0.23125 0.8 0.0421875 0.0375
6 0.4859375 0.81875 0.0296875 0.0765625
7 0.284375 0.896875 0.0359375 0.0515625
7 0.4421875 0.8578125 0.028125 0.040625
6 0.290625 0.9578125 0.0484375 0.0515625
3 0.9328125 0.6796875 0.134375 0.05625