6 0.3640625 0.26666666666666666 0.009375 0.10833333333333334
5 0.3234375 0.1 0.0265625 0.052083333333333336
5 0.2125 0.10833333333333334 0.028125 0.05
2 0.134375 0.016666666666666666 0.028125 0.03333333333333333
7 0.5921875 0.28958333333333336 0.040625 0.06458333333333334
7 0.3859375 0.29583333333333334 0.034375 0.05416666666666667
6 0.3765625 0.384375 0.015625 0.08541666666666667
6 0.64375 0.2916666666666667 0.021875 0.1125
1 0.5015625 0.4 0.071875 0.035416666666666666
2 0.28125 0.6791666666666667 0.05 0.06041666666666667
5 0.35859375 0.9052083333333333 0.0203125 0.10625
4 0.7203125 0.575 0.028125 0.06666666666666667
2 0.8703125 0.7020833333333333 0.053125 0.08541666666666667
5 0.6421875 0.8145833333333333 0.034375 0.0875