6 0.38125 0.384375 0.03125 0.08125
5 0.3296875 0.259375 0.0265625 0.0390625
5 0.21875 0.265625 0.028125 0.0375
4 0.25 0.134375 0.015625 0.0359375
4 0.2828125 0.1328125 0.0203125 0.04375
2 0.140625 0.1921875 0.028125 0.034375
3 0.715625 0.01328125 0.0625 0.0265625
3 0.790625 0.02109375 0.053125 0.0421875
3 0.8609375 0.025 0.065625 0.05
3 0.934375 0.03671875 0.059375 0.0734375
2 0.940625 0.175 0.040625 0.084375
5 0.878125 0.265625 0.0421875 0.059375
5 0.69765625 0.2703125 0.0359375 0.0625
3 0.3609375 0.6953125 0.0671875 0.0390625
3 0.471875 0.6984375 0.0859375 0.0390625
6 0.3609375 0.9140625 0.034375 0.0578125
5 0.48125 0.859375 0.03125 0.0390625
3 0.7203125 0.790625 0.0265625 0.0546875