3 0.40859375 0.0109375 0.0953125 0.021875
3 0.52109375 0.0203125 0.0828125 0.040625
4 0.4625 0.0671875 0.0265625 0.028125
2 0.55625 0.096875 0.021875 0.0265625
2 0.3484375 0.0703125 0.034375 0.034375
5 0.3875 0.1546875 0.040625 0.0578125
5 0.5078125 0.1828125 0.0296875 0.0625
1 0.3546875 0.25625 0.0390625 0.053125
3 0.98203125 0.1234375 0.0359375 0.01875
4 0.4546875 0.5703125 0.025 0.0421875
4 0.4875 0.5671875 0.025 0.0390625
2 0.6078125 0.634375 0.04375 0.059375
2 0.3390625 0.6296875 0.03125 0.0515625
5 0.3765625 0.7234375 0.034375 0.0734375
5 0.5453125 0.721875 0.0421875 0.06875
5 0.5546875 0.7890625 0.0296875 0.0453125
6 0.34375 0.7734375 0.03125 0.0609375
4 0.9015625 0.615625 0.0546875 0.0625
2 0.7375 0.6125 0.0375 0.04375
7 0.7640625 0.85 0.04375 0.1078125
7 0.9875 0.84375 0.025 0.071875
4 0.928125 0.5515625 0.0328125 0.0609375