2 0.3296875 0.2859375 0.0390625 0.0578125
6 0.3421875 0.3578125 0.028125 0.05625
5 0.27734375 0.38203125 0.0265625 0.0546875
5 0.1 0.3390625 0.0359375 0.0671875
2 0.0828125 0.2484375 0.025 0.0265625
3 0.28125 0.165625 0.078125 0.0375
3 0.5265625 0.05 0.065625 0.053125
3 0.67265625 0.015625 0.1078125 0.03125
2 0.7671875 0.121875 0.0421875 0.0609375
2 0.496875 0.21484375 0.015625 0.0484375
5 0.7328125 0.24375 0.075 0.059375
5 0.5609375 0.303125 0.05 0.078125
1 0.7765625 0.36484375 0.046875 0.0890625
7 0.765625 0.309375 0.0328125 0.0578125
7 0.5640625 0.3734375 0.03125 0.04375
2 0.215625 0.6140625 0.034375 0.0296875
3 0.515625 0.42421875 0.053125 0.0296875
3 0.59609375 0.42265625 0.0828125 0.0265625
3 0.70078125 0.4421875 0.0953125 0.065625
3 0.82421875 0.44296875 0.0953125 0.0671875
3 0.928125 0.43203125 0.06875 0.0453125
3 0.9859375 0.44453125 0.028125 0.0703125
4 0.759375 0.525 0.0453125 0.06875
4 0.7703125 0.646875 0.059375 0.078125
2 0.50703125 0.70859375 0.0359375 0.0984375
5 0.578125 0.8859375 0.0703125 0.084375
5 0.8703125 0.8875 0.0609375 0.0921875
0 0.7453125 0.7484375 0.053125 0.06875
0 0.709375 0.76875 0.0390625 0.059375