7 0.396875 0.290625 0.015625 0.0421875
7 0.303125 0.275 0.021875 0.046875
5 0.50390625 0.0328125 0.0390625 0.065625
5 0.6515625 0.084375 0.021875 0.075
1 0.4671875 0.14375 0.034375 0.0625
1 0.6359375 0.1734375 0.025 0.0625
4 0.3171875 0.5171875 0.034375 0.0515625
5 0.3890625 0.6140625 0.0453125 0.0578125
5 0.271875 0.63125 0.028125 0.059375
1 0.334375 0.69375 0.0453125 0.0234375
1 0.2890625 0.6890625 0.021875 0.0328125
3 0.2640625 0.4671875 0.0390625 0.03125
3 0.3375 0.4546875 0.028125 0.0296875
2 0.4125 0.5328125 0.0359375 0.0328125
2 0.234375 0.5546875 0.0265625 0.028125
2 0.7734375 0.696875 0.05 0.05
4 0.95 0.6375 0.0296875 0.0625
3 0.98203125 0.58203125 0.0359375 0.0421875