7 0.3828125 0.2890625 0.021875 0.046875
4 0.85703125 0.009375 0.0328125 0.01875
5 0.740625 0.1765625 0.05 0.09375
2 0.6375 0.034375 0.059375 0.034375
3 0.14296875 0.39765625 0.1578125 0.0765625
3 0.29296875 0.40234375 0.0984375 0.0859375
3 0.41796875 0.3765625 0.1015625 0.034375
1 0.3015625 0.809375 0.125 0.040625
6 0.45078125 0.73046875 0.0359375 0.0703125
4 0.265625 0.490625 0.0703125 0.0390625
4 0.8609375 0.5890625 0.028125 0.040625
5 0.7921875 0.7140625 0.0328125 0.053125
5 0.903125 0.725 0.025 0.0375
1 0.890625 0.8046875 0.0140625 0.0328125
1 0.7734375 0.778125 0.025 0.015625
3 0.871875 0.5390625 0.075 0.028125
3 0.8734375 0.521875 0.071875 0.021875
3 0.79375 0.559375 0.0484375 0.025
3 0.921875 0.5734375 0.05 0.0234375
2 0.7390625 0.621875 0.03125 0.0328125
2 0.94375 0.634375 0.025 0.0234375