1 0.0828125 0.353968253968254 0.0875 0.09206349206349207
1 0.246875 0.3968253968253968 0.1234375 0.12698412698412698
7 0.325 0.4380952380952381 0.053125 0.12222222222222222
5 0.334375 0.20952380952380953 0.078125 0.18253968253968253
5 0.0875 0.11904761904761904 0.0578125 0.08412698412698413
3 0.95625 0.12063492063492064 0.06875 0.04285714285714286
5 0.7796875 0.3634920634920635 0.05625 0.09682539682539683
5 0.9453125 0.38571428571428573 0.034375 0.08095238095238096
7 0.75 0.45396825396825397 0.028125 0.06666666666666667
3 0.6765625 0.6095238095238096 0.04375 0.08888888888888889
3 0.8265625 0.6031746031746031 0.1921875 0.0761904761904762
3 0.9703125 0.6126984126984127 0.0578125 0.09523809523809523
4 0.8296875 0.7301587301587301 0.0453125 0.03968253968253968
2 0.6609375 0.7857142857142857 0.0421875 0.047619047619047616
2 0.9828125 0.8 0.0265625 0.05238095238095238
5 0.9171875 0.9253968253968254 0.0546875 0.09047619047619047
5 0.7203125 0.9142857142857143 0.06875 0.0746031746031746
7 0.696875 0.9793650793650793 0.04375 0.04126984126984127