1 0.128125 0.421875 0.0625 0.05625
1 0.2453125 0.43046875 0.0875 0.0390625
5 0.3078125 0.325 0.05625 0.128125
5 0.13125 0.2609375 0.0421875 0.059375
4 0.290625 0.0203125 0.03125 0.040625
7 0.9203125 0.06875 0.040625 0.0734375
1 0.99140625 0.121875 0.0171875 0.05625
3 0.40546875 0.4671875 0.0515625 0.034375
2 0.3390625 0.59375 0.0359375 0.0578125
2 0.6171875 0.5875 0.03125 0.0671875
5 0.553125 0.6765625 0.0546875 0.0703125
5 0.3984375 0.68125 0.04375 0.0546875
7 0.578125 0.7453125 0.025 0.05
7 0.38125 0.74375 0.0359375 0.0625
6 0.9078125 0.484375 0.0265625 0.05625