2 0.35078125 0.434375 0.0515625 0.05
3 0.7390625 0.196875 0.0625 0.0625
3 0.8140625 0.2015625 0.053125 0.084375
3 0.884375 0.2171875 0.065625 0.0703125
3 0.9578125 0.234375 0.059375 0.08125
2 0.9640625 0.3765625 0.040625 0.084375
2 0.6875 0.340625 0.0515625 0.0625
5 0.90078125 0.4484375 0.0421875 0.021875
5 0.7203125 0.45 0.0375 0.01875
3 0.271875 0.6890625 0.0421875 0.0375
3 0.325 0.6953125 0.05 0.0390625
3 0.3734375 0.7015625 0.0375 0.04375
3 0.415625 0.6984375 0.0359375 0.04375
2 0.2453125 0.7578125 0.0375 0.0328125
2 0.43125 0.771875 0.0328125 0.0328125
5 0.3875 0.8328125 0.028125 0.040625
5 0.284375 0.825 0.03125 0.0390625
0 0.590625 0.928125 0.0546875 0.0640625