3 0.38671875 0.016556291390728478 0.1265625 0.033112582781456956
2 0.246875 0.1986754966887417 0.0515625 0.07781456953642384
5 0.34375 0.2814569536423841 0.0703125 0.052980132450331126
6 0.275 0.3658940397350993 0.0578125 0.1076158940397351
3 0.7078125 0.16225165562913907 0.03203125 0.03228476821192053
3 0.7390625 0.1456953642384106 0.01796875 0.06539735099337748
3 0.7671875 0.1490066225165563 0.02578125 0.0728476821192053
5 0.76171875 0.31539735099337746 0.01484375 0.042218543046357616
5 0.7078125 0.31374172185430466 0.015625 0.04056291390728477
6 0.7828125 0.271523178807947 0.01171875 0.03228476821192053
3 0.3890625 0.831953642384106 0.121875 0.07119205298013245
5 0.9125 0.8311258278145696 0.0953125 0.11092715231788079