3 0.18359375 0.18359375 0.04140625 0.06875
3 0.22265625 0.16640625 0.03125 0.0671875
4 0.21484375 0.23828125 0.01171875 0.0578125
5 0.253125 0.43125 0.02265625 0.084375
5 0.18984375 0.45703125 0.015625 0.084375
6 0.17265625 0.5734375 0.01328125 0.10703125
3 0.61328125 0.17265625 0.0890625 0.0328125
3 0.71171875 0.1765625 0.0734375 0.03671875
3 0.79921875 0.175 0.0859375 0.0359375
2 0.5609375 0.26171875 0.04453125 0.02578125
2 0.85859375 0.25859375 0.04453125 0.03671875
5 0.80078125 0.32265625 0.05390625 0.03984375
5 0.63046875 0.32265625 0.05234375 0.040625
4 0.70390625 0.234375 0.04140625 0.0140625
3 0.3 0.6671875 0.034375 0.040625
5 0.30390625 0.85546875 0.0296875 0.0765625
2 0.2640625 0.765625 0.0375 0.0375
6 0.290625 0.9296875 0.0328125 0.05
2 0.5578125 0.65390625 0.046875 0.0296875
5 0.5171875 0.75625 0.0609375 0.0640625
5 0.3625 0.775 0.03125 0.075
7 0.5453125 0.846875 0.0328125 0.0453125
6 0.578125 0.778125 0.03125 0.06875
1 0.453125 0.8890625 0.0734375 0.0234375