3 0.36328125 0.02890625 0.1296875 0.0578125
3 0.4875 0.0203125 0.096875 0.040625
4 0.4640625 0.078125 0.0359375 0.05625
5 0.55859375 0.26640625 0.0203125 0.0828125
5 0.384375 0.2921875 0.0484375 0.0828125
6 0.33125 0.40625 0.0421875 0.1046875
4 0.82109375 0.0140625 0.0640625 0.028125
4 0.328125 0.5125 0.071875 0.065625
2 0.146875 0.628125 0.059375 0.071875
2 0.48125 0.6265625 0.046875 0.0671875
5 0.240625 0.6984375 0.0421875 0.08125
5 0.4140625 0.7171875 0.040625 0.0640625
6 0.1890625 0.8765625 0.059375 0.1015625
6 0.45 0.8625 0.040625 0.090625
3 0.690625 0.5796875 0.05 0.0234375
3 0.7515625 0.6 0.0359375 0.0515625
3 0.825 0.596875 0.065625 0.0578125
4 0.7578125 0.671875 0.0296875 0.0234375
2 0.8625 0.70625 0.046875 0.034375
2 0.659375 0.69375 0.03125 0.0359375
5 0.8078125 0.7515625 0.034375 0.040625
5 0.70625 0.74375 0.0359375 0.0296875