4 0.2796875 0.1390625 0.046875 0.0828125
2 0.1015625 0.171875 0.0453125 0.06875
8 0.2546875 0.33125 0.078125 0.034375
5 0.3546875 0.3140625 0.053125 0.0640625
5 0.16875 0.278125 0.0796875 0.059375
7 0.1296875 0.38125 0.0328125 0.090625
7 0.35625 0.409375 0.0296875 0.084375
6 0.0734375 0.2953125 0.0296875 0.08125
3 0.2125 0.0578125 0.10625 0.034375
3 0.3640625 0.08359375 0.071875 0.0546875
3 0.5765625 0.1671875 0.059375 0.0421875
3 0.65625 0.18125 0.0734375 0.0625
2 0.68125 0.2640625 0.028125 0.05625
6 0.6796875 0.3453125 0.034375 0.0609375
7 0.646875 0.384375 0.0265625 0.06875
5 0.528125 0.3140625 0.028125 0.025
3 0.0625 0.7484375 0.084375 0.0875
3 0.23125 0.7234375 0.1328125 0.0578125
3 0.2640625 0.778125 0.0953125 0.0484375
4 0.1984375 0.81875 0.0296875 0.05
2 0.0125 0.9265625 0.025 0.065625
2 0.3875 0.94140625 0.025 0.0671875
3 0.6953125 0.52890625 0.20625 0.0203125
5 0.8125 0.76875 0.0578125 0.078125
1 0.7 0.8921875 0.0578125 0.0296875