2 0.1359375 0.26291079812206575 0.0375 0.11267605633802817
5 0.0484375 0.4014084507042254 0.053125 0.09624413145539906
6 0.128125 0.44366197183098594 0.034375 0.07042253521126761
3 0.0734375 0.056338028169014086 0.1015625 0.08215962441314555
0 0.74375 0.06338028169014084 0.025 0.06338028169014084
5 0.853125 0.16901408450704225 0.0796875 0.12206572769953052
5 0.6703125 0.19014084507042253 0.0375 0.12441314553990611
7 0.8890625 0.3403755868544601 0.0359375 0.09859154929577464
7 0.6546875 0.3286384976525822 0.04375 0.11737089201877934
8 0.7578125 0.2347417840375587 0.096875 0.051643192488262914
1 0.7640625 0.4014084507042254 0.040625 0.04929577464788732
6 0.9609375 0.2511737089201878 0.0234375 0.09624413145539906
6 0.59375 0.24413145539906103 0.028125 0.06338028169014084
3 0.0421875 0.5985915492957746 0.0421875 0.04929577464788732
2 0.0828125 0.7582159624413145 0.0375 0.06807511737089202
3 0.89375 0.5892018779342723 0.053125 0.08215962441314555
3 0.95 0.5704225352112676 0.0515625 0.0892018779342723
3 0.99140625 0.5704225352112676 0.0171875 0.107981220657277
2 0.8296875 0.7746478873239436 0.040625 0.05868544600938967
5 0.9078125 0.9084507042253521 0.0359375 0.09389671361502347
4 0.9796875 0.687793427230047 0.0234375 0.07511737089201878