4 0.403125 0.13825757575757575 0.040625 0.045454545454545456
0 0.4390625 0.1875 0.0265625 0.043560606060606064
7 0.3984375 0.3409090909090909 0.0390625 0.07007575757575757
6 0.35625 0.3143939393939394 0.040625 0.07386363636363637
2 0.509375 0.056818181818181816 0.03125 0.03598484848484849
2 0.7140625 0.043560606060606064 0.0265625 0.05113636363636364
6 0.7109375 0.19318181818181818 0.028125 0.07386363636363637
6 0.546875 0.20454545454545456 0.0421875 0.06818181818181818
8 0.63125 0.17234848484848486 0.075 0.022727272727272728
6 0.521875 0.12121212121212122 0.021875 0.06060606060606061
6 0.7125 0.10606060606060606 0.0296875 0.05113636363636364
4 0.60234375 0.008522727272727272 0.0203125 0.017045454545454544
2 0.1234375 0.6382575757575758 0.034375 0.04734848484848485
5 0.0515625 0.696969696969697 0.0296875 0.054924242424242424
6 0.090625 0.7859848484848485 0.025 0.0928030303030303
2 0.859375 0.7481060606060606 0.0421875 0.05303030303030303
6 0.9015625 0.8257575757575758 0.0390625 0.058712121212121215
6 0.8890625 0.9034090909090909 0.021875 0.07386363636363637
5 0.8171875 0.8295454545454546 0.053125 0.043560606060606064
3 0.73125 0.6628787878787878 0.046875 0.026515151515151516
3 0.78125 0.6174242424242424 0.0640625 0.028409090909090908
3 0.7140625 0.6363636363636364 0.0546875 0.02462121212121212
3 0.6703125 0.6571969696969697 0.0359375 0.04924242424242424
3 0.8125 0.5946969696969697 0.0609375 0.022727272727272728
3 0.6796875 0.615530303030303 0.046875 0.03409090909090909