4 0.3296875 0.16875 0.028125 0.0375
0 0.35390625 0.209375 0.01796875 0.0359375
6 0.43515625 0.284375 0.028125 0.1125
7 0.415625 0.30625 0.01796875 0.0765625
5 0.38984375 0.2421875 0.03359375 0.0390625
7 0.3265625 0.3359375 0.0265625 0.0578125
6 0.296875 0.3140625 0.028125 0.0609375
4 0.34375 0.6796875 0.0828125 0.0640625
3 0.35 0.596875 0.18125 0.075
3 0.2109375 0.6359375 0.090625 0.0625
2 0.1453125 0.75625 0.0546875 0.0796875
2 0.5109375 0.7671875 0.0515625 0.06875
5 0.2328125 0.8984375 0.0953125 0.075
5 0.4265625 0.9140625 0.05 0.071875
6 0.51875 0.884375 0.0359375 0.0828125
7 0.20078125 0.9765625 0.0515625 0.046875
6 0.128125 0.871875 0.046875 0.1171875
3 0.9078125 0.5578125 0.05 0.021875
3 0.9703125 0.534375 0.053125 0.0390625
5 0.909375 0.74375 0.03125 0.05
4 0.9515625 0.6203125 0.025 0.034375