3 0.340625 0.184375 0.0671875 0.0390625
3 0.4515625 0.1875 0.0859375 0.0390625
6 0.340625 0.403125 0.034375 0.0578125
5 0.4609375 0.3484375 0.03125 0.0390625
5 0.965625 0.0546875 0.06875 0.09375
7 0.9203125 0.15625 0.0625 0.0671875
3 0.23515625 0.5109375 0.0515625 0.021875
3 0.31171875 0.509375 0.0796875 0.01875
5 0.2265625 0.6640625 0.028125 0.0671875
5 0.3453125 0.675 0.03125 0.0390625
1 0.3515625 0.75625 0.03125 0.03125
1 0.234375 0.7390625 0.0328125 0.0546875
1 0.275 0.7453125 0.0421875 0.028125
4 0.93125 0.615625 0.0359375 0.05625
0 0.959375 0.73125 0.046875 0.040625
0 0.89375 0.74375 0.046875 0.046875
5 0.83125 0.8375 0.059375 0.0953125
7 0.825 0.9484375 0.046875 0.078125
6 0.775 0.9328125 0.046875 0.0828125
3 0.8921875 0.5484375 0.10625 0.021875
3 0.79140625 0.5953125 0.1046875 0.03125