3 0.10625 0.23203125 0.0140625 0.03984375
3 0.1296875 0.23515625 0.01796875 0.03984375
6 0.10625 0.453125 0.00703125 0.05859375
5 0.13125 0.3984375 0.00625 0.03984375
4 0.8203125 0.28125 0.0328125 0.059375
5 0.7359375 0.4453125 0.0578125 0.0875
5 0.8765625 0.4703125 0.040625 0.0734375
7 0.88125 0.5515625 0.04375 0.034375
7 0.7125 0.54140625 0.0375 0.0546875
3 0.7453125 0.2265625 0.0890625 0.0328125
2 0.115625 0.6828125 0.05625 0.075
5 0.190625 0.85546875 0.0375 0.1109375
3 0.48125 0.746875 0.06875 0.0390625
3 0.528125 0.725 0.05625 0.0375
2 0.5453125 0.859375 0.0375 0.040625
5 0.4890625 0.9703125 0.046875 0.059375
3 0.41875 0.740625 0.0390625 0.0578125