3 0.1734375 0.1265625 0.1359375 0.08125
3 0.3265625 0.0375 0.165625 0.075
2 0.1171875 0.353125 0.071875 0.0859375
2 0.490625 0.1671875 0.05 0.071875
3 0.596875 0.06484375 0.15625 0.0453125
3 0.6875 0.109375 0.096875 0.0375
3 0.296875 0.58671875 0.109375 0.0734375
3 0.4171875 0.615625 0.090625 0.05625
3 0.4140625 0.5765625 0.0640625 0.03125
3 0.690625 0.69375 0.040625 0.0515625
3 0.7 0.7515625 0.059375 0.040625
3 0.7453125 0.696875 0.0421875 0.0453125
3 0.784375 0.746875 0.053125 0.0359375
3 0.80625 0.69375 0.0609375 0.046875
3 0.86875 0.6953125 0.05 0.05625
3 0.875 0.74375 0.078125 0.0515625
4 0.7875 0.7828125 0.0515625 0.05
5 0.8703125 0.921875 0.046875 0.059375
5 0.7140625 0.925 0.046875 0.059375
2 0.921875 0.81875 0.0375 0.05
2 0.6515625 0.8234375 0.0390625 0.04375
6 0.653125 0.8859375 0.0375 0.0453125