2 0.1598694942903752 0.021875 0.07504078303425775 0.04375
3 0.7373572593800979 0.26875 0.057096247960848286 0.0625
3 0.9551386623164764 0.2171875 0.08972267536704731 0.08125
4 0.8548123980424144 0.2921875 0.04241435562805873 0.0578125
3 0.8384991843393148 0.2421875 0.12071778140293637 0.0359375
5 0.4453507340946166 0.5015625 0.0799347471451876 0.078125
5 0.22838499184339314 0.49375 0.0734094616639478 0.0765625
3 0.9265905383360522 0.521875 0.13539967373572595 0.0609375
2 0.8205546492659054 0.65625 0.04567699836867863 0.05
6 0.831973898858075 0.8515625 0.05546492659053834 0.1109375
5 0.9151712887438825 0.7484375 0.03588907014681892 0.0640625