4 0.2859375 0.14733542319749215 0.040625 0.07210031347962383
2 0.134375 0.23824451410658307 0.0375 0.05172413793103448
5 0.2234375 0.335423197492163 0.0453125 0.07523510971786834
5 0.365625 0.3346394984326019 0.028125 0.06739811912225706
6 0.16015625 0.3738244514106583 0.0515625 0.029780564263322883
2 0.271875 0.5611285266457681 0.04375 0.050156739811912224
3 0.6375 0.567398119122257 0.071875 0.05642633228840126
3 0.734375 0.603448275862069 0.0890625 0.06583072100313479
3 0.81875 0.6065830721003135 0.0625 0.09717868338557993
5 0.6 0.8714733542319749 0.0546875 0.054858934169279
5 0.79375 0.8808777429467085 0.0421875 0.07210031347962383
2 0.8640625 0.7586206896551724 0.0390625 0.06269592476489028