4 0.22421875 0.18828125 0.01953125 0.08671875
2 0.1515625 0.29765625 0.01796875 0.0625
2 0.3125 0.303125 0.01640625 0.0640625
5 0.19375 0.4140625 0.021875 0.090625
5 0.2671875 0.4140625 0.0234375 0.08125
7 0.278125 0.54609375 0.0140625 0.11328125
7 0.18515625 0.55703125 0.015625 0.090625
6 0.3015625 0.50625 0.0171875 0.09375
6 0.1640625 0.496875 0.025 0.10703125
5 0.84375 0.4171875 0.034375 0.0515625
8 0.21875 0.95 0.0859375 0.0546875
8 0.3640625 0.9703125 0.06875 0.05
5 0.41640625 0.94375 0.0546875 0.1125
5 0.1625 0.8984375 0.084375 0.103125
7 0.09140625 0.978125 0.0484375 0.04375
4 0.3296875 0.690625 0.065625 0.021875
2 0.0515625 0.7265625 0.05625 0.0484375