4 0.5390625 0.24429223744292236 0.0234375 0.07534246575342465
3 0.55625 0.17123287671232876 0.06875 0.03424657534246575
3 0.4984375 0.1324200913242009 0.0640625 0.03424657534246575
3 0.4921875 0.18036529680365296 0.028125 0.06621004566210045
3 0.0375 0.4817351598173516 0.075 0.091324200913242
3 0.1265625 0.4954337899543379 0.065625 0.091324200913242
3 0.06796875 0.4155251141552511 0.0609375 0.0319634703196347
4 0.0078125 0.5821917808219178 0.015625 0.0593607305936073
2 0.1765625 0.7077625570776256 0.05 0.07534246575342465
5 0.1 0.8242009132420092 0.06875 0.1004566210045662
1 0.071875 0.9817351598173516 0.04375 0.0365296803652968
7 0.134375 0.9315068493150684 0.028125 0.06621004566210045
5 0.4921875 0.680365296803653 0.0328125 0.1141552511415525
5 0.66875 0.6598173515981736 0.05 0.10273972602739725
2 0.73125 0.5136986301369864 0.0453125 0.0502283105022831
2 0.44375 0.5273972602739726 0.0359375 0.05707762557077625