3 0.225 0.0640625 0.05625 0.0703125
3 0.384375 0.0515625 0.090625 0.0578125
4 0.3078125 0.1125 0.053125 0.0328125
2 0.4453125 0.1421875 0.05 0.034375
2 0.1984375 0.1703125 0.040625 0.046875
5 0.384375 0.25625 0.04375 0.05
5 0.265625 0.265625 0.0390625 0.0421875
6 0.434375 0.325 0.0296875 0.05625
6 0.2234375 0.2984375 0.0265625 0.059375
6 0.2203125 0.21875 0.0421875 0.0328125
6 0.4265625 0.1984375 0.040625 0.040625
4 0.6578125 0.01953125 0.025 0.0390625
2 0.790625 0.090625 0.0375 0.0484375
5 0.71875 0.18125 0.05 0.06875
5 0.5828125 0.1953125 0.028125 0.0625
7 0.7484375 0.2890625 0.0328125 0.05
7 0.578125 0.2875 0.01875 0.04375
1 0.6640625 0.3015625 0.0265625 0.0296875
6 0.7703125 0.1546875 0.028125 0.05
6 0.7890625 0.2640625 0.01875 0.0671875
4 0.35 0.509375 0.0359375 0.0515625
4 0.390625 0.50625 0.025 0.0578125
3 0.3515625 0.4390625 0.075 0.01875
3 0.3609375 0.459375 0.0890625 0.04375
3 0.2390625 0.4890625 0.0625 0.04375
2 0.4921875 0.5859375 0.0453125 0.065625
2 0.20625 0.5765625 0.0546875 0.0578125
5 0.275 0.6734375 0.046875 0.0828125
5 0.421875 0.678125 0.0546875 0.06875
3 0.4609375 0.48125 0.06875 0.0328125
3 0.57734375 0.4734375 0.0171875 0.034375