3 0.34375 0.103125 0.05625 0.0703125
3 0.503125 0.090625 0.090625 0.0578125
4 0.4265625 0.1515625 0.053125 0.0328125
2 0.5640625 0.18125 0.05 0.034375
2 0.3171875 0.209375 0.040625 0.046875
5 0.503125 0.2953125 0.04375 0.05
5 0.384375 0.3046875 0.0390625 0.0421875
6 0.553125 0.3640625 0.0296875 0.05625
6 0.3421875 0.3375 0.0265625 0.059375
6 0.3390625 0.2578125 0.0421875 0.0328125
6 0.5453125 0.2375 0.040625 0.040625
4 0.765625 0.2375 0.0359375 0.05625
3 0.696875 0.1734375 0.05625 0.05
3 0.771875 0.1703125 0.075 0.0578125
3 0.8921875 0.15625 0.0953125 0.0546875
5 0.721875 0.425 0.04375 0.06875
5 0.8921875 0.41875 0.0578125 0.08125
2 0.95625 0.278125 0.0546875 0.0546875
3 0.384375 0.640625 0.028125 0.0515625
2 0.440625 0.73125 0.040625 0.0484375
2 0.2046875 0.7484375 0.0375 0.0390625
5 0.275 0.8359375 0.0375 0.0796875
6 0.4421875 0.8640625 0.025 0.078125
3 0.7921875 0.5453125 0.04375 0.05625
4 0.878125 0.6390625 0.053125 0.04375
3 0.98671875 0.57890625 0.0265625 0.0265625
5 0.9515625 0.8375 0.0390625 0.0828125