2 0.3875 0.15625 0.0671875 0.0546875
4 0.190625 0.1484375 0.0515625 0.046875
6 0.4015625 0.2453125 0.065625 0.090625
7 0.3828125 0.32421875 0.046875 0.0296875
5 0.31875 0.2796875 0.065625 0.0609375
5 0.14765625 0.315625 0.0359375 0.046875
2 0.8890625 0.15625 0.0328125 0.040625
3 0.803125 0.0515625 0.0875 0.0203125
3 0.73125 0.0640625 0.025 0.01875
4 0.46875 0.5625 0.0359375 0.0609375
2 0.56875 0.6734375 0.0375 0.0609375
5 0.5 0.753125 0.0296875 0.071875
6 0.4921875 0.8546875 0.0390625 0.096875
4 0.8734375 0.5203125 0.046875 0.1046875
2 0.7265625 0.67421875 0.015625 0.0765625
3 0.9625 0.45 0.075 0.084375