2 0.365625 0.1359375 0.0671875 0.0546875
4 0.16875 0.128125 0.0515625 0.046875
6 0.3796875 0.225 0.065625 0.090625
7 0.3609375 0.3375 0.046875 0.096875
5 0.296875 0.259375 0.065625 0.0609375
5 0.1265625 0.2984375 0.0359375 0.053125
7 0.14140625 0.3640625 0.0453125 0.05
2 0.9484375 0.10625 0.0296875 0.0296875
2 0.7859375 0.115625 0.021875 0.0296875
5 0.9203125 0.15625 0.05 0.0296875
5 0.8125 0.1578125 0.0359375 0.0265625
3 0.0328125 0.459375 0.065625 0.0875
3 0.13125 0.4625 0.0921875 0.1
3 0.2625 0.4671875 0.1046875 0.0609375
4 0.2046875 0.5671875 0.0625 0.0796875
2 0.01015625 0.63046875 0.0203125 0.0609375
2 0.409375 0.634375 0.0453125 0.075
5 0.3078125 0.746875 0.071875 0.0796875
5 0.0859375 0.7375 0.109375 0.0734375
6 0.4046875 0.71875 0.04375 0.0703125