6 0.09624413145539906 0.178125 0.023474178403755867 0.03125
5 0.08450704225352113 0.1375 0.028169014084507043 0.01875
2 0.11267605633802817 0.1 0.023474178403755867 0.025
3 0.4295774647887324 0.00546875 0.056338028169014086 0.0109375
3 0.49178403755868544 0.00625 0.04460093896713615 0.0125
3 0.5539906103286385 0.009375 0.056338028169014086 0.01875
3 0.5915492957746479 0.0359375 0.035211267605633804 0.0203125
2 0.6103286384976526 0.08125 0.03755868544600939 0.021875
7 0.5727699530516432 0.1640625 0.03755868544600939 0.025
5 0.5375586854460094 0.1328125 0.03755868544600939 0.0296875
5 0.4084507042253521 0.11875 0.035211267605633804 0.025
3 0.5375586854460094 0.525 0.17370892018779344 0.03125
3 0.7335680751173709 0.525 0.13849765258215962 0.03125
3 0.846244131455399 0.53515625 0.07276995305164319 0.0515625
2 0.460093896713615 0.646875 0.07981220657276995 0.06875
6 0.49061032863849763 0.8203125 0.07042253521126761 0.096875