6 0.3640625 0.3015625 0.0484375 0.09375
6 0.121875 0.28125 0.0609375 0.1125
5 0.3375 0.1796875 0.0546875 0.0578125
5 0.14375 0.1796875 0.0578125 0.0515625
2 0.396875 0.071875 0.046875 0.0734375
2 0.0796875 0.08125 0.0328125 0.0515625
3 0.54921875 0.01953125 0.0484375 0.0390625
3 0.6484375 0.028125 0.065625 0.0484375
3 0.746875 0.03203125 0.090625 0.0640625
5 0.5625 0.315625 0.0375 0.059375
6 0.7625 0.3640625 0.05625 0.046875
3 0.2796875 0.634375 0.046875 0.034375
3 0.3625 0.609375 0.090625 0.03125