2 0.3765625 0.1796875 0.0234375 0.0359375
5 0.4078125 0.24375 0.0359375 0.0390625
5 0.51015625 0.2296875 0.0390625 0.040625
1 0.51953125 0.29453125 0.0203125 0.0546875
8 0.453125 0.25 0.04375 0.0171875
4 0.453125 0.1671875 0.0296875 0.01875
3 0.409375 0.121875 0.046875 0.015625
2 0.98515625 0.0421875 0.0296875 0.08125
3 0.1640625 0.5796875 0.0640625 0.0609375
3 0.25 0.5796875 0.078125 0.059375
3 0.3359375 0.5859375 0.0765625 0.0640625
3 0.4109375 0.5984375 0.0578125 0.0625
4 0.259375 0.628125 0.028125 0.0546875
6 0.3453125 0.7921875 0.0546875 0.046875
6 0.171875 0.778125 0.0453125 0.059375
3 0.6734375 0.51640625 0.0453125 0.05625
3 0.73984375 0.5046875 0.0375 0.0421875
3 0.7765625 0.4859375 0.03203125 0.05234375
4 0.7140625 0.57265625 0.01015625 0.0421875
2 0.6546875 0.65859375 0.01796875 0.04765625
2 0.803125 0.61484375 0.01171875 0.05625
6 0.8140625 0.759375 0.01953125 0.11875
5 0.7828125 0.75234375 0.03125 0.0953125
5 0.69375 0.78125 0.02109375 0.10859375