2 0.1234375 0.0578125 0.0234375 0.0359375
2 0.29375 0.0625 0.0234375 0.04375
5 0.1546875 0.121875 0.0359375 0.0390625
5 0.2609375 0.1078125 0.0453125 0.040625
1 0.26875 0.1734375 0.0234375 0.0546875
8 0.2 0.128125 0.04375 0.0171875
4 0.2 0.0453125 0.0296875 0.01875
3 0.15625 0.00390625 0.046875 0.0078125
5 0.8828125 0.0203125 0.04375 0.040625
5 0.73203125 0.025 0.0296875 0.05
3 0.384375 0.4 0.115625 0.0421875
5 0.4640625 0.5625 0.059375 0.05625
5 0.3640625 0.6125 0.03125 0.0546875
7 0.3875 0.659375 0.03125 0.0453125
7 0.50625 0.6375 0.0328125 0.0640625
2 0.496875 0.471875 0.0328125 0.0375
4 0.371875 0.4625 0.03125 0.0453125
4 0.725 0.3359375 0.075 0.05
5 0.8 0.4515625 0.05625 0.0703125
5 0.6734375 0.4390625 0.028125 0.059375
2 0.853125 0.3734375 0.0328125 0.0453125