2 0.3421875 0.16632443531827515 0.0234375 0.04722792607802875
2 0.5125 0.17248459958932238 0.0234375 0.057494866529774126
5 0.3734375 0.25051334702258726 0.0359375 0.0513347022587269
5 0.4796875 0.23203285420944558 0.0453125 0.053388090349075976
8 0.41875 0.2587268993839836 0.04375 0.022587268993839837
4 0.41875 0.14989733059548255 0.0296875 0.024640657084188913
3 0.375 0.09034907597535935 0.046875 0.02053388090349076
2 0.896875 0.19301848049281314 0.0375 0.061601642710472276
3 0.6015625 0.47741273100616016 0.05625 0.06776180698151951
3 0.540625 0.4804928131416838 0.0515625 0.03285420944558522
5 0.575 0.7227926078028748 0.040625 0.06365503080082136
1 0.5890625 0.8069815195071869 0.028125 0.045174537987679675
2 0.51875 0.6283367556468172 0.0296875 0.04722792607802875
4 0.609375 0.5379876796714579 0.0359375 0.039014373716632446
3 0.9796875 0.5359342915811088 0.040625 0.06570841889117043
5 0.9828125 0.8234086242299795 0.028125 0.08418891170431211