3 0.3265625 0.1203125 0.046875 0.059375
2 0.5265625 0.0765625 0.084375 0.096875
3 0.9515625 0.0734375 0.096875 0.0625
3 0.9703125 0.01640625 0.059375 0.0328125
4 0.8890625 0.1640625 0.0546875 0.09375
5 0.4734375 0.403125 0.1296875 0.053125
8 0.59921875 0.43125 0.0546875 0.0375
3 0.009375 0.62578125 0.01875 0.0515625
3 0.090625 0.615625 0.1109375 0.0484375
2 0.19375 0.7390625 0.0328125 0.06875
7 0.153125 0.8625 0.0296875 0.0765625
6 0.184375 0.9078125 0.0234375 0.0765625
6 0.2046875 0.828125 0.034375 0.0625
4 0.7453125 0.85 0.03125 0.0703125
4 0.6984375 0.85625 0.0390625 0.0515625
2 0.8859375 0.959375 0.05 0.0765625
2 0.528125 0.89375 0.0546875 0.0609375
5 0.58671875 0.990625 0.0921875 0.01875
3 0.8328125 0.80625 0.0828125 0.0296875
3 0.6421875 0.78125 0.0875 0.040625