5 0.3546875 0.2328125 0.0703125 0.1375
7 0.325 0.3640625 0.0421875 0.075
1 0.384375 0.371875 0.0328125 0.059375
6 0.2671875 0.1890625 0.034375 0.1
2 0.7359375 0.075 0.059375 0.08125
4 0.95625 0.06875 0.04375 0.0828125
3 0.9703125 0.015625 0.059375 0.03125
5 0.9671875 0.3078125 0.0296875 0.10625
5 0.796875 0.2140625 0.0765625 0.046875
3 0.1859375 0.6265625 0.021875 0.03046875
3 0.2546875 0.63125 0.0265625 0.02265625
4 0.234375 0.69140625 0.009375 0.0375
1 0.22421875 0.921875 0.0265625 0.02109375
5 0.6953125 0.74375 0.075 0.0578125
5 0.54375 0.75625 0.0640625 0.05
6 0.509375 0.8375 0.0453125 0.078125
6 0.7328125 0.8859375 0.0515625 0.071875