5 0.4296875 0.209375 0.0703125 0.1375
7 0.4 0.340625 0.0421875 0.075
1 0.459375 0.3484375 0.0328125 0.059375
1 0.6 0.38125 0.028125 0.046875
4 0.54765625 0.03359375 0.0203125 0.0671875
6 0.3421875 0.165625 0.034375 0.1
3 0.628125 0.28046875 0.01875 0.0703125
3 0.6921875 0.2890625 0.0671875 0.0609375
3 0.765625 0.2921875 0.0546875 0.071875
4 0.6890625 0.35625 0.0453125 0.040625
2 0.7796875 0.38125 0.0390625 0.03125
0 0.7515625 0.421875 0.0515625 0.0328125
5 0.74453125 0.4546875 0.0390625 0.028125
5 0.628125 0.446875 0.01875 0.04375
4 0.3515625 0.7171875 0.03125 0.0515625
4 0.303125 0.7140625 0.05 0.046875
2 0.48125 0.775 0.053125 0.05
2 0.1625 0.775 0.046875 0.0578125
5 0.40625 0.8734375 0.053125 0.06875
5 0.2328125 0.8734375 0.059375 0.05
6 0.1671875 0.9375 0.0328125 0.065625
6 0.4625 0.9453125 0.0390625 0.08125
6 0.4953125 0.846875 0.046875 0.0609375
6 0.153125 0.8421875 0.0671875 0.053125
3 0.4484375 0.6984375 0.0578125 0.0359375
3 0.70625 0.5546875 0.0703125 0.05625
3 0.7765625 0.5515625 0.053125 0.0578125
3 0.8390625 0.5578125 0.059375 0.0515625
3 0.9046875 0.5703125 0.0609375 0.0671875
3 0.7609375 0.50625 0.05 0.0453125
3 0.8515625 0.6140625 0.0609375 0.05