4 0.259375 0.0265625 0.021875 0.053125
2 0.090625 0.08125 0.05 0.0796875
4 0.809375 0.328125 0.053125 0.065625
2 0.6328125 0.4140625 0.0515625 0.0625
2 0.99140625 0.4 0.0171875 0.071875
6 0.98359375 0.5421875 0.0328125 0.034375
5 0.9203125 0.534375 0.05625 0.05
5 0.72109375 0.5328125 0.0546875 0.053125
3 0.903125 0.2890625 0.084375 0.0328125
3 0.703125 0.303125 0.090625 0.0359375
3 0.821875 0.259375 0.1046875 0.0375
3 0.934375 0.2703125 0.0859375 0.0546875
3 0.646875 0.7265625 0.053125 0.021875
3 0.6921875 0.7171875 0.0328125 0.04375
3 0.746875 0.7078125 0.0578125 0.0234375