4 0.134375 0.0890625 0.021875 0.0796875
3 0.11015625 0.01875 0.1609375 0.0375
3 0.5921875 0.165625 0.090625 0.0484375
3 0.5921875 0.096875 0.08125 0.0234375
3 0.671875 0.1765625 0.046875 0.0578125
3 0.8296875 0.178125 0.090625 0.0375
3 0.8171875 0.1421875 0.090625 0.0359375
3 0.7953125 0.0796875 0.115625 0.0375
3 0.7171875 0.1265625 0.0765625 0.0296875
4 0.7328125 0.2734375 0.0484375 0.0578125
2 0.553125 0.2984375 0.053125 0.078125
2 0.8984375 0.2796875 0.046875 0.0828125
5 0.8265625 0.4 0.04375 0.053125
5 0.6359375 0.403125 0.040625 0.0625
6 0.5640625 0.378125 0.0421875 0.0546875
6 0.88125 0.3484375 0.0484375 0.0546875
3 0.2578125 0.7953125 0.059375 0.0171875
2 0.221875 0.8828125 0.0203125 0.028125
5 0.2546875 0.9421875 0.04375 0.0296875
5 0.35234375 0.93671875 0.0140625 0.0390625
7 0.24921875 0.99140625 0.0265625 0.0171875
4 0.6796875 0.84375 0.0171875 0.046875
4 0.7078125 0.8484375 0.021875 0.0375
4 0.659375 0.834375 0.021875 0.046875
5 0.7609375 0.97421875 0.04375 0.0515625
5 0.61640625 0.97421875 0.0453125 0.0515625
2 0.8171875 0.8984375 0.0390625 0.0484375