3 0.1078125 0.11875 0.08125 0.0421875
3 0.2078125 0.10625 0.109375 0.046875
5 0.246875 0.3203125 0.025 0.0609375
5 0.1203125 0.31875 0.0328125 0.0578125
2 0.659375 0.5296875 0.04375 0.065625
3 0.9109375 0.3703125 0.1046875 0.0375
3 0.725 0.409375 0.071875 0.0390625
3 0.02890625 0.5953125 0.0484375 0.053125
3 0.0984375 0.6265625 0.0640625 0.028125
3 0.1078125 0.5984375 0.084375 0.0375
3 0.1984375 0.6359375 0.06875 0.0390625
3 0.1984375 0.6109375 0.0703125 0.0375
3 0.20078125 0.5828125 0.0828125 0.028125
2 0.234375 0.7609375 0.0359375 0.0390625
6 0.2171875 0.8078125 0.03125 0.04375
5 0.13125 0.8765625 0.034375 0.0765625
1 0.0828125 0.98828125 0.0375 0.0234375
3 0.50859375 0.634375 0.0171875 0.034375