2 0.37734375 0.0171875 0.0671875 0.034375
3 0.721875 0.1859375 0.1109375 0.0484375
3 0.95078125 0.16953125 0.0984375 0.0421875
4 0.8171875 0.2328125 0.0296875 0.0578125
4 0.828125 0.2671875 0.0625 0.034375
2 0.6640625 0.325 0.040625 0.059375
6 0.6703125 0.4203125 0.05625 0.078125
8 0.8484375 0.5203125 0.14375 0.0515625
5 0.9375 0.4703125 0.059375 0.0859375
5 0.7515625 0.478125 0.040625 0.090625
7 0.953125 0.58203125 0.040625 0.0359375
7 0.7390625 0.58203125 0.03125 0.0359375
6 0.9953125 0.5375 0.009375 0.078125
3 0.4046875 0.728125 0.090625 0.0375
3 0.4875 0.721875 0.0359375 0.0375
2 0.3703125 0.8390625 0.0546875 0.0578125
6 0.3828125 0.9578125 0.046875 0.084375
7 0.43671875 0.9875 0.0328125 0.025
5 0.465625 0.925 0.025 0.046875
8 0.496875 0.9578125 0.025 0.0375
2 0.9578125 0.6203125 0.025 0.040625
5 0.9 0.6703125 0.0296875 0.06875
5 0.7734375 0.65625 0.0453125 0.0578125