4 0.1703125 0.0578125 0.040625 0.0640625
2 0.39375 0.1015625 0.0671875 0.0515625
3 0.0765625 0.0359375 0.0625 0.046875
4 0.890625 0.0671875 0.0265625 0.046875
5 0.984375 0.21328125 0.03125 0.0578125
5 0.83125 0.2359375 0.0359375 0.065625
3 0.87265625 0.01875 0.0265625 0.0375
3 0.825 0.028125 0.046875 0.025
3 0.9125 0.0140625 0.040625 0.0265625
2 0.15 0.6921875 0.04375 0.053125
2 0.471875 0.6515625 0.046875 0.053125
5 0.4171875 0.7390625 0.0578125 0.05
5 0.2171875 0.775 0.053125 0.0671875
6 0.8515625 0.65 0.034375 0.08125