4 0.1875 0.0234375 0.040625 0.046875
2 0.4109375 0.059375 0.0671875 0.0515625
3 0.09375 0.00859375 0.0625 0.0171875
4 0.684375 0.1046875 0.025 0.0859375
4 0.63125 0.115625 0.0421875 0.0578125
3 0.665625 0.02265625 0.1375 0.0453125
3 0.5609375 0.078125 0.1046875 0.040625
3 0.7734375 0.084375 0.0765625 0.0515625
2 0.834375 0.196875 0.040625 0.04375
5 0.5484375 0.325 0.0859375 0.0578125
5 0.7359375 0.3359375 0.04375 0.053125
7 0.51796875 0.4265625 0.0390625 0.065625
7 0.74140625 0.44609375 0.0359375 0.0265625
5 0.43125 0.6859375 0.05 0.040625
5 0.29375 0.703125 0.0296875 0.0375
6 0.4625 0.765625 0.03125 0.0578125
6 0.26875 0.759375 0.04375 0.053125
3 0.88125 0.4859375 0.0609375 0.0328125
5 0.859375 0.725 0.0421875 0.065625
4 0.9640625 0.5765625 0.021875 0.0421875