3 0.0296875 0.01875 0.05 0.0375
3 0.12265625 0.028125 0.0921875 0.05625
3 0.2375 0.05625 0.103125 0.0640625
4 0.1984375 0.11875 0.028125 0.059375
2 0.0296875 0.19375 0.0515625 0.059375
5 0.1140625 0.325 0.0453125 0.1078125
7 0.10625 0.425 0.04375 0.0625
1 0.1703125 0.434375 0.078125 0.0421875
5 0.259375 0.3390625 0.0359375 0.0765625
4 0.928125 0.0171875 0.021875 0.034375
0 0.9546875 0.0625 0.025 0.040625
4 0.29375 0.6234375 0.0359375 0.03046875
3 0.20703125 0.58828125 0.09296875 0.02734375
3 0.3 0.58671875 0.07578125 0.03125
3 0.421875 0.5796875 0.09609375 0.0296875
5 0.24921875 0.72734375 0.04453125 0.04140625
5 0.421875 0.72109375 0.05859375 0.04375
2 0.4859375 0.6453125 0.05546875 0.0296875
2 0.1578125 0.65546875 0.04609375 0.02890625
4 0.86171875 0.61953125 0.00546875 0.04375
4 0.86796875 0.61953125 0.0046875 0.0421875
2 0.83203125 0.6484375 0.00859375 0.0234375
3 0.8546875 0.5625 0.0140625 0.02734375
3 0.8734375 0.55078125 0.015625 0.02734375