5 0.025 0.1703125 0.0453125 0.1078125
7 0.01953125 0.2703125 0.0390625 0.0625
1 0.08125 0.2796875 0.078125 0.0421875
5 0.1703125 0.184375 0.0359375 0.0765625
3 0.4109375 0.3953125 0.05859375 0.06171875
3 0.453125 0.4671875 0.02265625 0.059375
2 0.45390625 0.521875 0.03671875 0.0453125
5 0.4234375 0.6390625 0.04140625 0.06484375
4 0.35234375 0.47265625 0.01328125 0.0484375
3 0.3296875 0.42578125 0.025 0.05390625
3 0.9703125 0.5140625 0.053125 0.0390625
3 0.9109375 0.525 0.0484375 0.0328125
2 0.890625 0.6234375 0.03125 0.04375
5 0.9390625 0.6875 0.0328125 0.0515625
7 0.9375 0.740625 0.0234375 0.034375
4 0.9703125 0.553125 0.0265625 0.0421875