3 0.146875 0.027777777777777776 0.196875 0.05555555555555555
3 0.2109375 0.10833333333333334 0.134375 0.10555555555555556
3 0.3125 0.027777777777777776 0.053125 0.05555555555555555
4 0.1234375 0.16111111111111112 0.03125 0.08333333333333333
4 0.1640625 0.16666666666666666 0.021875 0.08888888888888889
5 0.02265625 0.5 0.0453125 0.18888888888888888
5 0.1921875 0.55 0.0421875 0.20277777777777778
7 0.18828125 0.7388888888888889 0.0234375 0.1
1 0.025 0.7625 0.034375 0.05277777777777778
1 0.0984375 0.7736111111111111 0.0875 0.030555555555555555
2 0.2828125 0.3277777777777778 0.04375 0.08611111111111111
3 0.384375 0.1736111111111111 0.03125 0.030555555555555555
3 0.43125 0.16944444444444445 0.0375 0.022222222222222223
4 0.4203125 0.20833333333333334 0.0109375 0.03888888888888889
2 0.371875 0.2916666666666667 0.00625 0.03888888888888889
5 0.4015625 0.33611111111111114 0.0171875 0.06111111111111111
5 0.4453125 0.3416666666666667 0.0140625 0.06388888888888888
7 0.446875 0.3972222222222222 0.0109375 0.04722222222222222
7 0.39375 0.40555555555555556 0.0125 0.04722222222222222
6 0.3734375 0.35138888888888886 0.009375 0.058333333333333334
5 0.14296875 0.7930555555555555 0.0171875 0.008333333333333333
5 0.609375 0.9486111111111111 0.08125 0.10277777777777777
5 0.39453125 0.9708333333333333 0.0390625 0.058333333333333334