3 0.446875 0.2828125 0.1171875 0.05
2 0.384375 0.3765625 0.053125 0.0765625
6 0.3890625 0.47109375 0.05 0.0359375
2 0.7109375 0.4484375 0.04375 0.046875
2 0.9921875 0.41484375 0.015625 0.0515625
3 0.184375 0.5578125 0.10625 0.0265625
3 0.1984375 0.6078125 0.1171875 0.0375
3 0.1453125 0.6578125 0.071875 0.0328125
3 0.2640625 0.634375 0.0734375 0.028125
2 0.025 0.7875 0.05 0.05625
2 0.3984375 0.7671875 0.05 0.06875
6 0.05703125 0.9796875 0.0546875 0.040625
6 0.40625 0.95703125 0.0375 0.0859375
2 0.58984375 0.52109375 0.0515625 0.0640625
2 0.9484375 0.54375 0.05625 0.05
5 0.63125 0.6546875 0.078125 0.0828125
5 0.90625 0.6953125 0.0625 0.084375