5 0.3375 0.0203125 0.046875 0.040625
5 0.4671875 0.01640625 0.040625 0.0328125
3 0.7453125 0.075 0.0875 0.0484375
3 0.846875 0.046875 0.075 0.05
3 0.934375 0.0515625 0.0765625 0.059375
3 0.9546875 0.1 0.0703125 0.05
4 0.86875 0.1453125 0.0296875 0.0453125
2 0.628125 0.1796875 0.0484375 0.046875
3 0.153125 0.4578125 0.0859375 0.059375
3 0.28125 0.4703125 0.11875 0.075
3 0.4203125 0.484375 0.1140625 0.090625
4 0.3203125 0.5609375 0.0640625 0.078125
2 0.11875 0.65 0.0734375 0.0609375
2 0.496875 0.6453125 0.0546875 0.071875
5 0.21875 0.7640625 0.0734375 0.0953125
5 0.4171875 0.7578125 0.06875 0.096875
6 0.1578125 0.9015625 0.0421875 0.0953125
1 0.33125 0.915625 0.09375 0.0421875
6 0.4734375 0.8828125 0.03125 0.103125
4 0.80546875 0.48828125 0.021875 0.0578125
5 0.8328125 0.64453125 0.015625 0.071875
5 0.78828125 0.6671875 0.0125 0.08203125
7 0.78828125 0.76171875 0.009375 0.053125
1 0.8140625 0.771875 0.01484375 0.0265625