3 0.0375 0.1546875 0.075 0.046875
3 0.1421875 0.1578125 0.1078125 0.0484375
2 0.225 0.2484375 0.0484375 0.0359375
4 0.0828125 0.2078125 0.0234375 0.046875
5 0.01796875 0.3484375 0.0359375 0.075
5 0.1421875 0.35 0.040625 0.0578125
3 0.803125 0.040625 0.0703125 0.0375
3 0.8953125 0.034375 0.0625 0.0296875
3 0.9703125 0.0296875 0.059375 0.04375
3 0.9546875 0.0109375 0.06875 0.021875
4 0.9 0.125 0.0484375 0.0375
3 0.32265625 0.5203125 0.1203125 0.021875
3 0.384375 0.5453125 0.1046875 0.0359375
3 0.19609375 0.5265625 0.0765625 0.034375
3 0.2234375 0.5734375 0.0828125 0.04375
4 0.321875 0.6421875 0.05625 0.065625
2 0.128125 0.6828125 0.0625 0.0625
5 0.4 0.7921875 0.0546875 0.0859375
5 0.2375 0.778125 0.0578125 0.0765625
6 0.1484375 0.8234375 0.04375 0.103125
1 0.321875 0.9421875 0.0796875 0.046875
4 0.8921875 0.6140625 0.0546875 0.04375
5 0.959375 0.7328125 0.0390625 0.0546875
5 0.8484375 0.75 0.03125 0.0625
7 0.8484375 0.821875 0.0234375 0.040625
1 0.9125 0.8296875 0.0375 0.0203125