3 0.3234375 0.109375 0.115625 0.0421875
5 0.403125 0.271875 0.059375 0.05625
5 0.303125 0.321875 0.03125 0.0546875
7 0.3265625 0.36875 0.03125 0.0453125
7 0.4453125 0.346875 0.0328125 0.0640625
2 0.4359375 0.18125 0.0328125 0.0375
4 0.3109375 0.171875 0.03125 0.0453125
3 0.79609375 0.20390625 0.015625 0.04609375
3 0.815625 0.19453125 0.01484375 0.04921875
3 0.83125 0.1875 0.0140625 0.04609375
3 0.2734375 0.71875 0.0421875 0.034375
3 0.328125 0.73125 0.046875 0.059375
3 0.253125 0.7625 0.0546875 0.03125
4 0.315625 0.79375 0.0359375 0.046875
0 0.3390625 0.86875 0.0375 0.0359375
2 0.421875 0.8390625 0.0296875 0.0421875
5 0.3609375 0.925 0.028125 0.04375
6 0.2265625 0.875 0.0296875 0.0609375
8 0.303125 0.9421875 0.0625 0.0234375
3 0.7953125 0.61328125 0.06875 0.0265625
3 0.88828125 0.62109375 0.0640625 0.0421875
4 0.7359375 0.675 0.034375 0.025
5 0.640625 0.775 0.0375 0.0453125