3 0.2515625 0.0796875 0.115625 0.0421875
5 0.33125 0.2421875 0.059375 0.05625
5 0.23125 0.2921875 0.03125 0.0546875
7 0.2546875 0.3390625 0.03125 0.0453125
7 0.3734375 0.3171875 0.0328125 0.0640625
2 0.3640625 0.1515625 0.0328125 0.0375
4 0.2390625 0.1421875 0.03125 0.0453125
6 0.553125 0.3296875 0.046875 0.090625
5 0.6609375 0.3 0.03125 0.0890625
7 0.6671875 0.428125 0.05 0.0640625
8 0.734375 0.2875 0.046875 0.0296875
3 0.2640625 0.659375 0.040625 0.0453125
3 0.315625 0.65 0.0390625 0.0484375
3 0.35625 0.64375 0.0359375 0.0453125
3 0.771875 0.628125 0.071875 0.0359375
4 0.8484375 0.6890625 0.0328125 0.053125
6 0.9375 0.940625 0.0328125 0.0625
6 0.7265625 0.940625 0.0328125 0.0734375
3 0.9421875 0.65 0.059375 0.0265625