5 0.2796875 0.378125 0.0484375 0.0609375
5 0.1234375 0.3640625 0.059375 0.0734375
3 0.3078125 0.11875 0.08125 0.0390625
7 0.3015625 0.45 0.021875 0.0578125
7 0.0984375 0.45859375 0.0375 0.0609375
2 0.8890625 0.0359375 0.040625 0.04375
5 0.62734375 0.16328125 0.0359375 0.0578125
5 0.790625 0.175 0.04375 0.053125
7 0.796875 0.30625 0.0359375 0.06875
7 0.515625 0.7578125 0.040625 0.059375
7 0.2546875 0.778125 0.0359375 0.05625
3 0.64375 0.52421875 0.06875 0.0515625
3 0.75 0.5140625 0.1109375 0.0484375
2 0.853125 0.6375 0.0328125 0.06875
7 0.8125 0.7609375 0.0296875 0.0765625
7 0.6359375 0.7765625 0.0125 0.0375
6 0.61796875 0.79375 0.0171875 0.0875
6 0.84375 0.80625 0.0234375 0.0765625
6 0.8640625 0.7265625 0.034375 0.0625