5 0.328125 0.36283185840707965 0.0484375 0.08628318584070796
5 0.171875 0.34292035398230086 0.059375 0.10398230088495575
3 0.35625 0.011061946902654867 0.08125 0.022123893805309734
7 0.35 0.4502212389380531 0.021875 0.05530973451327434
7 0.146875 0.4557522123893805 0.0375 0.04424778761061947
5 0.909375 0.09513274336283185 0.04375 0.0752212389380531
5 0.71875 0.09955752212389381 0.040625 0.08849557522123894
6 0.646875 0.06415929203539823 0.0421875 0.07743362831858407
6 0.96328125 0.029867256637168143 0.0484375 0.059734513274336286
4 0.06875 0.7345132743362832 0.0234375 0.05530973451327434
4 0.03125 0.7389380530973452 0.0203125 0.05088495575221239
5 0.140625 0.9292035398230089 0.05 0.09955752212389381
3 0.128125 0.6194690265486725 0.05625 0.03982300884955752
3 0.0625 0.665929203539823 0.025 0.08185840707964602