5 0.49375 0.15375586854460094 0.03125 0.12441314553990611
7 0.4703125 0.30985915492957744 0.034375 0.12206572769953052
6 0.409375 0.20187793427230047 0.0328125 0.13849765258215962
4 0.6234375 0.795774647887324 0.0453125 0.06572769953051644
3 0.71875 0.6948356807511737 0.08125 0.07511737089201878
3 0.553125 0.687793427230047 0.06875 0.051643192488262914
3 0.596875 0.6267605633802817 0.075 0.046948356807511735
3 0.63125 0.6690140845070423 0.071875 0.06338028169014084
2 0.765625 0.863849765258216 0.0359375 0.06572769953051644
5 0.52890625 0.9624413145539906 0.0390625 0.07511737089201878
5 0.6890625 0.9730046948356808 0.053125 0.0539906103286385