4 0.2046875 0.1453125 0.075 0.05
5 0.2796875 0.2609375 0.05625 0.0703125
5 0.1484375 0.2484375 0.0390625 0.059375
6 0.084375 0.3265625 0.028125 0.0390625
7 0.128125 0.3671875 0.025 0.05
2 0.0640625 0.1921875 0.04375 0.053125
2 0.3328125 0.1828125 0.0328125 0.0453125
2 0.4890625 0.4359375 0.03125 0.03125
2 0.7546875 0.4109375 0.028125 0.03125
6 0.7390625 0.565625 0.03125 0.0671875
6 0.515625 0.5875 0.046875 0.0625
8 0.6171875 0.5375 0.0671875 0.0234375
2 0.1953125 0.746875 0.0421875 0.046875
5 0.2625 0.8328125 0.04375 0.06875
4 0.328125 0.7125 0.059375 0.0328125
4 0.67734375 0.62890625 0.0328125 0.0203125
2 0.853125 0.66875 0.040625 0.0515625
2 0.528125 0.6609375 0.04375 0.04375
5 0.6 0.790625 0.05625 0.0828125
5 0.79375 0.790625 0.0515625 0.103125
1 0.7 0.934375 0.0953125 0.034375
7 0.796875 0.890625 0.0171875 0.0609375
7 0.603125 0.878125 0.025 0.04375
1 0.5890625 0.9390625 0.0328125 0.0328125
6 0.5390625 0.8296875 0.0375 0.065625