3 0.3171875 0.0890625 0.140625 0.0921875
3 0.4546875 0.078125 0.11875 0.0875
4 0.4671875 0.165625 0.0578125 0.0421875
4 0.99296875 0.08125 0.0140625 0.046875
5 0.9546875 0.23125 0.0453125 0.0703125
4 0.3046875 0.5609375 0.02734375 0.01328125
4 0.3046875 0.5890625 0.02734375 0.034375
0 0.29375 0.60859375 0.0203125 0.0359375
2 0.3671875 0.5921875 0.0203125 0.04921875
2 0.2453125 0.57421875 0.0171875 0.0390625
5 0.340625 0.66796875 0.02421875 0.05078125
5 0.26796875 0.65 0.02578125 0.05234375
7 0.2578125 0.70390625 0.01015625 0.04453125
6 0.24453125 0.69296875 0.015625 0.05625
3 0.32890625 0.47421875 0.0328125 0.02265625
3 0.75390625 0.3234375 0.0484375 0.046875
3 0.853125 0.3359375 0.065625 0.0484375
3 0.9515625 0.3375 0.090625 0.0703125
5 0.7671875 0.6234375 0.0375 0.059375
6 0.9671875 0.671875 0.05625 0.046875