5 0.43125 0.01640625 0.0375 0.0328125
5 0.21640625 0.01171875 0.0546875 0.0234375
1 0.2359375 0.153125 0.0703125 0.0796875
1 0.415625 0.15 0.04375 0.0578125
1 0.31875 0.18125 0.075 0.0359375
5 0.778125 0.0765625 0.0515625 0.115625
5 0.94375 0.1109375 0.0328125 0.0859375
7 0.9375 0.2390625 0.03125 0.071875
7 0.753125 0.2234375 0.040625 0.0703125
4 0.1078125 0.66875 0.0421875 0.0125
4 0.1078125 0.6953125 0.0421875 0.0328125
0 0.090625 0.7140625 0.03125 0.034375
2 0.20625 0.6984375 0.03125 0.046875
2 0.015625 0.68125 0.0265625 0.0375
5 0.1640625 0.7703125 0.0375 0.0484375
5 0.05 0.753125 0.040625 0.05
7 0.034375 0.8046875 0.015625 0.0421875
6 0.0140625 0.79375 0.025 0.053125
3 0.1453125 0.5859375 0.0515625 0.021875
3 0.8859375 0.56875 0.05 0.040625
3 0.9375 0.565625 0.040625 0.05625
3 0.98125 0.584375 0.0328125 0.05625
2 0.875 0.66875 0.034375 0.0375
5 0.928125 0.7421875 0.0296875 0.05625
4 0.9953125 0.6390625 0.009375 0.028125