5 0.26328125 0.17421875 0.0515625 0.0703125
5 0.0421875 0.1703125 0.0546875 0.0609375
1 0.0609375 0.3296875 0.0703125 0.0796875
1 0.240625 0.3265625 0.04375 0.0578125
1 0.14375 0.3578125 0.075 0.0359375
3 0.47890625 0.18671875 0.06875 0.04765625
3 0.5703125 0.18359375 0.0703125 0.05546875
3 0.6625 0.18359375 0.0828125 0.04765625
3 0.74921875 0.18828125 0.07578125 0.04921875
2 0.44609375 0.25625 0.05078125 0.03671875
2 0.78359375 0.25703125 0.05078125 0.03359375
5 0.7109375 0.33125 0.0453125 0.04140625
5 0.52734375 0.33046875 0.046875 0.0421875
3 0.14140625 0.6328125 0.0390625 0.028125
3 0.10390625 0.62734375 0.0328125 0.0171875
5 0.090625 0.80625 0.0359375 0.05
3 0.50625 0.9625 0.1109375 0.0484375
3 0.753125 0.946875 0.1328125 0.0421875
4 0.60078125 0.98984375 0.0296875 0.0203125