3 0.2484375 0.265625 0.0671875 0.05625
3 0.35 0.2640625 0.1078125 0.065625
2 0.1984375 0.3375 0.03125 0.0296875
2 0.40625 0.35 0.03125 0.0328125
5 0.3546875 0.421875 0.0453125 0.0421875
5 0.2375 0.409375 0.03125 0.053125
3 0.8109375 0.1734375 0.03671875 0.05625
3 0.85546875 0.19453125 0.03671875 0.071875
5 0.78046875 0.3734375 0.021875 0.06640625
5 0.85390625 0.453125 0.0140625 0.06640625
7 0.7671875 0.4984375 0.015625 0.11171875
7 0.84296875 0.5453125 0.01640625 0.08671875
2 0.7640625 0.2625 0.01953125 0.04140625
2 0.88046875 0.3359375 0.0140625 0.04921875
3 0.1546875 0.815625 0.0765625 0.0625
3 0.340625 0.7765625 0.125 0.06875
2 0.90078125 0.98203125 0.0671875 0.0359375