3 0.196875 0.3015625 0.115625 0.06875
3 0.328125 0.296875 0.0921875 0.078125
3 0.403125 0.31875 0.0484375 0.0765625
2 0.1453125 0.4421875 0.053125 0.06875
6 0.165625 0.5984375 0.046875 0.0625
4 0.953125 0.1765625 0.0171875 0.0390625
5 0.896875 0.30625 0.0375 0.0796875
7 0.8875 0.378125 0.021875 0.046875
2 0.85625 0.2328125 0.025 0.03125
3 0.3921875 0.7546875 0.05 0.0359375
3 0.4640625 0.746875 0.0703125 0.040625
3 0.3328125 0.7578125 0.0453125 0.0328125
4 0.396875 0.7921875 0.034375 0.0359375
2 0.503125 0.83125 0.0125 0.04375
2 0.3171875 0.8640625 0.028125 0.0265625
5 0.4703125 0.8953125 0.05625 0.0390625
5 0.3625 0.9046875 0.028125 0.0375
1 0.43203125 0.996875 0.0734375 0.00625
5 0.8421875 0.6984375 0.0578125 0.06875
5 0.6203125 0.703125 0.0515625 0.0546875