5 0.009375 0.30546875 0.01875 0.0578125
2 0.8328125 0.02109375 0.059375 0.0421875
5 0.7671875 0.146875 0.0875 0.06875
5 0.5125 0.1953125 0.05625 0.1015625
3 0.28125 0.7890625 0.2140625 0.0296875
2 0.4109375 0.8609375 0.034375 0.03125
2 0.171875 0.8984375 0.0265625 0.03125
0 0.2953125 0.8984375 0.0359375 0.0390625
5 0.3484375 0.9640625 0.0671875 0.0578125
5 0.21953125 0.98203125 0.0296875 0.0359375
5 0.78125 0.6296875 0.1203125 0.0765625
5 0.4859375 0.7359375 0.0125 0.09375
6 0.971875 0.6546875 0.05625 0.109375
6 0.9453125 0.796875 0.0515625 0.1359375
7 0.8828125 0.715625 0.0546875 0.09375
1 0.8671875 0.846875 0.0515625 0.084375