3 0.4321608040201005 0.2296875 0.13400335008375208 0.0875
3 0.25963149078726966 0.196875 0.09547738693467336 0.08125
2 0.1407035175879397 0.38125 0.05360134003350084 0.08125
5 0.5033500837520938 0.58984375 0.051926298157453935 0.0578125
8 0.23115577889447236 0.5484375 0.09715242881072027 0.075
6 0.12814070351758794 0.58828125 0.06532663316582915 0.0609375
3 0.644891122278057 0.0890625 0.1273031825795645 0.034375
3 0.7939698492462312 0.0625 0.09045226130653267 0.0546875
3 0.932998324958124 0.046875 0.09045226130653267 0.034375
4 0.7554438860971524 0.1640625 0.07872696817420435 0.053125
2 0.5678391959798995 0.265625 0.05862646566164154 0.05625
5 0.932998324958124 0.3484375 0.07872696817420435 0.078125
1 0.8961474036850922 0.575 0.11557788944723618 0.0515625
6 0.6030150753768844 0.3421875 0.05862646566164154 0.0640625
3 0.1390284757118928 0.91875 0.12060301507537688 0.059375
3 0.21273031825795644 0.8765625 0.10552763819095477 0.0390625
4 0.6901172529313233 0.6453125 0.05695142378559464 0.053125
2 0.8860971524288107 0.715625 0.03685092127303183 0.065625
5 0.8006700167504187 0.8265625 0.10050251256281408 0.0734375
5 0.5661641541038526 0.8390625 0.07370184254606366 0.084375
6 0.5368509212730318 0.8875 0.01507537688442211 0.103125
6 0.8693467336683417 0.840625 0.031825795644891124 0.0796875