3 0.25 0.0140625 0.06875 0.028125
2 0.3875 0.0734375 0.0390625 0.04375
5 0.35 0.19375 0.0546875 0.046875
5 0.2203125 0.2359375 0.03125 0.0703125
7 0.4 0.2703125 0.04375 0.0421875
7 0.234375 0.303125 0.028125 0.05
6 0.425 0.1765625 0.0546875 0.0890625
2 0.1484375 0.1796875 0.034375 0.0375
5 0.9328125 0.0625 0.040625 0.0859375
5 0.6640625 0.0609375 0.053125 0.075
6 0.6421875 0.1015625 0.04375 0.0640625
3 0.3640625 0.55 0.0734375 0.0359375
3 0.396875 0.6046875 0.065625 0.0375
2 0.2375 0.7078125 0.0765625 0.0546875
5 0.3375 0.859375 0.059375 0.0734375
3 0.6984375 0.55234375 0.07265625 0.04609375
3 0.63984375 0.5703125 0.03359375 0.03515625
5 0.71640625 0.759375 0.01953125 0.04765625
5 0.64453125 0.78125 0.01796875 0.04921875
1 0.68359375 0.88828125 0.03125 0.02734375