3 0.5890625 0.15 0.0546875 0.0640625
3 0.68125 0.15 0.0875 0.05625
3 0.784375 0.1703125 0.0890625 0.0578125
3 0.8265625 0.203125 0.1296875 0.04375
4 0.715625 0.3359375 0.0859375 0.059375
2 0.5203125 0.353125 0.065625 0.0640625
2 0.928125 0.35 0.0640625 0.0703125
0 0.7203125 0.3921875 0.0546875 0.04375
5 0.5921875 0.4609375 0.075 0.0375
3 0.071875 0.6046875 0.0359375 0.0421875
3 0.125 0.603125 0.040625 0.028125
3 0.175 0.6046875 0.04375 0.040625
5 0.1875 0.7375 0.034375 0.0421875
5 0.0890625 0.74375 0.03125 0.0390625
6 0.2140625 0.80625 0.0234375 0.0609375
6 0.0765625 0.796875 0.028125 0.0453125
6 0.228125 0.7109375 0.034375 0.04375
6 0.053125 0.725 0.0265625 0.0546875
3 0.7125 0.584375 0.040625 0.0203125
3 0.790625 0.5796875 0.0375 0.0203125
4 0.7515625 0.596875 0.01875 0.028125
2 0.825 0.6203125 0.0203125 0.025
5 0.7953125 0.659375 0.03125 0.034375
5 0.7296875 0.6765625 0.021875 0.0421875
7 0.809375 0.6953125 0.0140625 0.025
7 0.728125 0.709375 0.0171875 0.025
1 0.7640625 0.721875 0.0390625 0.0171875
6 0.83125 0.659375 0.021875 0.028125