3 0.0796875 0.028125 0.09375 0.034375
3 0.01328125 0.06796875 0.0265625 0.0421875
5 0.1421875 0.253125 0.0515625 0.0609375
5 0.01796875 0.2453125 0.0359375 0.06875
2 0.571875 0.01015625 0.046875 0.0203125
3 0.08984375 0.4328125 0.04453125 0.0484375
3 0.14375 0.42265625 0.04453125 0.06171875
7 0.2 0.7421875 0.0125 0.0390625
7 0.10703125 0.76953125 0.01484375 0.0375
4 0.7578125 0.5453125 0.0328125 0.05859375
3 0.746875 0.4125 0.06328125 0.0375
3 0.8140625 0.40625 0.04453125 0.03359375
3 0.81484375 0.4515625 0.04296875 0.040625
3 0.746875 0.46328125 0.05234375 0.046875
3 0.69453125 0.46328125 0.02890625 0.02109375
3 0.68984375 0.42265625 0.0328125 0.0359375
2 0.66328125 0.61953125 0.02265625 0.07109375
2 0.84609375 0.61171875 0.021875 0.06015625
5 0.80234375 0.73828125 0.028125 0.06796875
5 0.70703125 0.73671875 0.02578125 0.06328125