3 0.34375 0.221875 0.09375 0.034375
3 0.246875 0.2625 0.0875 0.0421875
5 0.40625 0.446875 0.0515625 0.0609375
5 0.275 0.4390625 0.05 0.06875
3 0.73828125 0.0859375 0.059375 0.02734375
3 0.74140625 0.11796875 0.04609375 0.02890625
3 0.7984375 0.11015625 0.0453125 0.03203125
3 0.83203125 0.153125 0.03515625 0.05078125
4 0.77421875 0.215625 0.01484375 0.04921875
2 0.86171875 0.27734375 0.025 0.04453125
5 0.7234375 0.446875 0.0203125 0.05078125
5 0.815625 0.42421875 0.02578125 0.04453125
5 0.4265625 0.765625 0.0328125 0.0578125