7 0.2015625 0.1734375 0.04375 0.0890625
5 0.2484375 0.0953125 0.0640625 0.0609375
5 0.4015625 0.096875 0.04375 0.06875
1 0.2390625 0.2359375 0.0375 0.059375
2 0.8390625 0.0578125 0.040625 0.05625
5 0.7953125 0.115625 0.046875 0.053125
6 0.85625 0.2 0.025 0.0609375
1 0.759375 0.2515625 0.01875 0.03125
7 0.821875 0.2046875 0.025 0.0515625
3 0.6515625 0.5015625 0.1390625 0.0234375
4 0.6375 0.5609375 0.01875 0.0359375
6 0.74453125 0.70703125 0.0109375 0.0859375
6 0.5640625 0.6984375 0.0265625 0.05
6 0.75390625 0.82265625 0.0078125 0.1515625
6 0.7703125 0.65546875 0.040625 0.1078125
2 0.76171875 0.55390625 0.0234375 0.0671875