3 0.8125 0.3734375 0.0546875 0.0796875
2 0.71875 0.521875 0.0671875 0.071875
4 0.98203125 0.4765625 0.0359375 0.046875
4 0.265625 0.63125 0.0609375 0.034375
4 0.26015625 0.58046875 0.0828125 0.0421875
2 0.0609375 0.6875 0.040625 0.05
5 0.3671875 0.8421875 0.05 0.09375
5 0.1625 0.85625 0.05625 0.0953125
7 0.403125 0.9671875 0.0125 0.05
5 0.3984375 0.9171875 0.021875 0.046875
5 0.1140625 0.9328125 0.0359375 0.0546875
1 0.15703125 0.98515625 0.0515625 0.0296875
1 0.221875 0.971875 0.0625 0.0390625
1 0.315625 0.9671875 0.084375 0.040625
8 0.2734375 0.903125 0.025 0.04375
2 0.5578125 0.5859375 0.040625 0.053125
5 0.65 0.7015625 0.040625 0.08125
6 0.5453125 0.765625 0.05 0.0890625
6 0.8375 0.646875 0.0609375 0.053125