3 0.4890625 0.3127853881278539 0.0515625 0.04794520547945205
3 0.3765625 0.3264840182648402 0.05625 0.0547945205479452
5 0.8875 0.09360730593607305 0.0515625 0.11643835616438356
5 0.753125 0.10273972602739725 0.0421875 0.08447488584474885
4 0.2859375 0.3915525114155251 0.021875 0.06621004566210045
2 0.4796875 0.4611872146118721 0.05 0.0730593607305936
2 0.13125 0.45662100456621 0.034375 0.0593607305936073
5 0.39375 0.684931506849315 0.046875 0.1141552511415525
5 0.203125 0.7442922374429224 0.021875 0.07077625570776255
4 0.57421875 0.5901826484018264 0.0109375 0.07534246575342465
5 0.65 0.7922374429223744 0.0515625 0.11643835616438356
3 0.59453125 0.5171232876712328 0.0515625 0.03424657534246575