2 0.509375 0.016968325791855202 0.025 0.033936651583710405
5 0.4421875 0.08823529411764706 0.0375 0.09049773755656108
5 0.346875 0.09502262443438914 0.03125 0.07692307692307693
7 0.471875 0.16515837104072398 0.028125 0.06787330316742081
3 0.8328125 0.20135746606334842 0.1125 0.10407239819004525
3 0.9421875 0.20361990950226244 0.0734375 0.09954751131221719
4 0.896875 0.3031674208144796 0.03125 0.0746606334841629
3 0.2375 0.46153846153846156 0.0625 0.033936651583710405
3 0.2359375 0.5067873303167421 0.065625 0.038461538461538464
3 0.3 0.47737556561085975 0.0453125 0.09502262443438914
3 0.3640625 0.45701357466063347 0.06875 0.05429864253393665
4 0.2953125 0.5701357466063348 0.040625 0.06334841628959276
4 0.5625 0.6108597285067874 0.0296875 0.08144796380090498
4 0.58125 0.5972850678733032 0.028125 0.058823529411764705
2 0.75 0.6764705882352942 0.046875 0.06108597285067873
3 0.66875 0.5203619909502263 0.06875 0.05203619909502263
3 0.56640625 0.48868778280542985 0.0734375 0.03167420814479638