3 0.29375 0.14221218961625282 0.0421875 0.03611738148984198
3 0.3875 0.16027088036117382 0.0703125 0.06772009029345373
2 0.43046875 0.2878103837471783 0.0171875 0.056433408577878104
5 0.3671875 0.3623024830699774 0.0375 0.0744920993227991
5 0.271875 0.3690744920993228 0.03125 0.060948081264108354
7 0.4671875 0.3927765237020316 0.053125 0.013544018058690745
3 0.01875 0.5869074492099323 0.0375 0.06320541760722348
5 0.01484375 0.8250564334085779 0.0296875 0.0744920993227991
2 0.071875 0.7291196388261851 0.0359375 0.04740406320541761
3 0.46328125 0.5237020316027088 0.0484375 0.045146726862302484
2 0.5109375 0.6501128668171557 0.0296875 0.03160270880361174
5 0.4640625 0.7246049661399548 0.03125 0.060948081264108354