6 0.146875 0.4859154929577465 0.03125 0.046948356807511735
2 0.9359375 0.19248826291079812 0.0453125 0.08685446009389672
5 0.98125 0.3826291079812207 0.028125 0.11267605633802817
3 0.975 0.05868544600938967 0.05 0.03755868544600939
2 0.084375 0.6032863849765259 0.06875 0.07981220657276995
5 0.2078125 0.7323943661971831 0.040625 0.12441314553990611
5 0.3828125 0.6197183098591549 0.065625 0.08215962441314555
3 0.7703125 0.568075117370892 0.05625 0.06807511737089202
3 0.8359375 0.5727699530516432 0.0484375 0.0892018779342723
3 0.9046875 0.6244131455399061 0.0640625 0.04225352112676056
3 0.9140625 0.5821596244131455 0.084375 0.056338028169014086
3 0.98515625 0.6373239436619719 0.0296875 0.05868544600938967
3 0.984375 0.6009389671361502 0.03125 0.056338028169014086
3 0.9828125 0.5481220657276995 0.034375 0.06338028169014084
2 0.7109375 0.7183098591549296 0.034375 0.056338028169014086
5 0.9375 0.9706572769953051 0.034375 0.05868544600938967
5 0.75859375 0.9647887323943662 0.0484375 0.07042253521126761