6 0.178125 0.3375 0.03125 0.078125
3 0.6046875 0.075 0.040625 0.040625
3 0.6734375 0.071875 0.0609375 0.0640625
3 0.771875 0.0765625 0.04375 0.0265625
4 0.3 0.6609375 0.0375 0.0484375
3 0.1921875 0.6375 0.0625 0.0296875
3 0.240625 0.60625 0.065625 0.0453125
3 0.384375 0.61875 0.0609375 0.0359375
3 0.38359375 0.58515625 0.0703125 0.0546875
3 0.3171875 0.5953125 0.0625 0.059375
3 0.1875 0.596875 0.0453125 0.0515625
2 0.1546875 0.7390625 0.0453125 0.0375
3 0.7453125 0.5078125 0.0703125 0.0375
3 0.8375 0.5015625 0.0625 0.0296875
3 0.9171875 0.496875 0.06875 0.04375
3 0.896875 0.46875 0.06875 0.0421875
4 0.8421875 0.5921875 0.0484375 0.0375
2 0.98984375 0.59765625 0.0203125 0.0515625