5 0.1953125 0.3227699530516432 0.028125 0.03051643192488263
3 0.334375 0.44835680751173707 0.0359375 0.07981220657276995
4 0.6640625 0.5915492957746479 0.0609375 0.051643192488262914
4 0.659375 0.5093896713615024 0.0828125 0.07746478873239436
3 0.590625 0.45305164319248825 0.0609375 0.03990610328638498
3 0.571875 0.392018779342723 0.0796875 0.0539906103286385
3 0.815625 0.43896713615023475 0.0640625 0.051643192488262914
3 0.8125 0.3967136150234742 0.065625 0.06103286384976526
3 0.71875 0.4131455399061033 0.0703125 0.07511737089201878
2 0.459375 0.676056338028169 0.040625 0.07511737089201878
2 0.8734375 0.6807511737089202 0.05 0.08685446009389672
5 0.765625 0.9084507042253521 0.05 0.14084507042253522
5 0.5609375 0.9284037558685446 0.05625 0.1431924882629108
5 0.80703125 0.9929577464788732 0.0421875 0.014084507042253521
8 0.671875 0.9835680751173709 0.025 0.03286384976525822