3 0.234375 0.103125 0.1578125 0.103125
3 0.384375 0.103125 0.0984375 0.1234375
3 0.50390625 0.06328125 0.0921875 0.0984375
1 0.3921875 0.5234375 0.125 0.03125
6 0.53671875 0.44921875 0.0265625 0.0703125
4 0.35625 0.209375 0.0703125 0.0390625
3 0.56796875 0.190625 0.0359375 0.05
7 0.0921875 0.9359375 0.0203125 0.0421875
7 0.2453125 0.9234375 0.0234375 0.05
5 0.1046875 0.8734375 0.0328125 0.0625
5 0.2421875 0.8703125 0.0328125 0.0484375
8 0.1796875 0.8890625 0.0234375 0.034375
3 0.6453125 0.5671875 0.090625 0.0375
5 0.8140625 0.8265625 0.05 0.1046875