3 0.14375 0.2 0.075 0.03125
2 0.02109375 0.3489583333333333 0.0328125 0.03958333333333333
2 0.253125 0.325 0.0296875 0.0625
4 0.45 0.396875 0.01875 0.05625
2 0.215625 0.44166666666666665 0.0484375 0.0625
5 0.2859375 0.65 0.071875 0.075
3 0.5890625 0.6395833333333333 0.090625 0.0625
3 0.7015625 0.64375 0.1078125 0.06458333333333334
2 0.784375 0.7645833333333333 0.0484375 0.04791666666666667
2 0.503125 0.7729166666666667 0.0328125 0.06666666666666667
4 0.6421875 0.7104166666666667 0.0234375 0.0625
5 0.571875 0.8979166666666667 0.046875 0.1
5 0.7015625 0.9 0.040625 0.07708333333333334