3 0.4583333333333333 0.0359375 0.052083333333333336 0.0171875
2 0.55625 0.0859375 0.022916666666666665 0.021875
7 0.5354166666666667 0.1546875 0.027083333333333334 0.03125
4 0.7552083333333334 0.4359375 0.035416666666666666 0.053125
5 0.9083333333333333 0.6484375 0.09375 0.0890625
5 0.6729166666666667 0.66875 0.0625 0.0765625
1 0.7020833333333333 0.8125 0.05625 0.0578125
1 0.8125 0.8296875 0.11875 0.0515625
1 0.9166666666666666 0.821875 0.041666666666666664 0.0609375
7 0.9416666666666667 0.746875 0.052083333333333336 0.053125
7 0.65625 0.7796875 0.03958333333333333 0.05625
6 0.9927083333333333 0.72578125 0.014583333333333334 0.0734375
6 0.5979166666666667 0.728125 0.05625 0.0578125