3 0.31484375 0.0921875 0.0890625 0.040625
4 0.7390625 0.25 0.025 0.0625
3 0.63125 0.159375 0.0828125 0.0328125
3 0.73125 0.1609375 0.1015625 0.0328125
3 0.6484375 0.2015625 0.0921875 0.040625
3 0.759375 0.2015625 0.10625 0.0390625
3 0.02734375 0.4609375 0.0546875 0.025
2 0.3 0.5609375 0.04375 0.05625
5 0.2140625 0.6421875 0.059375 0.0609375
5 0.0125 0.671875 0.025 0.0625
4 0.6140625 0.5984375 0.0390625 0.034375
5 0.73125 0.6859375 0.075 0.0453125
5 0.546875 0.6921875 0.0515625 0.053125
3 0.7109375 0.55625 0.0734375 0.01953125
7 0.7609375 0.7390625 0.0453125 0.053125