3 0.34375 0.0953125 0.1140625 0.040625
3 0.934375 0.06171875 0.13125 0.0484375
4 0.9046875 0.1640625 0.046875 0.0375
2 0.7328125 0.16875 0.05625 0.0734375
5 0.8015625 0.2703125 0.071875 0.0609375
5 0.9828125 0.303125 0.034375 0.08125
4 0.4234375 0.73125 0.028125 0.040625
5 0.3546875 0.85625 0.0328125 0.053125
5 0.465625 0.8671875 0.025 0.0375
1 0.453125 0.946875 0.0140625 0.0328125
1 0.3359375 0.9203125 0.025 0.015625
3 0.434375 0.68125 0.075 0.028125
3 0.4359375 0.6640625 0.071875 0.021875
3 0.35625 0.7015625 0.0484375 0.025
3 0.484375 0.715625 0.05 0.0234375
2 0.3015625 0.7640625 0.03125 0.0328125
2 0.50625 0.7765625 0.025 0.0234375