3 0.47578125 0.09761904761904762 0.0140625 0.02857142857142857
3 0.4921875 0.09047619047619047 0.015625 0.03333333333333333
5 0.0828125 0.44761904761904764 0.025 0.030952380952380953
5 0.0265625 0.47619047619047616 0.0140625 0.04285714285714286
1 0.059375 0.5547619047619048 0.0125 0.02619047619047619
2 0.7640625 0.6047619047619047 0.0359375 0.05952380952380952
2 0.540625 0.611904761904762 0.028125 0.06904761904761905
4 0.625 0.5428571428571428 0.0171875 0.05
4 0.6484375 0.5357142857142857 0.015625 0.04047619047619048
6 0.7640625 0.7095238095238096 0.0328125 0.08333333333333333
7 0.7546875 0.7833333333333333 0.034375 0.08095238095238096
5 0.703125 0.719047619047619 0.03125 0.07142857142857142
5 0.59375 0.7285714285714285 0.03125 0.05714285714285714
6 0.5546875 0.7833333333333333 0.01875 0.09285714285714286
6 0.54375 0.7095238095238096 0.0265625 0.08333333333333333