3 0.0734375 0.15456674473067916 0.125 0.09836065573770492
3 0.203125 0.14285714285714285 0.0875 0.09601873536299765
3 0.296875 0.8173302107728337 0.0859375 0.117096018735363
3 0.396875 0.8407494145199064 0.08125 0.13114754098360656
3 0.4953125 0.8126463700234192 0.08125 0.117096018735363
3 0.58125 0.810304449648712 0.06875 0.1686182669789227
3 0.8890625 0.36768149882903983 0.0640625 0.05620608899297424
3 0.94375 0.4028103044496487 0.0765625 0.053864168618266976
3 0.975 0.35714285714285715 0.05 0.0585480093676815
4 0.9734375 0.5269320843091335 0.021875 0.08430913348946135
2 0.81875 0.6018735362997658 0.034375 0.06088992974238876
5 0.890625 0.8969555035128806 0.021875 0.07259953161592506