3 0.02109375 0.06912878787878787 0.0421875 0.058712121212121215
5 0.0453125 0.3806818181818182 0.0421875 0.06439393939393939
6 0.0890625 0.32007575757575757 0.0328125 0.08333333333333333
3 0.6859375 0.041666666666666664 0.0625 0.07196969696969698
3 0.63125 0.058712121212121215 0.040625 0.04734848484848485
3 0.63359375 0.00946969696969697 0.0265625 0.01893939393939394
3 0.7203125 0.11363636363636363 0.0359375 0.045454545454545456
2 0.7359375 0.19507575757575757 0.046875 0.06060606060606061
6 0.7546875 0.3068181818181818 0.0390625 0.06818181818181818
6 0.7984375 0.36742424242424243 0.0375 0.0625
6 0.7921875 0.2518939393939394 0.05 0.054924242424242424
6 0.740625 0.5028409090909091 0.028125 0.05113636363636364
6 0.890625 0.4971590909090909 0.05 0.0625
1 0.69375 0.49242424242424243 0.0484375 0.06060606060606061
8 0.6453125 0.4109848484848485 0.0359375 0.04734848484848485
0 0.625 0.25757575757575757 0.0453125 0.045454545454545456
3 0.47421875 0.5397727272727273 0.0453125 0.022727272727272728
5 0.4875 0.7196969696969697 0.028125 0.04734848484848485