3 0.215625 0.0921875 0.078125 0.0921875
4 0.2578125 0.196875 0.065625 0.0578125
5 0.13125 0.29375 0.09375 0.053125
5 0.30703125 0.37578125 0.0390625 0.0671875
7 0.06796875 0.3765625 0.0296875 0.065625
2 0.39375 0.3109375 0.03125 0.0875
3 0.36875 0.128125 0.08125 0.08125
2 0.0828125 0.2078125 0.0421875 0.0578125
8 0.203125 0.384375 0.025 0.0390625
2 0.765625 0.20625 0.040625 0.0828125
5 0.678125 0.3765625 0.090625 0.065625
5 0.4203125 0.36640625 0.021875 0.0453125
4 0.496875 0.1640625 0.0390625 0.0296875
4 0.55625 0.1 0.0234375 0.0484375
2 0.1421875 0.41640625 0.05 0.0140625
3 0.79375 0.5328125 0.0796875 0.0578125
3 0.8765625 0.56875 0.065625 0.0625
3 0.96875 0.56953125 0.0625 0.0484375
3 0.971875 0.60546875 0.05625 0.0390625
2 0.7203125 0.659375 0.06875 0.075
5 0.99375 0.8890625 0.0125 0.071875
5 0.7578125 0.815625 0.0515625 0.0546875