3 0.378125 0.04296875 0.078125 0.0859375
4 0.4203125 0.1453125 0.065625 0.0578125
5 0.29375 0.2421875 0.09375 0.053125
5 0.4703125 0.35625 0.0390625 0.13125
7 0.44375 0.45625 0.034375 0.0703125
7 0.23125 0.3359375 0.0296875 0.0875
2 0.5671875 0.259375 0.0515625 0.0875
3 0.55 0.0765625 0.1171875 0.08125
2 0.2453125 0.15625 0.0421875 0.0578125
8 0.365625 0.3328125 0.025 0.0390625
3 0.875 0.18984375 0.0125 0.046875
3 0.8953125 0.18984375 0.0140625 0.03203125
4 0.896875 0.23359375 0.0109375 0.03359375
3 0.915625 0.1984375 0.02109375 0.02734375
3 0.9140625 0.2234375 0.0171875 0.02265625
2 0.8640625 0.2546875 0.00859375 0.040625
2 0.928125 0.27734375 0.01015625 0.03671875
5 0.91015625 0.34140625 0.01015625 0.040625
5 0.87578125 0.328125 0.01171875 0.0453125
4 0.2 0.703125 0.0234375 0.0515625
4 0.1546875 0.70625 0.0296875 0.0390625
3 0.08125 0.70625 0.0328125 0.0390625
3 0.2375 0.66875 0.04375 0.0234375
3 0.3 0.659375 0.05 0.0328125
3 0.184375 0.6546875 0.05625 0.0296875
3 0.1125 0.6609375 0.0546875 0.025
2 0.009375 0.796875 0.01875 0.05
2 0.3921875 0.7875 0.0453125 0.0484375
5 0.3109375 0.9453125 0.0515625 0.0875
5 0.0640625 0.95 0.0640625 0.08125
7 0.9 0.7953125 0.0484375 0.090625
6 0.9765625 0.7796875 0.0375 0.0953125