2 0.1671875 0.18587360594795538 0.0453125 0.0687732342007435
5 0.1921875 0.40427509293680297 0.03125 0.0687732342007435
6 0.1640625 0.41263940520446096 0.028125 0.05204460966542751
6 0.15 0.3252788104089219 0.0234375 0.11338289962825279
6 0.9171875 0.0762081784386617 0.0328125 0.03345724907063197
7 0.34375 0.8587360594795539 0.034375 0.05762081784386617
3 0.6890625 0.6189591078066915 0.0640625 0.03531598513011153
3 0.703125 0.5780669144981413 0.078125 0.040892193308550186
3 0.7921875 0.604089219330855 0.071875 0.040892193308550186
4 0.8359375 0.671003717472119 0.0359375 0.06319702602230483
3 0.915625 0.637546468401487 0.05625 0.031598513011152414
2 0.64375 0.7286245353159851 0.05625 0.05204460966542751
5 0.9546875 0.9089219330855018 0.0515625 0.06319702602230483
5 0.7234375 0.9070631970260223 0.0546875 0.04460966542750929