3 0.03671875 0.10390625 0.0734375 0.0546875
3 0.1734375 0.1234375 0.1203125 0.0390625
3 0.7375 0.0921875 0.0875 0.0484375
3 0.8390625 0.0640625 0.075 0.05
3 0.9265625 0.06875 0.0765625 0.059375
3 0.946875 0.1171875 0.0703125 0.05
4 0.8609375 0.1625 0.0296875 0.0453125
2 0.6203125 0.196875 0.0484375 0.046875
2 0.99375 0.20546875 0.0125 0.0359375
5 0.690625 0.353125 0.071875 0.05625
5 0.9390625 0.371875 0.0390625 0.05
4 0.21171875 0.66015625 0.0640625 0.0609375
2 0.0234375 0.73984375 0.046875 0.0609375
2 0.3890625 0.7359375 0.0546875 0.071875
5 0.1109375 0.8546875 0.0734375 0.0953125
5 0.309375 0.8484375 0.06875 0.096875
6 0.04921875 0.971875 0.0421875 0.05625
1 0.2234375 0.9921875 0.09375 0.015625
6 0.365625 0.9609375 0.03125 0.078125
3 0.553125 0.7 0.146875 0.103125
3 0.6984375 0.7 0.0984375 0.1234375
3 0.8390625 0.66953125 0.134375 0.0796875
4 0.6703125 0.80625 0.0703125 0.0390625