3 0.16875 0.2171875 0.03671875 0.06015625
3 0.2296875 0.21875 0.028125 0.04375
5 0.175 0.409375 0.0125 0.0734375
5 0.21796875 0.415625 0.01328125 0.06640625
3 0.428125 0.08203125 0.0515625 0.07890625
3 0.4828125 0.05625 0.0421875 0.07578125
3 0.5453125 0.0515625 0.0609375 0.06953125
4 0.5015625 0.13203125 0.0171875 0.0421875
4 0.4703125 0.1546875 0.01796875 0.0578125
2 0.6125 0.203125 0.034375 0.0515625
5 0.46796875 0.3796875 0.0203125 0.0984375
5 0.57890625 0.35546875 0.03359375 0.0875
0 0.53671875 0.2453125 0.021875 0.0390625
1 0.47578125 0.50234375 0.02421875 0.06171875
5 0.88515625 0.35390625 0.03984375 0.07578125
5 0.7734375 0.39375 0.02734375 0.09375
3 0.365625 0.92109375 0.046875 0.0390625
3 0.34765625 0.96953125 0.0828125 0.0296875
3 0.20625 0.9359375 0.0734375 0.0359375
3 0.2390625 0.9859375 0.065625 0.028125
3 0.3484375 0.8921875 0.08125 0.034375
3 0.578125 0.7640625 0.059375 0.053125
3 0.6625 0.7421875 0.0640625 0.0390625
3 0.65234375 0.696875 0.0671875 0.034375
3 0.746875 0.73125 0.0625 0.053125
3 0.8265625 0.7359375 0.059375 0.071875
4 0.7421875 0.809375 0.05 0.065625
2 0.5328125 0.865625 0.06875 0.053125
2 0.8515625 0.896875 0.034375 0.040625
0 0.678125 0.925 0.040625 0.0421875
5 0.6046875 0.98203125 0.05 0.0359375