3 0.2046875 0.2984375 0.10625 0.10625
3 0.3171875 0.2796875 0.096875 0.1140625
3 0.41875 0.2703125 0.0625 0.109375
2 0.12578125 0.41953125 0.0421875 0.0390625
5 0.828125 0.0765625 0.04375 0.059375
5 0.603125 0.0546875 0.059375 0.071875
6 0.578125 0.1703125 0.0578125 0.10625
6 0.83125 0.1640625 0.053125 0.1
3 0.3359375 0.56875 0.0453125 0.065625
3 0.3953125 0.5796875 0.0578125 0.0625
3 0.43984375 0.59609375 0.0203125 0.0546875
4 0.42734375 0.6796875 0.0453125 0.03125
6 0.30625 0.7984375 0.03125 0.0578125
3 0.803125 0.5984375 0.125 0.03125
2 0.8890625 0.6859375 0.0296875 0.021875
2 0.7171875 0.6859375 0.0265625 0.0265625
5 0.8421875 0.7375 0.03125 0.0421875
5 0.7578125 0.7359375 0.0328125 0.0359375