4 0.3078125 0.03278688524590164 0.021875 0.0585480093676815
2 0.4359375 0.06323185011709602 0.025 0.053864168618266976
5 0.28125 0.22482435597189696 0.0359375 0.08196721311475409
0 0.34375 0.09133489461358314 0.021875 0.04215456674473068
3 0.74375 0.27634660421545665 0.0640625 0.03747072599531616
3 0.74375 0.22716627634660422 0.0609375 0.07259953161592506
3 0.8359375 0.22482435597189696 0.0484375 0.07728337236533958
3 0.9078125 0.2107728337236534 0.0625 0.09133489461358314
4 0.81953125 0.3477751756440281 0.0578125 0.03981264637002342
2 0.9484375 0.3559718969555035 0.040625 0.0234192037470726
3 0.4015625 0.4168618266978923 0.0375 0.04215456674473068
4 0.4453125 0.47540983606557374 0.015625 0.09133489461358314
2 0.303125 0.5269320843091335 0.040625 0.0585480093676815
5 0.328125 0.6768149882903981 0.04375 0.09133489461358314
5 0.453125 0.7798594847775175 0.0296875 0.12177985948477751
5 0.9875 0.7505854800936768 0.025 0.07728337236533958
7 0.98828125 0.8372365339578455 0.0234375 0.06791569086651054
6 0.9578125 0.8079625292740047 0.01875 0.07728337236533958
2 0.9640625 0.6627634660421545 0.0203125 0.04918032786885246