4 0.2203125 0.2375 0.05 0.0734375
5 0.1359375 0.4109375 0.05 0.0703125
3 0.6390625 0.1 0.028125 0.04296875
3 0.68359375 0.096875 0.03359375 0.04140625
3 0.72421875 0.1265625 0.02890625 0.05859375
3 0.715625 0.0796875 0.02578125 0.04140625
4 0.68359375 0.18359375 0.0265625 0.05859375
5 0.63359375 0.30703125 0.021875 0.0734375
3 0.0734375 0.6484375 0.0453125 0.065625
3 0.1328125 0.659375 0.0578125 0.0625
3 0.19375 0.6765625 0.0515625 0.0546875
4 0.1671875 0.759375 0.05 0.03125
6 0.04375 0.878125 0.03125 0.0578125
4 0.46328125 0.7796875 0.0265625 0.075
6 0.6734375 0.98984375 0.021875 0.0203125