3 0.2015625 0.115625 0.01640625 0.0359375
4 0.2203125 0.165625 0.00703125 0.078125
2 0.159375 0.209375 0.0171875 0.05
5 0.16953125 0.3375 0.01875 0.078125
5 0.2234375 0.425 0.0125 0.10390625
3 0.440625 0.0734375 0.021875 0.065625
3 0.49375 0.0765625 0.053125 0.071875
3 0.7390625 0.065625 0.053125 0.065625
5 0.440625 0.38515625 0.021875 0.0796875
5 0.2671875 0.653125 0.059375 0.028125
5 0.0578125 0.66875 0.040625 0.059375
4 0.5375 0.6765625 0.0328125 0.0578125
2 0.6828125 0.684375 0.034375 0.034375
5 0.5 0.825 0.0359375 0.059375
5 0.6296875 0.8015625 0.0453125 0.0640625