3 0.178125 0.12890625 0.0140625 0.03984375
4 0.19453125 0.184375 0.00625 0.08671875
2 0.140625 0.2328125 0.015625 0.05546875
5 0.15 0.375 0.01640625 0.08671875
5 0.19765625 0.471875 0.0109375 0.115625
3 0.79375 0.1109375 0.103125 0.0546875
3 0.9421875 0.12890625 0.115625 0.0390625
2 0.18828125 0.7234375 0.0390625 0.028125
6 0.1796875 0.8 0.046875 0.065625
5 0.1078125 0.796875 0.0390625 0.046875
2 0.5953125 0.946875 0.040625 0.053125
4 0.7421875 0.909375 0.0296875 0.05
3 0.775 0.853125 0.0328125 0.0234375
3 0.7015625 0.8453125 0.059375 0.028125