3 0.278125 0.02421875 0.1 0.0484375
3 0.42109375 0.06796875 0.0765625 0.0984375
2 0.196875 0.171875 0.0484375 0.05
2 0.4875 0.0046875 0.046875 0.009375
3 0.30859375 0.428125 0.0640625 0.0265625
4 0.30234375 0.49453125 0.00859375 0.040625
6 0.3546875 0.66015625 0.01171875 0.096875
6 0.26875 0.65 0.0125 0.05625
2 0.88125 0.6171875 0.05 0.0609375
2 0.525 0.659375 0.04375 0.065625
3 0.7765625 0.5 0.1046875 0.0375
3 0.590625 0.5390625 0.071875 0.0390625
5 0.8609375 0.784375 0.040625 0.0859375
5 0.5921875 0.7828125 0.053125 0.075
6 0.5703125 0.8234375 0.04375 0.0640625