3 0.43359375 0.0203125 0.1015625 0.040625
2 0.4234375 0.146875 0.053125 0.0828125
5 0.265625 0.2984375 0.0625 0.084375
5 0.05 0.2234375 0.0625 0.053125
4 0.6296875 0.03125 0.05 0.0625
4 0.690625 0.0453125 0.0296875 0.071875
7 0.7359375 0.3828125 0.0390625 0.096875
6 0.8296875 0.3125 0.0390625 0.0578125
2 0.8390625 0.19375 0.0421875 0.05625
3 0.3109375 0.621875 0.02421875 0.021875
3 0.32890625 0.646875 0.03203125 0.028125
3 0.3015625 0.653125 0.01875 0.025
3 0.3359375 0.6859375 0.028125 0.03125
2 0.34609375 0.740625 0.02734375 0.0515625
6 0.34609375 0.8171875 0.02734375 0.065625
6 0.36015625 0.878125 0.02109375 0.0546875
6 0.33515625 0.925 0.0203125 0.0578125
6 0.39921875 0.8953125 0.0265625 0.0515625
5 0.31875 0.846875 0.01796875 0.0484375
4 0.2765625 0.7125 0.01171875 0.034375
3 0.784375 0.8328125 0.0578125 0.0484375
3 0.646875 0.81875 0.0453125 0.04375
4 0.715625 0.8765625 0.025 0.046875
5 0.65625 0.96875 0.034375 0.05
5 0.7546875 0.978125 0.0265625 0.0390625
2 0.79375 0.93125 0.0203125 0.03125
2 0.6171875 0.9125 0.025 0.025