3 0.178125 0.09375 0.0796875 0.0421875
3 0.2453125 0.134375 0.0484375 0.0453125
3 0.29375 0.128125 0.046875 0.040625
6 0.00625 0.38203125 0.0125 0.0796875
3 0.98359375 0.05 0.0328125 0.025
3 0.915625 0.0375 0.05 0.0578125
3 0.9796875 0.01875 0.040625 0.021875
2 0.89375 0.1796875 0.0421875 0.0421875
5 0.940625 0.26875 0.0375 0.0671875
1 0.9828125 0.3875 0.034375 0.01875
4 0.990625 0.13125 0.01875 0.025
3 0.21640625 0.58046875 0.03359375 0.04765625
3 0.25234375 0.5515625 0.02890625 0.05390625
3 0.28515625 0.5203125 0.02734375 0.06640625
3 0.18671875 0.6546875 0.03125 0.05859375
5 0.32734375 0.72890625 0.02734375 0.04765625
5 0.2671875 0.7703125 0.01640625 0.06328125
1 0.30234375 0.884375 0.0140625 0.03984375
3 0.6796875 0.684375 0.0640625 0.0484375
3 0.81875 0.6828125 0.0953125 0.046875
4 0.7640625 0.7046875 0.0359375 0.0546875
4 0.7203125 0.7140625 0.0296875 0.05
3 0.8421875 0.625 0.0765625 0.0453125
3 0.7453125 0.621875 0.0875 0.034375
2 0.5578125 0.7796875 0.059375 0.05625
2 0.896875 0.7828125 0.040625 0.0625
5 0.6703125 0.903125 0.040625 0.0890625