3 0.309375 0.18828125 0.04140625 0.04375
3 0.34453125 0.2296875 0.025 0.046875
3 0.36953125 0.2234375 0.02421875 0.04140625
6 0.21484375 0.48515625 0.01796875 0.08203125
4 0.76015625 0.21171875 0.0109375 0.04140625
5 0.728125 0.34765625 0.0171875 0.05390625
3 0.7484375 0.146875 0.03046875 0.0203125
3 0.203125 0.7546875 0.0578125 0.0453125
3 0.2015625 0.796875 0.046875 0.0453125
3 0.30625 0.7515625 0.0828125 0.0421875
3 0.2875 0.7953125 0.06875 0.040625
3 0.3921875 0.7703125 0.065625 0.0625
3 0.396875 0.8203125 0.0625 0.040625
4 0.265625 0.8375 0.0359375 0.0609375
2 0.41875 0.9046875 0.059375 0.0546875
2 0.1671875 0.9015625 0.0546875 0.046875
6 0.41640625 0.9859375 0.0359375 0.028125
5 0.2078125 0.9578125 0.0390625 0.046875
5 0.3546875 0.9734375 0.05 0.0515625
3 0.67265625 0.69453125 0.1171875 0.0515625
3 0.8 0.69609375 0.103125 0.0546875
2 0.871875 0.83125 0.0390625 0.0515625
2 0.596875 0.8265625 0.0390625 0.040625
7 0.6203125 0.9734375 0.03125 0.053125
7 0.83046875 0.97265625 0.0265625 0.0546875