3 0.6375 0.08125 0.0484375 0.03125
3 0.709375 0.075 0.065625 0.028125
3 0.7921875 0.084375 0.0734375 0.028125
3 0.728125 0.109375 0.0625 0.025
3 0.6609375 0.121875 0.0421875 0.028125
4 0.734375 0.1546875 0.021875 0.0515625
4 0.7 0.171875 0.0328125 0.0421875
2 0.86875 0.2234375 0.0328125 0.04375
2 0.565625 0.228125 0.0390625 0.0390625
5 0.8078125 0.33125 0.0484375 0.053125
5 0.6421875 0.334375 0.0421875 0.0640625
3 0.5609375 0.084375 0.04375 0.0328125
3 0.05625 0.54375 0.1125 0.06875
3 0.265625 0.5625 0.1140625 0.0546875
3 0.8390625 0.6296875 0.1390625 0.0234375
4 0.825 0.6890625 0.01875 0.0359375
6 0.9390625 0.8359375 0.025 0.0859375
6 0.7515625 0.8265625 0.0265625 0.05