2 0.0375 0.18125 0.0671875 0.0625
4 0.7890625 0.0359375 0.0234375 0.0515625
4 0.74375 0.0390625 0.0296875 0.0390625
3 0.6703125 0.0390625 0.0328125 0.0390625
3 0.8265625 0.00625 0.04375 0.0125
3 0.8890625 0.00390625 0.05 0.0078125
3 0.70078125 0.003125 0.0546875 0.00625
2 0.5796875 0.1296875 0.0578125 0.05
2 0.97890625 0.11953125 0.0421875 0.0484375
5 0.9 0.278125 0.0515625 0.0875
5 0.653125 0.2828125 0.0640625 0.08125
2 0.9671875 0.7703125 0.025 0.03125
5 0.9953125 0.8390625 0.009375 0.05
7 0.9890625 0.9015625 0.021875 0.040625