2 0.15625 0.1921875 0.0671875 0.0625
4 0.771875 0.0515625 0.0328125 0.065625
2 0.60546875 0.12578125 0.0109375 0.0640625
5 0.6828125 0.246875 0.040625 0.08125
6 0.8703125 0.1921875 0.0609375 0.053125
3 0.6125 0.03359375 0.025 0.0671875
3 0.4921875 0.6109375 0.0515625 0.0703125
3 0.3453125 0.5515625 0.1125 0.05
4 0.35 0.63125 0.065625 0.053125
5 0.29375 0.796875 0.040625 0.0921875
5 0.4546875 0.8109375 0.0546875 0.075
3 0.8484375 0.5890625 0.0796875 0.0328125
2 0.9875 0.68671875 0.025 0.0453125
7 0.9625 0.825 0.040625 0.0640625
7 0.76875 0.8359375 0.034375 0.05625