4 0.1609375 0.175 0.025 0.103125
4 0.19375 0.1703125 0.0203125 0.0375
5 0.040625 0.35 0.0609375 0.0578125
5 0.2375 0.375 0.065625 0.053125
2 0.01171875 0.21328125 0.0234375 0.0359375
4 0.55 0.19375 0.04375 0.0640625
3 0.5953125 0.0765625 0.146875 0.0703125
3 0.5140625 0.1390625 0.0359375 0.0421875
2 0.7625 0.1890625 0.0515625 0.0515625
5 0.7734375 0.328125 0.13125 0.05625
2 0.3265625 0.590625 0.0421875 0.05625
6 0.3515625 0.7015625 0.040625 0.08125
2 0.5140625 0.665625 0.05 0.040625
2 0.8015625 0.665625 0.0203125 0.053125
5 0.740625 0.7640625 0.0390625 0.053125
5 0.609375 0.759375 0.040625 0.05625
7 0.56875 0.8390625 0.021875 0.05
7 0.7484375 0.8453125 0.025 0.0625
8 0.678125 0.8015625 0.0625 0.0171875
4 0.678125 0.61875 0.0421875 0.053125