3 0.1125 0.0359375 0.0609375 0.0578125
3 0.2046875 0.0359375 0.0921875 0.053125
3 0.3015625 0.0578125 0.0640625 0.0875
2 0.3015625 0.1515625 0.0484375 0.0421875
5 0.2265625 0.25 0.053125 0.0703125
5 0.1 0.259375 0.03125 0.046875
2 0.078125 0.15 0.01875 0.0390625
3 0.72578125 0.13046875 0.01875 0.0328125
3 0.75078125 0.12890625 0.025 0.0390625
3 0.2359375 0.74375 0.1484375 0.0515625
4 0.2015625 0.815625 0.0421875 0.0578125
2 0.0609375 0.8640625 0.0375 0.0359375
2 0.328125 0.8734375 0.034375 0.03125
5 0.25390625 0.971875 0.0515625 0.05625
6 0.3078125 0.990625 0.01875 0.01875
3 0.1015625 0.753125 0.053125 0.053125
5 0.821875 0.740625 0.103125 0.1171875
5 0.55234375 0.73203125 0.0453125 0.1109375