6 0.734375 0.2046783625730994 0.0234375 0.06237816764132553
5 0.775 0.1617933723196881 0.0296875 0.0682261208576998
5 0.8546875 0.17153996101364521 0.0234375 0.0682261208576998
2 0.728125 0.08576998050682261 0.028125 0.031189083820662766
4 0.8203125 0.042884990253411304 0.034375 0.03898635477582846
3 0.109375 0.6413255360623782 0.0546875 0.050682261208576995
4 0.01015625 0.7085769980506823 0.0203125 0.04093567251461988
2 0.128125 0.7602339181286549 0.025 0.04678362573099415
5 0.075 0.8440545808966862 0.0359375 0.06432748538011696
3 0.8765625 0.5750487329434698 0.0671875 0.05263157894736842
3 0.9453125 0.5594541910331384 0.04375 0.04873294346978557
5 0.846875 0.8323586744639376 0.0390625 0.09161793372319688