3 0.09921875 0.040625 0.1984375 0.053125
3 0.1171875 0.0890625 0.1171875 0.0453125
3 0.2328125 0.0359375 0.0578125 0.0390625
3 0.02578125 0.11953125 0.0515625 0.0328125
3 0.621875 0.0578125 0.09375 0.0484375
3 0.71875 0.0515625 0.065625 0.0484375
5 0.7546875 0.3078125 0.0421875 0.053125
5 0.54375 0.3046875 0.0359375 0.06875
6 0.7984375 0.2578125 0.0328125 0.06875
4 0.15 0.52734375 0.034375 0.0359375
2 0.29375 0.5546875 0.046875 0.0421875
5 0.05625 0.6859375 0.053125 0.0734375
5 0.2171875 0.6578125 0.0390625 0.053125
3 0.865625 0.6296875 0.0640625 0.021875
3 0.9359375 0.6390625 0.04375 0.0546875
3 0.7984375 0.6328125 0.040625 0.0515625
3 0.9765625 0.653125 0.021875 0.065625
5 0.8109375 0.7875 0.0265625 0.0328125
2 0.7734375 0.7140625 0.0171875 0.0296875