3 0.165625 0.165625 0.06875 0.0828125
3 0.259375 0.1921875 0.0765625 0.065625
5 0.2703125 0.359375 0.04375 0.065625
6 0.1171875 0.38359375 0.03125 0.0703125
4 0.571875 0.26796875 0.04375 0.0640625
3 0.6 0.1859375 0.1 0.075
2 0.7203125 0.35625 0.0515625 0.06875
3 0.484375 0.5421875 0.0484375 0.025
3 0.509375 0.571875 0.0625 0.0265625
3 0.53984375 0.55390625 0.0203125 0.0265625
3 0.5328125 0.5234375 0.034375 0.028125
2 0.459375 0.6578125 0.034375 0.0375
5 0.49375 0.7421875 0.028125 0.028125
4 0.5453125 0.64140625 0.009375 0.0359375
4 0.54453125 0.60703125 0.0109375 0.0359375
2 0.6671875 0.49375 0.03125 0.0671875
5 0.603125 0.5828125 0.0546875 0.0703125
7 0.628125 0.6515625 0.025 0.05