3 0.01640625 0.20546875 0.0328125 0.0453125
3 0.1265625 0.2 0.10625 0.0546875
6 0.184375 0.3515625 0.040625 0.04375
5 0.134375 0.4265625 0.046875 0.0640625
7 0.15 0.5015625 0.028125 0.071875
7 0.003125 0.51953125 0.00625 0.0578125
1 0.0609375 0.525 0.059375 0.034375
3 0.621875 0.1390625 0.040625 0.040625
3 0.7015625 0.134375 0.0609375 0.0296875
4 0.659375 0.1921875 0.0375 0.0328125
2 0.7765625 0.234375 0.025 0.0390625
5 0.71875 0.3125 0.0328125 0.0390625
6 0.7703125 0.359375 0.021875 0.046875
6 0.775 0.3125 0.028125 0.040625
5 0.0390625 0.975 0.021875 0.0421875
5 0.2234375 0.98828125 0.021875 0.0234375
2 0.26875 0.89375 0.0359375 0.0453125
3 0.2296875 0.79375 0.0546875 0.0234375
3 0.2390625 0.76875 0.0546875 0.0265625
3 0.1453125 0.7625 0.05625 0.025
3 0.1421875 0.7421875 0.0578125 0.0203125
5 0.8921875 0.8578125 0.053125 0.090625
7 0.8640625 0.9421875 0.0265625 0.0609375