3 0.1296875 0.21875 0.0890625 0.0453125
3 0.2671875 0.2125 0.10625 0.0546875
6 0.325 0.3640625 0.040625 0.04375
2 0.0765625 0.3453125 0.0359375 0.0546875
3 0.684375 0.2265625 0.084375 0.0625
3 0.775 0.20625 0.065625 0.0453125
3 0.8515625 0.1796875 0.0703125 0.0796875
3 0.9265625 0.1421875 0.059375 0.0953125
3 0.98046875 0.11875 0.0390625 0.10625
4 0.871875 0.2875 0.059375 0.0421875
2 0.6953125 0.359375 0.059375 0.059375
2 0.134375 0.4328125 0.0453125 0.06875
5 0.3640625 0.53828125 0.03125 0.0578125
7 0.37421875 0.65625 0.0109375 0.084375
5 0.19375 0.5421875 0.046875 0.059375
3 0.39453125 0.4046875 0.0296875 0.03125
5 0.4421875 0.5234375 0.04375 0.0578125
4 0.484375 0.4140625 0.034375 0.0453125