3 0.3359375 0.1375 0.13125 0.0953125
4 0.3890625 0.228125 0.040625 0.053125
3 0.4359375 0.1671875 0.0546875 0.090625
6 0.1078125 0.6109375 0.05 0.078125
2 0.1515625 0.29375 0.06875 0.0515625
5 0.3953125 0.5421875 0.025 0.1109375
8 0.8953125 0.4109375 0.0859375 0.0546875
5 0.8390625 0.359375 0.084375 0.103125
7 0.76875 0.4640625 0.0484375 0.0921875
3 0.89609375 0.01015625 0.1546875 0.0203125
4 0.98671875 0.1453125 0.0265625 0.034375
2 0.728125 0.1875 0.05625 0.0484375
3 0.3625 0.703125 0.19375 0.05625
3 0.6234375 0.8625 0.0625 0.0609375
3 0.7015625 0.86875 0.075 0.0546875
2 0.753125 0.97734375 0.04375 0.0453125