3 0.590625 0.0640625 0.13125 0.0953125
4 0.64375 0.1546875 0.040625 0.053125
3 0.690625 0.09375 0.0546875 0.090625
2 0.40625 0.2203125 0.06875 0.0515625
5 0.65 0.4609375 0.025 0.096875
3 0.94375 0.0859375 0.0265625 0.0625
4 0.934375 0.1578125 0.0421875 0.0265625
5 0.815625 0.325 0.0515625 0.1015625
3 0.275 0.6125 0.0578125 0.0265625
3 0.33125 0.5984375 0.0328125 0.053125
3 0.3828125 0.6015625 0.046875 0.059375
5 0.3734375 0.7375 0.0265625 0.034375
5 0.275 0.7359375 0.028125 0.0328125
6 0.4109375 0.7015625 0.021875 0.0265625
3 0.9046875 0.553125 0.05 0.021875
3 0.9671875 0.5296875 0.053125 0.0390625
5 0.90625 0.7390625 0.03125 0.05
4 0.9484375 0.615625 0.025 0.034375