3 0.53046875 0.09609375 0.0390625 0.0953125
6 0.3484375 0.55546875 0.05 0.0484375
2 0.3921875 0.253125 0.06875 0.0515625
4 0.940625 0.0625 0.0609375 0.0484375
2 0.7015625 0.134375 0.0703125 0.0625
6 0.746875 0.3828125 0.0828125 0.1390625
4 0.246875 0.6765625 0.025 0.0421875
4 0.2796875 0.6734375 0.025 0.0390625
2 0.4 0.740625 0.04375 0.059375
2 0.13125 0.7359375 0.03125 0.0515625
5 0.16875 0.8296875 0.034375 0.0734375
5 0.3375 0.828125 0.0421875 0.06875
5 0.346875 0.8953125 0.0296875 0.0453125
6 0.1359375 0.8796875 0.03125 0.0609375
4 0.7828125 0.6765625 0.025 0.0390625
3 0.7890625 0.6453125 0.0265625 0.04375
5 0.740625 0.7421875 0.028125 0.03125
5 0.8125 0.7640625 0.01875 0.0421875