3 0.0859375 0.1228813559322034 0.078125 0.0614406779661017
2 0.0125 0.3008474576271186 0.025 0.06779661016949153
5 0.24296875 0.4438559322033898 0.0421875 0.048728813559322036
6 0.875 0.1228813559322034 0.0421875 0.07627118644067797
8 0.959375 0.08686440677966102 0.075 0.025423728813559324
6 0.85 0.03177966101694915 0.021875 0.0635593220338983
3 0.16875 0.4978813559322034 0.034375 0.036016949152542374
3 0.23125 0.4957627118644068 0.0625 0.05508474576271186
3 0.30625 0.5190677966101694 0.0375 0.06779661016949153
4 0.228125 0.5932203389830508 0.021875 0.057203389830508475
4 0.1875 0.5995762711864406 0.021875 0.048728813559322036
5 0.2546875 0.8114406779661016 0.0296875 0.09110169491525423
5 0.1078125 0.7521186440677966 0.0625 0.07838983050847458
2 0.0609375 0.6165254237288136 0.0390625 0.05296610169491525
5 0.80625 0.8580508474576272 0.034375 0.1038135593220339
0 0.9234375 0.5805084745762712 0.0375 0.05296610169491525