2 0.2140625 0.017241379310344827 0.046875 0.034482758620689655
6 0.2109375 0.17647058823529413 0.053125 0.07707910750507099
3 0.8203125 0.3002028397565923 0.096875 0.058823529411764705
3 0.709375 0.2920892494929006 0.0859375 0.056795131845841784
4 0.7609375 0.36105476673427994 0.0671875 0.05273833671399594
2 0.1296875 0.7383367139959433 0.0296875 0.060851926977687626
5 0.0984375 0.8235294117647058 0.0375 0.04665314401622718
3 0.7828125 0.5476673427991886 0.0546875 0.05476673427991886
2 0.8265625 0.6835699797160243 0.040625 0.06490872210953347
4 0.6953125 0.6612576064908722 0.0359375 0.04665314401622718
5 0.765625 0.7789046653144016 0.05 0.060851926977687626
5 0.6515625 0.821501014198783 0.0328125 0.07707910750507099