3 0.246875 0.01875 0.04609375 0.03671875
4 0.278125 0.096875 0.0265625 0.053125
3 0.31796875 0.025 0.05234375 0.04921875
5 0.3125 0.28359375 0.015625 0.08203125
5 0.23671875 0.27265625 0.021875 0.0921875
2 0.3484375 0.14140625 0.01953125 0.046875
2 0.21171875 0.12109375 0.01484375 0.05546875
3 0.7453125 0.17890625 0.02265625 0.0625
3 0.76875 0.18359375 0.0203125 0.065625
3 0.7984375 0.2015625 0.02421875 0.06953125
3 0.82421875 0.2046875 0.0203125 0.07265625
2 0.7296875 0.3140625 0.0171875 0.05546875
2 0.83203125 0.3453125 0.009375 0.04140625
2 0.3578125 0.834375 0.0421875 0.05
6 0.3609375 0.9484375 0.028125 0.0609375
6 0.3375 0.925 0.0265625 0.065625
6 0.5609375 0.965625 0.015625 0.06875
3 0.41796875 0.753125 0.0578125 0.028125
3 0.48828125 0.75234375 0.0609375 0.0265625
3 0.55546875 0.759375 0.0265625 0.040625
6 0.89765625 0.7609375 0.0609375 0.04375