3 0.190625 0.01484375 0.0359375 0.0296875
4 0.21484375 0.078125 0.0203125 0.04296875
3 0.2453125 0.0203125 0.040625 0.03984375
5 0.24140625 0.2296875 0.0125 0.06640625
5 0.1828125 0.221875 0.0171875 0.075
2 0.26875 0.11484375 0.01484375 0.03828125
2 0.16328125 0.0984375 0.01171875 0.0453125
1 0.70625 0.528125 0.0625 0.065625
1 0.8234375 0.55625 0.0875 0.0875
7 0.8796875 0.571875 0.0375 0.05625
5 0.8859375 0.4265625 0.05625 0.128125
5 0.709375 0.3625 0.0421875 0.059375
4 0.86875 0.10625 0.03125 0.0734375
3 0.4140625 0.865625 0.0265625 0.0625
4 0.4046875 0.9375 0.0421875 0.0265625
2 0.95546875 0.61171875 0.0359375 0.0234375
2 0.690625 0.61875 0.028125 0.0375
5 0.8921875 0.678125 0.0578125 0.0390625
5 0.728125 0.690625 0.0546875 0.034375