4 0.24375 0.090625 0.0359375 0.0609375
2 0.34375 0.2015625 0.0375 0.0609375
5 0.275 0.28125 0.0296875 0.071875
6 0.2671875 0.3828125 0.0390625 0.096875
3 0.6328125 0.009375 0.065625 0.01875
3 0.75078125 0.0109375 0.0578125 0.021875
5 0.6453125 0.19375 0.0296875 0.046875
1 0.6984375 0.2875 0.046875 0.021875
3 0.74375 0.6703125 0.1109375 0.05
3 0.98125 0.68828125 0.0375 0.0484375
3 0.9453125 0.696875 0.0328125 0.075
2 0.6703125 0.8 0.06875 0.0828125
5 0.725 0.9484375 0.078125 0.0609375
5 0.965625 0.975 0.034375 0.05
6 0.65 0.9015625 0.053125 0.0765625
6 0.6046875 0.96953125 0.04375 0.0609375
6 0.66171875 0.97734375 0.0453125 0.0453125