4 0.55625 0.13690476190476192 0.025 0.0663265306122449
2 0.6921875 0.15306122448979592 0.040625 0.061224489795918366
2 0.96875 0.17857142857142858 0.0296875 0.07142857142857142
5 0.8953125 0.2653061224489796 0.03125 0.047619047619047616
5 0.759375 0.23469387755102042 0.0296875 0.05612244897959184
4 0.834375 0.09863945578231292 0.065625 0.04591836734693878
3 0.9265625 0.05782312925170068 0.0578125 0.0391156462585034
3 0.75625 0.03741496598639456 0.0828125 0.05272108843537415
4 0.4828125 0.6105442176870748 0.1 0.09693877551020408
4 0.365625 0.6173469387755102 0.05 0.08843537414965986
2 0.1890625 0.7465986394557823 0.04375 0.05612244897959184
5 0.26640625 0.9591836734693877 0.0890625 0.08163265306122448
3 0.5484375 0.5195578231292517 0.040625 0.0663265306122449
4 0.6328125 0.5918367346938775 0.0609375 0.07653061224489796