4 0.4140625 0.2171875 0.0359375 0.0609375
5 0.4453125 0.4078125 0.0296875 0.071875
6 0.4375 0.509375 0.0390625 0.096875
3 0.62421875 0.0140625 0.1296875 0.028125
3 0.771875 0.0171875 0.090625 0.034375
2 0.5234375 0.1328125 0.04375 0.05
6 0.534375 0.328125 0.053125 0.1109375
5 0.7546875 0.2203125 0.040625 0.0515625
5 0.6140625 0.225 0.034375 0.0640625
2 0.1421875 0.7 0.034375 0.053125
5 0.0484375 0.7921875 0.0484375 0.0671875
7 0.0703125 0.9015625 0.0296875 0.09375
6 0.11875 0.86875 0.0359375 0.078125
4 0.565625 0.9046875 0.034375 0.053125
3 0.5640625 0.834375 0.0921875 0.03125
3 0.559375 0.7984375 0.075 0.0265625
3 0.646875 0.790625 0.05625 0.040625
2 0.73125 0.9734375 0.04375 0.053125