2 0.303125 0.1546875 0.03125 0.0484375
4 0.784375 0.1578125 0.046875 0.0703125
3 0.7109375 0.1390625 0.0359375 0.046875
2 0.603125 0.225 0.0578125 0.0546875
2 0.9734375 0.2203125 0.0484375 0.05625
5 0.696875 0.3265625 0.0484375 0.04375
8 0.7921875 0.390625 0.0703125 0.0328125
8 0.73125 0.38125 0.034375 0.028125
1 0.7796875 0.459375 0.09375 0.03125
3 0.0328125 0.565625 0.065625 0.09375
3 0.11875 0.575 0.071875 0.096875
4 0.03125 0.6734375 0.03125 0.084375
4 0.0125 0.7359375 0.025 0.075
2 0.190625 0.7625 0.053125 0.0625
5 0.10625 0.85625 0.0734375 0.0734375
6 0.171875 0.903125 0.028125 0.0765625
4 0.484375 0.565625 0.05625 0.075
5 0.4109375 0.7640625 0.05 0.103125
5 0.59375 0.75625 0.0609375 0.08125
6 0.6859375 0.8625 0.03125 0.1515625
6 0.70625 0.6953125 0.0578125 0.1078125
2 0.6890625 0.59375 0.0578125 0.0671875
3 0.58046875 0.52421875 0.1046875 0.0109375