5 0.7421875 0.0515625 0.06875 0.0890625
5 0.8890625 0.090625 0.0359375 0.109375
7 0.690625 0.178125 0.040625 0.0734375
7 0.8703125 0.2140625 0.0359375 0.0875
1 0.771875 0.23125 0.0375 0.05625
1 0.7984375 0.1578125 0.0640625 0.040625
5 0.059375 0.6203125 0.0765625 0.059375
1 0.103125 0.728125 0.075 0.0359375
6 0.00546875 0.66875 0.0109375 0.05625
1 0.1640625 0.7140625 0.046875 0.034375
3 0.84375 0.59453125 0.04296875 0.0390625
3 0.8359375 0.62890625 0.0390625 0.028125
3 0.76484375 0.63359375 0.03046875 0.02265625
4 0.796875 0.65625 0.02265625 0.0296875
2 0.86328125 0.69453125 0.01875 0.04921875
2 0.74609375 0.69921875 0.01328125 0.04140625
5 0.8359375 0.7703125 0.02578125 0.05546875
5 0.7671875 0.78125 0.01796875 0.04765625
7 0.84921875 0.82734375 0.01328125 0.04453125
7 0.7703125 0.8375 0.0125 0.04921875
1 0.83125 0.84921875 0.021875 0.0265625
1 0.80546875 0.85078125 0.02265625 0.02109375
1 0.78203125 0.85234375 0.01875 0.0265625
6 0.8640625 0.78125 0.01328125 0.08046875
6 0.75546875 0.815625 0.01796875 0.0640625