3 0.30390625 0.00703125 0.0484375 0.0140625
4 0.24375 0.034375 0.01875 0.0421875
4 0.2734375 0.0265625 0.0234375 0.0359375
2 0.1296875 0.08125 0.0453125 0.046875
6 0.11875 0.2390625 0.0390625 0.084375
5 0.171875 0.178125 0.0421875 0.065625
5 0.284375 0.1984375 0.03125 0.059375
8 0.234375 0.203125 0.025 0.0421875
7 0.271875 0.253125 0.0296875 0.0453125
1 0.20625 0.2625 0.0203125 0.034375
5 0.703125 0.078125 0.03125 0.0546875
5 0.546875 0.0703125 0.0296875 0.075
1 0.6234375 0.23125 0.090625 0.028125
3 0.078125 0.6671875 0.084375 0.04375
3 0.2265625 0.6828125 0.103125 0.0421875
5 0.2046875 0.915625 0.0453125 0.05625
3 0.646875 0.41875 0.1 0.028125
2 0.56875 0.49375 0.03125 0.03125
2 0.7265625 0.4859375 0.021875 0.025
5 0.6984375 0.5421875 0.0328125 0.0484375
5 0.609375 0.55 0.034375 0.040625
6 0.5953125 0.6296875 0.046875 0.05
7 0.709375 0.59375 0.021875 0.0328125
4 0.6484375 0.484375 0.0375 0.028125