3 0.3484375 0.15625 0.0328125 0.05859375
3 0.34296875 0.2078125 0.0296875 0.04140625
3 0.28828125 0.21484375 0.0234375 0.034375
4 0.3125 0.24921875 0.0171875 0.04375
2 0.3640625 0.30546875 0.01484375 0.0734375
2 0.27421875 0.3125 0.01015625 0.0609375
5 0.34296875 0.4171875 0.01953125 0.0828125
5 0.28984375 0.434375 0.0140625 0.07109375
7 0.353125 0.503125 0.01015625 0.065625
7 0.2921875 0.51796875 0.009375 0.0734375
1 0.3390625 0.534375 0.0171875 0.0390625
1 0.31953125 0.5375 0.0171875 0.03203125
1 0.3015625 0.53984375 0.01484375 0.0390625
6 0.36484375 0.434375 0.01015625 0.11953125
6 0.28125 0.4859375 0.0140625 0.0953125
3 0.665625 0.0953125 0.0796875 0.0703125
3 0.584375 0.06875 0.0515625 0.04375
2 0.4953125 0.24609375 0.053125 0.0515625
2 0.7984375 0.2390625 0.0515625 0.05625
5 0.7234375 0.340625 0.0421875 0.08125
5 0.6015625 0.340625 0.0578125 0.0859375
4 0.6640625 0.1703125 0.046875 0.0546875
2 0.29140625 0.99375 0.0390625 0.0125
2 0.0453125 0.9796875 0.025 0.0265625
3 0.24375 0.896875 0.078125 0.0375