3 0.5203125 0.0984375 0.0703125 0.0375
3 0.5078125 0.13125 0.0640625 0.0265625
3 0.3921875 0.1359375 0.05 0.021875
4 0.44375 0.1578125 0.0375 0.028125
2 0.553125 0.19375 0.03125 0.046875
2 0.3609375 0.1984375 0.021875 0.0390625
5 0.5078125 0.265625 0.0421875 0.053125
5 0.3953125 0.2765625 0.0296875 0.0453125
7 0.5296875 0.3203125 0.021875 0.0421875
7 0.4 0.3296875 0.0203125 0.046875
1 0.5 0.340625 0.0359375 0.025
1 0.4578125 0.3421875 0.0375 0.0203125
1 0.4203125 0.34375 0.03125 0.025
6 0.5546875 0.2765625 0.021875 0.0765625
6 0.3765625 0.309375 0.0296875 0.0609375
3 0.684375 0.02578125 0.084375 0.0515625
3 0.8859375 0.0375 0.0953125 0.0484375
4 0.8203125 0.078125 0.0296875 0.05
2 0.6328125 0.1859375 0.028125 0.065625
5 0.6953125 0.3453125 0.0859375 0.0953125
5 0.9265625 0.346875 0.071875 0.1140625
6 0.63359375 0.41171875 0.0296875 0.0953125
2 0.409375 0.7328125 0.0390625 0.0578125
6 0.421875 0.8046875 0.028125 0.05625
5 0.3578125 0.83125 0.0265625 0.0578125
5 0.1796875 0.7859375 0.0359375 0.0671875
2 0.1625 0.6953125 0.025 0.0265625
3 0.3609375 0.6125 0.078125 0.0375
3 0.68125 0.528125 0.0890625 0.021875
3 0.7328125 0.5578125 0.05625 0.0203125
4 0.678125 0.609375 0.0375 0.053125