3 0.27734375 0.17890625 0.04453125 0.03984375
3 0.3375 0.165625 0.0578125 0.04921875
4 0.31171875 0.21953125 0.01484375 0.03984375
5 0.3515625 0.33984375 0.01953125 0.05390625
4 0.8921875 0.2 0.0359375 0.0578125
4 0.9390625 0.2 0.0296875 0.0609375
3 0.821875 0.1296875 0.0796875 0.028125
3 0.91875 0.140625 0.0796875 0.05625
3 0.9828125 0.13203125 0.034375 0.0484375
5 0.8296875 0.41875 0.0328125 0.05625
5 0.99140625 0.4265625 0.0171875 0.075
1 0.9140625 0.5625 0.1125 0.0125
7 0.79453125 0.5515625 0.0328125 0.034375
5 0.1140625 0.590625 0.05 0.04375
7 0.128125 0.671875 0.053125 0.078125
7 0.3578125 0.6296875 0.05625 0.059375
6 0.4078125 0.59921875 0.046875 0.0609375
1 0.2453125 0.6578125 0.115625 0.0375
2 0.5828125 0.75625 0.075 0.0578125
5 0.6984375 0.915625 0.0734375 0.0703125
5 0.9859375 0.8671875 0.028125 0.075