3 0.0140625 0.02265625 0.028125 0.0453125
5 0.009375 0.19375 0.01875 0.053125
2 0.7234375 0.00390625 0.034375 0.0078125
5 0.6515625 0.0375 0.0296875 0.0453125
5 0.5421875 0.05 0.0375 0.059375
6 0.5203125 0.1 0.04375 0.0640625
6 0.690625 0.1109375 0.025 0.0765625
3 0.10390625 0.384375 0.01953125 0.03125
4 0.1171875 0.45078125 0.0109375 0.0453125
3 0.13359375 0.38984375 0.021875 0.0421875
5 0.13125 0.6109375 0.00703125 0.0703125
5 0.09921875 0.60234375 0.009375 0.07890625
2 0.14609375 0.48984375 0.00859375 0.040625
2 0.0890625 0.471875 0.00625 0.04765625
3 0.52734375 0.5203125 0.0640625 0.0390625
3 0.60390625 0.5234375 0.05390625 0.053125
3 0.675 0.53359375 0.0671875 0.04453125
3 0.75 0.54453125 0.06015625 0.0515625
2 0.75625 0.634375 0.04140625 0.053125
2 0.475 0.61171875 0.05234375 0.0390625
5 0.69296875 0.69140625 0.04296875 0.0375
5 0.5078125 0.69453125 0.03828125 0.0390625