2 0.08125 0.2421875 0.0421875 0.078125
5 0.128125 0.3375 0.05 0.078125
3 0.4828125 0.2125 0.109375 0.0515625
3 0.5734375 0.225 0.046875 0.0375
4 0.5421875 0.28125 0.03125 0.0484375
2 0.4 0.33125 0.0578125 0.053125
6 0.3921875 0.421875 0.053125 0.0703125
7 0.4421875 0.5125 0.025 0.05625
5 0.475 0.403125 0.0484375 0.059375
5 0.6015625 0.4140625 0.0296875 0.0515625
7 0.584375 0.490625 0.0171875 0.06875
8 0.5453125 0.4234375 0.0578125 0.028125
5 0.00625 0.76015625 0.0125 0.0359375
0 0.7171875 0.728125 0.0546875 0.0640625