3 0.1015625 0.12406015037593984 0.059375 0.05075187969924812
3 0.18125 0.14097744360902256 0.0734375 0.07518796992481203
2 0.20625 0.24060150375939848 0.028125 0.06766917293233082
6 0.2046875 0.3383458646616541 0.034375 0.07330827067669173
7 0.17109375 0.3768796992481203 0.0265625 0.06578947368421052
5 0.053125 0.3007518796992481 0.028125 0.03007518796992481
3 0.55546875 0.012218045112781954 0.0390625 0.02443609022556391
3 0.62890625 0.005639097744360902 0.0671875 0.011278195488721804
4 0.621875 0.05075187969924812 0.0265625 0.04887218045112782
3 0.6828125 0.023496240601503758 0.03125 0.046992481203007516
5 0.5671875 0.19172932330827067 0.0328125 0.07142857142857142
5 0.671875 0.20488721804511278 0.03125 0.07706766917293233
7 0.55625 0.2706766917293233 0.0203125 0.05075187969924812
2 0.5203125 0.09210526315789473 0.0265625 0.03571428571428571
2 0.6953125 0.11090225563909774 0.021875 0.03759398496240601
4 0.25 0.48120300751879697 0.0640625 0.07518796992481203
3 0.3484375 0.43139097744360905 0.103125 0.043233082706766915
3 0.15234375 0.42857142857142855 0.1046875 0.03759398496240601
3 0.253125 0.42105263157894735 0.05625 0.022556390977443608
5 0.3265625 0.7330827067669173 0.03125 0.06578947368421052
5 0.1703125 0.7236842105263158 0.0296875 0.09022556390977443
1 0.246875 0.9172932330827067 0.090625 0.03383458646616541
5 0.99296875 0.6240601503759399 0.0140625 0.10526315789473684
7 0.98671875 0.75 0.0265625 0.08646616541353383