3 0.22578125 0.22890625 0.03203125 0.04765625
3 0.26875 0.24453125 0.03984375 0.07109375
2 0.28203125 0.3390625 0.01484375 0.0640625
6 0.28125 0.43125 0.01875 0.06953125
7 0.26328125 0.475 0.0140625 0.078125
5 0.2 0.3953125 0.01484375 0.028125
3 0.634375 0.2546875 0.084375 0.0875
3 0.803125 0.2296875 0.1328125 0.0578125
3 0.8359375 0.284375 0.0953125 0.0484375
4 0.7703125 0.325 0.0296875 0.05
2 0.5703125 0.4328125 0.053125 0.065625
5 0.64453125 0.58671875 0.0859375 0.0859375
5 0.8765625 0.5828125 0.071875 0.09375
2 0.9703125 0.4484375 0.0453125 0.0671875
5 0.1203125 0.840625 0.0421875 0.0609375
3 0.63125 0.6859375 0.040625 0.028125
3 0.684375 0.684375 0.053125 0.0328125