2 0.2671875 0.0609375 0.0453125 0.06875
5 0.509375 0.1671875 0.05625 0.0578125
7 0.515625 0.284375 0.028125 0.084375
5 0.3265625 0.1703125 0.046875 0.059375
4 0.4515625 0.01171875 0.03125 0.0234375
2 0.98515625 0.0515625 0.0296875 0.06875
4 0.2734375 0.571875 0.0734375 0.103125
5 0.3765625 0.790625 0.0609375 0.0890625
5 0.1484375 0.7765625 0.071875 0.1046875
1 0.203125 0.94375 0.06875 0.0796875
1 0.2703125 0.953125 0.0515625 0.040625
1 0.134375 0.921875 0.065625 0.0609375
3 0.15625 0.503125 0.1078125 0.0640625
3 0.3609375 0.525 0.0796875 0.040625
2 0.4609375 0.6625 0.0484375 0.06875
2 0.0734375 0.6328125 0.0484375 0.0734375
6 0.071875 0.775 0.0359375 0.09375
6 0.453125 0.7953125 0.034375 0.084375
3 0.721875 0.5453125 0.0640625 0.04375
3 0.8078125 0.5453125 0.078125 0.0484375
5 0.79375 0.7375 0.0546875 0.0671875