2 0.1546875 0.19884169884169883 0.0453125 0.07142857142857142
5 0.2 0.3552123552123552 0.028125 0.09266409266409266
5 0.39375 0.3166023166023166 0.059375 0.06563706563706563
2 0.4203125 0.15637065637065636 0.0390625 0.05019305019305019
3 0.3125 0.08108108108108109 0.0296875 0.05019305019305019
3 0.2078125 0.0888030888030888 0.0765625 0.03088803088803089
4 0.8484375 0.05405405405405406 0.021875 0.0694980694980695
2 0.69375 0.11583011583011583 0.034375 0.05019305019305019
5 0.95625 0.3088803088803089 0.046875 0.09652509652509653
5 0.765625 0.3590733590733591 0.021875 0.059845559845559844
3 0.0640625 0.6486486486486487 0.05 0.0444015444015444
3 0.040625 0.6003861003861004 0.05625 0.04054054054054054
5 0.5515625 0.7702702702702703 0.0375 0.059845559845559844
3 0.821875 0.7084942084942085 0.0625 0.05791505791505792
3 0.940625 0.6428571428571429 0.053125 0.052123552123552123
3 0.8828125 0.6872586872586872 0.0515625 0.055984555984555984
4 0.9328125 0.7741312741312741 0.0328125 0.0444015444015444
2 0.828125 0.8571428571428571 0.0484375 0.05019305019305019
5 0.9109375 0.9382239382239382 0.028125 0.07722007722007722
6 0.88203125 0.9922779922779923 0.0484375 0.015444015444015444