2 0.1203125 0.22734375 0.01484375 0.059375
5 0.13515625 0.3578125 0.009375 0.07734375
5 0.19921875 0.325 0.01953125 0.0546875
2 0.2078125 0.19140625 0.0125 0.0421875
3 0.17265625 0.12890625 0.01015625 0.0421875
3 0.13828125 0.13515625 0.025 0.02578125
3 0.64921875 0.1546875 0.02109375 0.06640625
3 0.68046875 0.13671875 0.03671875 0.0578125
3 0.72890625 0.146875 0.03671875 0.0640625
3 0.76875 0.15625 0.03125 0.0578125
5 0.6859375 0.3109375 0.01875 0.03671875
5 0.74765625 0.33984375 0.01328125 0.02890625
6 0.3171875 0.6921875 0.025 0.084375
5 0.00546875 0.615625 0.0109375 0.071875
5 0.31015625 0.60625 0.0390625 0.053125
2 0.79140625 0.7328125 0.04453125 0.02265625
2 0.5015625 0.76328125 0.04765625 0.02265625
4 0.61953125 0.7171875 0.05546875 0.028125
3 0.6765625 0.69296875 0.04453125 0.01875