2 0.075 0.20952380952380953 0.04375 0.08333333333333333
5 0.1171875 0.3904761904761905 0.0265625 0.10714285714285714
5 0.2984375 0.34523809523809523 0.05625 0.0761904761904762
2 0.3234375 0.1619047619047619 0.0375 0.05952380952380952
3 0.2234375 0.07142857142857142 0.028125 0.05952380952380952
3 0.125 0.08095238095238096 0.071875 0.03571428571428571
3 0.1078125 0.5642857142857143 0.015625 0.047619047619047616
4 0.1453125 0.6 0.0265625 0.05952380952380952
3 0.1296875 0.5285714285714286 0.0625 0.03571428571428571
3 0.0984375 0.46190476190476193 0.05625 0.023809523809523808
3 0.0890625 0.4857142857142857 0.0578125 0.04523809523809524
3 0.1828125 0.4857142857142857 0.05625 0.0380952380952381
3 0.1828125 0.46190476190476193 0.05625 0.023809523809523808
5 0.0890625 0.7952380952380952 0.0296875 0.07380952380952381
5 0.2359375 0.8047619047619048 0.0453125 0.05476190476190476
4 0.80390625 0.4785714285714286 0.0296875 0.05714285714285714
2 0.9390625 0.4976190476190476 0.025 0.05714285714285714
6 0.953125 0.7142857142857143 0.025 0.06666666666666667