2 0.2453125 0.0546875 0.0359375 0.0578125
2 0.5234375 0.0484375 0.03125 0.0671875
5 0.459375 0.1375 0.0546875 0.0703125
5 0.3046875 0.1421875 0.04375 0.0546875
7 0.484375 0.20625 0.025 0.05
7 0.2875 0.2046875 0.0359375 0.0625
3 0.78046875 0.0359375 0.0546875 0.071875
3 0.8625 0.02890625 0.06875 0.0578125
3 0.95078125 0.0328125 0.0703125 0.065625
4 0.9453125 0.103125 0.0421875 0.0609375
5 0.9921875 0.30625 0.015625 0.078125
5 0.815625 0.2984375 0.0703125 0.0765625
4 0.9015625 0.096875 0.0296875 0.0515625
3 0.2703125 0.6125 0.06875 0.04375
4 0.2859375 0.6703125 0.0296875 0.0328125
6 0.3640625 0.8484375 0.0265625 0.05625
3 0.6890625 0.675 0.0671875 0.0390625
3 0.8 0.678125 0.0859375 0.0390625
6 0.6890625 0.89375 0.034375 0.0578125
5 0.809375 0.8390625 0.03125 0.0390625