5 0.871875 0.128125 0.0546875 0.0671875
3 0.259375 0.4796875 0.0390625 0.040625
3 0.3328125 0.4703125 0.0671875 0.0390625
4 0.325 0.521875 0.0265625 0.040625
3 0.3859375 0.490625 0.03125 0.0578125
5 0.2703125 0.6390625 0.0328125 0.059375
5 0.375 0.65 0.03125 0.0640625
7 0.259375 0.7046875 0.0203125 0.0421875
2 0.2234375 0.55625 0.0265625 0.0296875
2 0.3984375 0.571875 0.021875 0.03125
4 0.76640625 0.47265625 0.015625 0.05390625
2 0.71171875 0.53671875 0.01640625 0.02421875
2 0.81640625 0.52109375 0.01171875 0.03984375
1 0.77421875 0.778125 0.028125 0.028125
3 0.76796875 0.3953125 0.05390625 0.0265625