2 0.1828125 0.24765625 0.04375 0.0640625
3 0.24453125 0.49140625 0.0203125 0.0375
3 0.271875 0.49140625 0.0234375 0.04921875
3 0.29375 0.5015625 0.01328125 0.0390625
2 0.2234375 0.55390625 0.01328125 0.03203125
2 0.3015625 0.55703125 0.01640625 0.03046875
5 0.23984375 0.5921875 0.0171875 0.0421875
5 0.2859375 0.59609375 0.02109375 0.040625
4 0.26640625 0.5515625 0.01328125 0.0390625
3 0.6984375 0.5296875 0.028125 0.040625
3 0.7421875 0.49140625 0.0328125 0.04375
4 0.728125 0.5671875 0.0171875 0.05234375
2 0.78828125 0.5921875 0.01796875 0.05078125
2 0.68984375 0.690625 0.01328125 0.0375
5 0.784375 0.68046875 0.03046875 0.0390625
5 0.71875 0.7703125 0.0109375 0.07265625