6 0.215625 0.1390625 0.059375 0.10625
5 0.4625 0.0640625 0.053125 0.075
2 0.915625 0.075 0.0671875 0.0546875
4 0.71875 0.0671875 0.0515625 0.046875
6 0.9296875 0.1640625 0.065625 0.090625
7 0.9109375 0.2765625 0.046875 0.096875
5 0.846875 0.1984375 0.065625 0.0609375
5 0.6765625 0.2375 0.0359375 0.053125
7 0.6921875 0.3125 0.0453125 0.0671875
2 0.2203125 0.4671875 0.0578125 0.0515625
2 0.52421875 0.459375 0.0515625 0.05625
5 0.45 0.5609375 0.0421875 0.08125
5 0.328125 0.5609375 0.0578125 0.0859375
2 0.85234375 0.71640625 0.0171875 0.0609375
6 0.8578125 0.79140625 0.0125 0.059375
5 0.82890625 0.81953125 0.01171875 0.0609375
5 0.74921875 0.771875 0.01640625 0.0703125
2 0.74140625 0.6765625 0.0109375 0.028125
3 0.83046875 0.58984375 0.03515625 0.0390625