5 0.0015625 0.1713091922005571 0.003125 0.04178272980501393
3 0.64375 0.06685236768802229 0.096875 0.04735376044568245
2 0.5671875 0.19498607242339833 0.0296875 0.052924791086350974
2 0.7203125 0.181058495821727 0.021875 0.04178272980501393
5 0.6921875 0.2785515320334262 0.03125 0.08356545961002786
5 0.6078125 0.2924791086350975 0.0328125 0.06963788300835655
6 0.59375 0.42618384401114207 0.0453125 0.08635097493036212
7 0.7046875 0.3649025069637883 0.0203125 0.055710306406685235
4 0.6453125 0.17827298050139276 0.0359375 0.04735376044568245
5 0.83125 0.6880222841225627 0.053125 0.10863509749303621
5 0.9765625 0.7047353760445683 0.0296875 0.10863509749303621