4 0.1828125 0.0703125 0.025 0.05625
4 0.2265625 0.08125 0.0203125 0.046875
2 0.02265625 0.13203125 0.0453125 0.0515625
2 0.384375 0.153125 0.0453125 0.059375
5 0.1015625 0.2671875 0.0765625 0.0765625
7 0.0890625 0.36171875 0.034375 0.0359375
7 0.328125 0.3484375 0.034375 0.0625
5 0.3265625 0.2921875 0.0375 0.0390625
3 0.33046875 0.509375 0.10546875 0.05390625
3 0.4078125 0.53359375 0.028125 0.046875
3 0.3359375 0.4625 0.0828125 0.06015625
5 0.2875 0.7703125 0.021875 0.07578125
5 0.4078125 0.76484375 0.0265625 0.08125
2 0.25546875 0.65234375 0.025 0.0328125
3 0.2625 0.5421875 0.0234375 0.0328125
2 0.9328125 0.8734375 0.0359375 0.0515625
5 0.990625 0.95859375 0.01875 0.0828125