5 0.06015625 0.06629834254143646 0.0765625 0.13259668508287292
7 0.0484375 0.26795580110497236 0.034375 0.13259668508287292
7 0.2875 0.22099447513812154 0.034375 0.13259668508287292
5 0.2859375 0.11049723756906077 0.0375 0.06906077348066299
3 0.70625 0.1574585635359116 0.19375 0.09944751381215469
3 0.0875 0.430939226519337 0.06875 0.06906077348066299
3 0.1640625 0.4530386740331492 0.059375 0.07734806629834254
3 0.8796875 0.5883977900552486 0.0671875 0.06906077348066299
3 0.9734375 0.5925414364640884 0.053125 0.06906077348066299
6 0.8796875 0.9613259668508287 0.034375 0.07734806629834254
5 0.9921875 0.8770718232044199 0.015625 0.06906077348066299