4 0.2203125 0.13203125 0.01171875 0.05859375
4 0.24140625 0.14296875 0.009375 0.0484375
2 0.14140625 0.196875 0.02578125 0.05390625
2 0.3171875 0.21796875 0.021875 0.06171875
5 0.18125 0.33671875 0.03671875 0.0796875
7 0.175 0.45546875 0.01640625 0.078125
7 0.28984375 0.428125 0.01640625 0.078125
5 0.2890625 0.3625 0.01796875 0.040625
2 0.5296875 0.2046875 0.0390625 0.046875
2 0.4703125 0.746875 0.01875 0.046875
6 0.46640625 0.9046875 0.0265625 0.084375
2 0.6671875 0.809375 0.034375 0.053125
2 0.8984375 0.815625 0.0515625 0.05625
5 0.8328125 0.8828125 0.0625 0.05
5 0.6953125 0.88125 0.0453125 0.046875