3 0.00625 0.16300940438871472 0.0125 0.04075235109717868
3 0.0484375 0.1426332288401254 0.040625 0.05329153605015674
3 0.01171875 0.5963949843260188 0.0234375 0.05172413793103448
3 0.115625 0.5862068965517241 0.0796875 0.03918495297805643
3 0.19375 0.5705329153605015 0.06875 0.0438871473354232
4 0.0609375 0.6489028213166145 0.021875 0.03918495297805643
2 0.25 0.6880877742946708 0.025 0.05172413793103448
6 0.2734375 0.8213166144200627 0.0421875 0.109717868338558
5 0.20625 0.8150470219435737 0.065625 0.0877742946708464
5 0.01953125 0.841692789968652 0.0390625 0.10031347962382445
4 0.8734375 0.6536050156739812 0.021875 0.04075235109717868
4 0.8984375 0.6536050156739812 0.0203125 0.03918495297805643
2 0.7546875 0.6802507836990596 0.034375 0.0219435736677116
3 0.8453125 0.6003134796238244 0.0578125 0.025078369905956112
3 0.9203125 0.5893416927899686 0.0640625 0.025078369905956112