3 0.39375 0.1734375 0.0625 0.040625
3 0.4609375 0.153125 0.040625 0.053125
2 0.3796875 0.2875 0.05 0.0296875
4 0.7828125 0.02421875 0.0625 0.0484375
2 0.5640625 0.0734375 0.06875 0.0609375
2 0.98203125 0.0765625 0.0359375 0.075
5 0.8859375 0.1890625 0.071875 0.0796875
5 0.6640625 0.1796875 0.109375 0.0734375
6 0.5484375 0.1640625 0.0609375 0.084375
6 0.98046875 0.16015625 0.0390625 0.0703125
2 0.459375 0.6375 0.0375 0.046875
5 0.50390625 0.76875 0.0109375 0.065625
4 0.525 0.5765625 0.025 0.0546875
4 0.5671875 0.578125 0.0171875 0.0484375
3 0.5265625 0.515625 0.025 0.040625
3 0.5734375 0.5296875 0.0296875 0.0296875
2 0.7203125 0.671875 0.0453125 0.046875
5 0.653125 0.784375 0.0578125 0.06875
4 0.5453125 0.6203125 0.046875 0.0203125