3 0.24375 0.121875 0.0625 0.040625
3 0.3109375 0.1015625 0.040625 0.053125
2 0.2296875 0.2359375 0.05 0.0296875
2 0.903125 0.15 0.021875 0.0296875
5 0.9296875 0.1921875 0.0359375 0.0265625
4 0.1484375 0.7125 0.0359375 0.0515625
4 0.1890625 0.709375 0.025 0.0578125
3 0.15 0.63125 0.075 0.040625
3 0.159375 0.6625 0.0890625 0.04375
3 0.0375 0.6921875 0.0625 0.04375
2 0.290625 0.7890625 0.0453125 0.065625
2 0.015625 0.77890625 0.03125 0.0578125
5 0.0734375 0.8765625 0.046875 0.0828125
5 0.2203125 0.88125 0.0546875 0.06875
3 0.259375 0.684375 0.06875 0.0328125
3 0.6328125 0.5875 0.05 0.03125
3 0.678125 0.6015625 0.0296875 0.0359375
3 0.7484375 0.6109375 0.046875 0.034375
4 0.7125 0.646875 0.028125 0.021875
5 0.6609375 0.7375 0.034375 0.059375
5 0.753125 0.740625 0.028125 0.0546875
7 0.6453125 0.8109375 0.01875 0.04375
6 0.5984375 0.73125 0.03125 0.06875
2 0.603125 0.665625 0.025 0.028125
6 0.790625 0.7078125 0.021875 0.040625