4 0.4765625 0.0734375 0.025 0.0375
5 0.4234375 0.18125 0.0375 0.0484375
3 0.475 0.01328125 0.090625 0.0265625
3 0.48125 0.0375 0.046875 0.0203125
3 0.1859375 0.571875 0.0515625 0.05625
3 0.2578125 0.5953125 0.0703125 0.059375
3 0.340625 0.6078125 0.084375 0.0640625
3 0.41875 0.6078125 0.053125 0.05625
2 0.4015625 0.7109375 0.0546875 0.0625
5 0.309375 0.8203125 0.05625 0.08125
3 0.7421875 0.4609375 0.01796875 0.04375
3 0.7765625 0.45625 0.0265625 0.03203125
4 0.75859375 0.51796875 0.01640625 0.03515625
2 0.81015625 0.5625 0.0109375 0.04140625
5 0.784375 0.64609375 0.01484375 0.04140625
6 0.80703125 0.69609375 0.009375 0.05
6 0.809375 0.64609375 0.0125 0.04375