3 0.09375 0.44765625 0.1875 0.0578125
3 0.23515625 0.45703125 0.0578125 0.0765625
4 0.0953125 0.5640625 0.0453125 0.0390625
2 0.2484375 0.6328125 0.0265625 0.0515625
5 0.1828125 0.75625 0.0546875 0.0890625
5 0.01015625 0.74453125 0.0203125 0.0734375
1 0.0828125 0.9109375 0.065625 0.0390625
7 0.196875 0.853125 0.0359375 0.0734375
3 0.709375 0.5609375 0.040625 0.053125
3 0.74921875 0.56640625 0.0296875 0.06796875
3 0.78671875 0.56953125 0.03671875 0.0515625
2 0.68203125 0.65703125 0.01875 0.0359375
2 0.80546875 0.67109375 0.01875 0.053125
5 0.78125 0.778125 0.0140625 0.0546875
5 0.7109375 0.75546875 0.0328125 0.06640625
1 0.746875 0.85078125 0.02734375 0.03046875