4 0.1875 0.19765625 0.009375 0.04296875
4 0.20078125 0.20078125 0.00859375 0.04453125
2 0.23984375 0.26953125 0.0125 0.034375
2 0.1421875 0.2421875 0.01171875 0.04140625
5 0.21640625 0.36953125 0.015625 0.0671875
5 0.15703125 0.38125 0.01171875 0.06875
7 0.221875 0.465625 0.0109375 0.04140625
7 0.15625 0.45546875 0.01015625 0.0515625
8 0.1671875 0.38828125 0.0109375 0.034375
3 0.8875 0.0125 0.0875 0.025
3 0.971875 0.02734375 0.05625 0.0546875
4 0.99296875 0.06640625 0.0140625 0.0578125
2 0.8453125 0.13125 0.0484375 0.040625
5 0.9265625 0.24375 0.05625 0.0546875
6 0.890625 0.346875 0.0390625 0.0625
3 0.1484375 0.809375 0.121875 0.0625
4 0.7296875 0.7265625 0.0265625 0.05