2 0.72421875 0.02576112412177986 0.0671875 0.05152224824355972
4 0.52734375 0.01756440281030445 0.0515625 0.0351288056206089
6 0.7390625 0.1451990632318501 0.065625 0.1358313817330211
7 0.7203125 0.2903981264637002 0.046875 0.09836065573770492
5 0.65625 0.19672131147540983 0.065625 0.09133489461358314
5 0.4859375 0.25526932084309134 0.0359375 0.07962529274004684
7 0.50078125 0.32786885245901637 0.0453125 0.0234192037470726
3 0.02265625 0.405152224824356 0.0453125 0.07494145199063232
3 0.09375 0.3981264637002342 0.06875 0.04215456674473068
3 0.08125 0.4426229508196721 0.0515625 0.03747072599531616
5 0.7234375 0.6323185011709602 0.0515625 0.17330210772833723
5 0.8890625 0.6838407494145199 0.0328125 0.1288056206088993
7 0.8828125 0.8758782201405152 0.03125 0.10772833723653395
7 0.6984375 0.8524590163934426 0.040625 0.1053864168618267
2 0.6203125 0.3793911007025761 0.05 0.07728337236533958