3 0.428125 0.0625 0.0421875 0.0234375
3 0.4375 0.08046875 0.04375 0.0203125
2 0.4015625 0.16875 0.0328125 0.025
4 0.6984375 0.0234375 0.053125 0.046875
2 0.521875 0.1 0.0515625 0.0625
2 0.8890625 0.0859375 0.0328125 0.071875
6 0.8734375 0.2578125 0.034375 0.0921875
5 0.809375 0.2328125 0.05625 0.075
5 0.6109375 0.23125 0.0546875 0.078125
6 0.5453125 0.3125 0.053125 0.1046875
5 0.3984375 0.6046875 0.05625 0.065625
5 0.28125 0.6390625 0.0328125 0.0703125
7 0.43828125 0.6828125 0.0421875 0.059375
7 0.2984375 0.7046875 0.0390625 0.046875
2 0.59375 0.5140625 0.078125 0.05
6 0.6359375 0.690625 0.05 0.0875