3 0.37421875 0.011284722222222222 0.0609375 0.022569444444444444
3 0.321875 0.034722222222222224 0.0609375 0.05555555555555555
2 0.0171875 0.044270833333333336 0.034375 0.050347222222222224
3 0.6 0.6996527777777778 0.0421875 0.027777777777777776
4 0.609375 0.7604166666666666 0.03125 0.04861111111111111
5 0.578125 0.84375 0.021875 0.05555555555555555
2 0.5328125 0.7951388888888888 0.0203125 0.029513888888888888
3 0.5640625 0.7083333333333334 0.0359375 0.029513888888888888
4 0.73046875 0.5720486111111112 0.1109375 0.10590277777777778
5 0.63984375 0.9539930555555556 0.0203125 0.0920138888888889
0 0.8015625 0.8090277777777778 0.0484375 0.08159722222222222