3 0.3578125 0.016666666666666666 0.0125 0.03333333333333333
3 0.37421875 0.0125 0.0140625 0.025
3 0.39453125 0.013888888888888888 0.0171875 0.027777777777777776
2 0.421875 0.05277777777777778 0.015625 0.025
4 0.375 0.05 0.009375 0.022222222222222223
5 0.403125 0.10555555555555556 0.015625 0.027777777777777776
6 0.428125 0.1527777777777778 0.009375 0.025
3 0.1078125 0.6291666666666667 0.025 0.019444444444444445
3 0.1421875 0.625 0.025 0.011111111111111112
3 0.08125 0.6333333333333333 0.0234375 0.027777777777777776
2 0.1640625 0.6916666666666667 0.01875 0.027777777777777776
2 0.0703125 0.7166666666666667 0.015625 0.03611111111111111
5 0.14375 0.7638888888888888 0.025 0.041666666666666664
5 0.09375 0.7694444444444445 0.015625 0.044444444444444446
7 0.1546875 0.8138888888888889 0.0125 0.041666666666666664
7 0.09375 0.8166666666666667 0.0109375 0.027777777777777776
1 0.1359375 0.8361111111111111 0.0140625 0.019444444444444445
6 0.171875 0.7416666666666667 0.0125 0.05
4 0.109375 0.6555555555555556 0.0125 0.03611111111111111
2 0.8546875 0.6805555555555556 0.0375 0.08611111111111111
2 0.621875 0.6916666666666667 0.0296875 0.06944444444444445
7 0.8328125 0.8694444444444445 0.040625 0.08333333333333333
5 0.646875 0.8277777777777777 0.040625 0.08333333333333333