4 0.675 0.5175644028103045 0.0359375 0.0702576112412178
2 0.8296875 0.6018735362997658 0.0578125 0.05620608899297424
6 0.584375 0.8114754098360656 0.009375 0.14285714285714285
6 0.821875 0.7306791569086651 0.053125 0.10070257611241218
6 0.8296875 0.8852459016393442 0.021875 0.13817330210772832
5 0.765625 0.7798594847775175 0.053125 0.08665105386416862
7 0.7921875 0.936768149882904 0.0421875 0.11007025761124122
5 0.6109375 0.8571428571428571 0.0265625 0.10772833723653395
6 0.59765625 0.9473067915690867 0.0359375 0.08665105386416862
1 0.640625 0.9789227166276346 0.03125 0.04215456674473068
1 0.70546875 0.9918032786885246 0.0703125 0.01639344262295082