4 0.115625 0.0734375 0.0296875 0.071875
4 0.0859375 0.084375 0.025 0.04375
3 0.178125 0.01015625 0.071875 0.0203125
3 0.19375 0.0375 0.0546875 0.0546875
3 0.02265625 0.034375 0.0453125 0.04375
3 0.06640625 0.02578125 0.0421875 0.0515625
5 0.0203125 0.24453125 0.040625 0.0640625
3 0.66875 0.1453125 0.2140625 0.0296875
2 0.7984375 0.2171875 0.034375 0.03125
2 0.559375 0.2546875 0.0265625 0.03125
0 0.6828125 0.2546875 0.0359375 0.0390625
5 0.7359375 0.3203125 0.0671875 0.0578125
5 0.6078125 0.346875 0.0296875 0.053125
7 0.7734375 0.390625 0.025 0.0484375
1 0.7578125 0.4421875 0.0265625 0.0296875
3 0.115625 0.525 0.1109375 0.0484375
3 0.3375 0.50859375 0.084375 0.0421875
4 0.2109375 0.571875 0.0296875 0.0578125
4 0.221875 0.60625 0.0625 0.034375
2 0.0578125 0.6640625 0.040625 0.059375
6 0.0640625 0.759375 0.05625 0.078125
8 0.2421875 0.859375 0.14375 0.0515625
5 0.33125 0.809375 0.059375 0.0859375
5 0.1453125 0.8171875 0.040625 0.090625
7 0.346875 0.9453125 0.040625 0.0828125
7 0.1328125 0.94375 0.03125 0.08125
1 0.17109375 0.971875 0.0421875 0.05625
1 0.2609375 0.98125 0.078125 0.0375
3 0.6421875 0.5875 0.065625 0.0578125
3 0.7296875 0.5765625 0.0859375 0.04375
3 0.809375 0.578125 0.0515625 0.0671875
4 0.73125 0.6171875 0.0375 0.0328125
2 0.8296875 0.6671875 0.040625 0.05
2 0.6234375 0.69375 0.0359375 0.0515625
5 0.7890625 0.728125 0.0421875 0.040625
5 0.6859375 0.7453125 0.034375 0.065625
7 0.6859375 0.83125 0.028125 0.0375
7 0.815625 0.821875 0.025 0.0578125