2 0.1296875 0.02421875 0.046875 0.0484375
5 0.2 0.11875 0.046875 0.0640625
3 0.565625 0.02578125 0.06875 0.0515625
3 0.66484375 0.03046875 0.0921875 0.0609375
3 0.79609375 0.02265625 0.1046875 0.0453125
4 0.7390625 0.115625 0.0625 0.0796875
2 0.5203125 0.1796875 0.06875 0.0609375
2 0.94375 0.1828125 0.0453125 0.075
5 0.8421875 0.2953125 0.071875 0.0796875
5 0.6203125 0.2859375 0.109375 0.0734375
6 0.5046875 0.2703125 0.0609375 0.084375
6 0.9390625 0.2671875 0.04375 0.0703125
4 0.20859375 0.5546875 0.0296875 0.03125
4 0.24765625 0.5578125 0.0203125 0.0375
2 0.0421875 0.603125 0.05 0.059375
5 0.1046875 0.7328125 0.0609375 0.1015625
5 0.275 0.759375 0.040625 0.109375
7 0.271875 0.8640625 0.0234375 0.059375
7 0.0734375 0.834375 0.0296875 0.05625
1 0.115625 0.884375 0.0328125 0.05
1 0.1859375 0.890625 0.0828125 0.034375
4 0.6 0.66875 0.021875 0.040625
4 0.625 0.66875 0.0203125 0.0390625
2 0.48125 0.6953125 0.034375 0.021875
3 0.571875 0.615625 0.0578125 0.025
3 0.646875 0.6046875 0.0640625 0.025