4 0.2015625 0.1515625 0.0421875 0.059375
5 0.125 0.2953125 0.0390625 0.0671875
5 0.2515625 0.3046875 0.034375 0.065625
7 0.24375 0.3625 0.0328125 0.040625
3 0.2015625 0.1125 0.075 0.0296875
4 0.78046875 0.0046875 0.0359375 0.009375
2 0.8671875 0.0265625 0.025 0.0484375
2 0.6859375 0.0375 0.025 0.0359375
5 0.734375 0.1125 0.040625 0.0546875
5 0.8328125 0.115625 0.025 0.046875
6 0.8609375 0.1296875 0.015625 0.0546875
1 0.8125 0.1859375 0.0375 0.0296875
1 0.73125 0.18125 0.046875 0.0375
6 0.6734375 0.15 0.0234375 0.0578125
3 0.1390625 0.5671875 0.059375 0.05
3 0.2109375 0.55 0.0546875 0.0578125
3 0.2796875 0.553125 0.05625 0.0828125
3 0.346875 0.546875 0.0703125 0.0671875
2 0.4171875 0.64375 0.0375 0.0515625
2 0.1234375 0.69375 0.0421875 0.053125
5 0.3640625 0.7703125 0.053125 0.0671875
5 0.2078125 0.7890625 0.0375 0.0625
3 0.884375 0.4890625 0.059375 0.01875
3 0.82109375 0.48359375 0.0515625 0.0078125
5 0.98359375 0.64765625 0.0328125 0.0484375
5 0.85625 0.659375 0.040625 0.0484375
7 0.99140625 0.7015625 0.0171875 0.046875
1 0.8703125 0.7234375 0.028125 0.034375
2 0.8 0.5875 0.0296875 0.0359375
4 0.890625 0.51875 0.0359375 0.0296875