4 0.2515625 0.278125 0.0421875 0.059375
5 0.175 0.421875 0.0390625 0.0671875
5 0.3015625 0.43125 0.034375 0.065625
7 0.29375 0.4890625 0.0328125 0.040625
3 0.2515625 0.2390625 0.075 0.0296875
2 0.8171875 0.25 0.0453125 0.04375
5 0.7578125 0.334375 0.078125 0.0734375
5 0.578125 0.36015625 0.01875 0.0734375
7 0.7828125 0.4546875 0.0390625 0.1078125
7 0.575 0.465625 0.0125 0.08125
3 0.3078125 0.678125 0.059375 0.05625
3 0.36640625 0.67109375 0.0421875 0.0421875
3 0.42578125 0.6796875 0.0578125 0.059375
2 0.2796875 0.8171875 0.0578125 0.0546875
6 0.890625 0.7703125 0.034375 0.0921875
5 0.8265625 0.7453125 0.05625 0.075
5 0.628125 0.74375 0.0546875 0.078125
6 0.57890625 0.82421875 0.0203125 0.1046875