4 0.3765625 0.14609375 0.03828125 0.02109375
4 0.41953125 0.1453125 0.0265625 0.0234375
3 0.378125 0.11328125 0.0796875 0.01640625
3 0.38828125 0.12578125 0.09453125 0.01796875
3 0.2578125 0.13828125 0.06640625 0.01796875
2 0.528125 0.178125 0.0484375 0.0265625
2 0.2234375 0.17421875 0.05859375 0.0234375
5 0.29609375 0.21328125 0.05 0.03359375
5 0.453125 0.215625 0.05859375 0.028125
3 0.49453125 0.13515625 0.0734375 0.01328125
3 0.7390625 0.178125 0.05 0.0484375
3 0.7875 0.1765625 0.0484375 0.0484375
3 0.8453125 0.15625 0.046875 0.0375
3 0.903125 0.146875 0.05 0.025
5 0.8921875 0.3390625 0.05 0.0703125
3 0.42578125 0.54140625 0.071875 0.0234375
2 0.26171875 0.603125 0.08359375 0.03671875
6 0.30703125 0.7109375 0.05390625 0.0515625
5 0.9265625 0.903125 0.0515625 0.059375
5 0.7625 0.8875 0.05 0.046875
6 0.7203125 0.9625 0.021875 0.075
6 0.9796875 0.971875 0.034375 0.05625