4 0.228125 0.3265625 0.0359375 0.0515625
4 0.26875 0.3234375 0.025 0.0578125
3 0.2296875 0.2453125 0.075 0.040625
3 0.2390625 0.2765625 0.0890625 0.04375
3 0.1171875 0.30625 0.0625 0.04375
2 0.3703125 0.403125 0.0453125 0.065625
2 0.084375 0.39375 0.0546875 0.0578125
3 0.3390625 0.2984375 0.06875 0.0328125
3 0.5234375 0.1171875 0.028125 0.053125
3 0.2984375 0.5765625 0.05 0.040625
3 0.35 0.5734375 0.040625 0.05625
3 0.39375 0.5921875 0.0328125 0.05625
3 0.440625 0.5984375 0.0421875 0.0484375
3 0.48125 0.5984375 0.025 0.0578125
2 0.2875 0.6765625 0.034375 0.0375
5 0.340625 0.75 0.0296875 0.05625
5 0.440625 0.759375 0.0265625 0.0375
4 0.4125 0.646875 0.01875 0.028125
3 0.6546875 0.665625 0.159375 0.0609375
4 0.66875 0.7328125 0.0625 0.0515625
5 0.7390625 0.9234375 0.04375 0.0734375
5 0.5890625 0.940625 0.0296875 0.05625