3 0.4375 0.1609375 0.025 0.03125
6 0.415625 0.3046875 0.03125 0.06875
2 0.4203125 0.2390625 0.025 0.028125
3 0.6984375 0.01640625 0.159375 0.0328125
4 0.7125 0.0703125 0.0625 0.0515625
5 0.7828125 0.2609375 0.04375 0.0734375
5 0.6328125 0.278125 0.0296875 0.05625
5 0.275 0.675 0.090625 0.146875
7 0.253125 0.853125 0.0421875 0.0921875
1 0.43828125 0.96796875 0.0234375 0.0640625
6 0.11875 0.6421875 0.0640625 0.1296875
6 0.184375 0.7828125 0.0671875 0.0703125
4 0.58125 0.6203125 0.0265625 0.046875
5 0.6828125 0.7671875 0.046875 0.0578125
5 0.521875 0.7890625 0.0359375 0.065625
3 0.5640625 0.56875 0.0265625 0.04375
3 0.515625 0.58125 0.046875 0.025
3 0.603125 0.5671875 0.040625 0.0265625