3 0.078125 0.0265625 0.05 0.03125
3 0.1234375 0.040625 0.0296875 0.0359375
3 0.19375 0.05 0.046875 0.034375
4 0.1578125 0.0859375 0.028125 0.021875
5 0.10625 0.1765625 0.034375 0.059375
5 0.1984375 0.1796875 0.028125 0.0546875
7 0.090625 0.25 0.01875 0.04375
6 0.04375 0.1703125 0.03125 0.06875
2 0.0484375 0.1046875 0.025 0.028125
6 0.2359375 0.146875 0.021875 0.040625
2 0.7875 0.44609375 0.04375 0.0453125
5 0.2375 0.5140625 0.0515625 0.0796875
5 0.40625 0.5171875 0.0328125 0.0734375
4 0.703125 0.534375 0.0265625 0.075
4 0.659375 0.534375 0.0359375 0.0546875
4 0.740625 0.5359375 0.046875 0.040625
2 0.9078125 0.6109375 0.040625 0.0828125
5 0.80625 0.7984375 0.09375 0.0890625
5 0.55390625 0.8046875 0.0703125 0.103125
3 0.85625 0.48359375 0.078125 0.0296875
3 0.746875 0.49140625 0.04375 0.0453125