4 0.0328125 0.165625 0.028125 0.0484375
2 0.1546875 0.23125 0.034375 0.0296875
5 0.0921875 0.3375 0.040625 0.06875
3 0.0234375 0.10859375 0.046875 0.0265625
2 0.6203125 0.0546875 0.0265625 0.0390625
5 0.57578125 0.1515625 0.0140625 0.05625
3 0.3765625 0.68125 0.2234375 0.05
2 0.53125 0.8140625 0.04375 0.0625
5 0.24375 0.95546875 0.05 0.0890625
5 0.4796875 0.959375 0.034375 0.06875
4 0.57421875 0.56953125 0.0109375 0.0859375
3 0.65625 0.55 0.0765625 0.0515625
2 0.7171875 0.6625 0.040625 0.04375
5 0.61875 0.8015625 0.04375 0.053125
7 0.625 0.9328125 0.0359375 0.06875