3 0.3671875 0.1234375 0.059375 0.0296875
3 0.4125 0.0828125 0.05625 0.0484375
3 0.475 0.0859375 0.046875 0.065625
3 0.5359375 0.1046875 0.04375 0.0546875
3 0.5296875 0.15625 0.05625 0.0453125
4 0.4671875 0.1828125 0.021875 0.0484375
4 0.4421875 0.16875 0.021875 0.04375
2 0.29375 0.2109375 0.0390625 0.04375
2 0.5796875 0.2484375 0.025 0.0484375
5 0.51875 0.3203125 0.0296875 0.08125
5 0.3671875 0.3109375 0.0359375 0.08125
7 0.5234375 0.425 0.021875 0.0546875
7 0.346875 0.396875 0.0296875 0.0546875
3 0.271875 0.5984375 0.05625 0.025
3 0.4015625 0.603125 0.059375 0.03125
3 0.2828125 0.621875 0.0453125 0.0203125
3 0.3375 0.621875 0.05 0.0234375
4 0.3109375 0.671875 0.021875 0.0484375
4 0.3359375 0.671875 0.0203125 0.040625
2 0.4671875 0.7234375 0.0375 0.0484375
2 0.234375 0.7296875 0.0296875 0.0390625
7 0.4453125 0.8296875 0.040625 0.046875
5 0.259375 0.80625 0.040625 0.046875
4 0.96328125 0.48984375 0.0265625 0.0421875