3 0.0703125 0.1390625 0.059375 0.0296875
3 0.115625 0.0984375 0.05625 0.0484375
3 0.178125 0.1015625 0.046875 0.065625
3 0.2390625 0.1203125 0.04375 0.0546875
3 0.2328125 0.171875 0.05625 0.0453125
4 0.1703125 0.1984375 0.021875 0.0484375
4 0.1453125 0.184375 0.021875 0.04375
2 0.0078125 0.2265625 0.015625 0.04375
2 0.2828125 0.2640625 0.025 0.0484375
5 0.221875 0.3359375 0.0296875 0.08125
5 0.0703125 0.3265625 0.0359375 0.08125
7 0.2265625 0.4359375 0.021875 0.046875
7 0.05 0.4125 0.0296875 0.0546875
3 0.76484375 0.01484375 0.0734375 0.0296875
3 0.796875 0.0609375 0.0625 0.0453125
3 0.88125 0.0921875 0.06875 0.05
3 0.8859375 0.053125 0.0875 0.0390625
3 0.97109375 0.10625 0.0578125 0.053125
3 0.9578125 0.0640625 0.040625 0.0375
4 0.821875 0.165625 0.034375 0.025
5 0.7265625 0.265625 0.0375 0.0453125
4 0.2046875 0.5765625 0.040625 0.0640625
2 0.4015625 0.61953125 0.015625 0.0515625
3 0.29375 0.5078125 0.1109375 0.0359375
3 0.1109375 0.5546875 0.0625 0.046875
3 0.6890625 0.61875 0.04375 0.0421875
4 0.69375 0.6515625 0.0234375 0.025
5 0.7609375 0.76875 0.0546875 0.05625
3 0.746875 0.590625 0.0546875 0.0203125