4 0.0078125 0.011111111111111112 0.0140625 0.019444444444444445
2 0.04375 0.044444444444444446 0.009375 0.025
5 0.0234375 0.075 0.0109375 0.044444444444444446
2 0.2140625 0.6388888888888888 0.021875 0.06111111111111111
2 0.375 0.6472222222222223 0.021875 0.07222222222222222
5 0.24375 0.7444444444444445 0.034375 0.06666666666666667
5 0.34375 0.7194444444444444 0.04375 0.06666666666666667
1 0.35 0.8305555555555556 0.021875 0.09166666666666666
8 0.2859375 0.7527777777777778 0.040625 0.027777777777777776
4 0.2859375 0.6166666666666667 0.028125 0.030555555555555555
4 0.7609375 0.9472222222222222 0.0203125 0.08333333333333333
2 0.67890625 0.975 0.0203125 0.05