3 0.3578125 0.003484320557491289 0.059375 0.006968641114982578
3 0.3609375 0.020905923344947737 0.0671875 0.029616724738675958
3 0.4328125 0.036585365853658534 0.0609375 0.04355400696864112
3 0.4328125 0.009581881533101045 0.0625 0.01916376306620209
3 0.4984375 0.01916376306620209 0.046875 0.03484320557491289
3 0.49375 0.04529616724738676 0.0515625 0.033101045296167246
4 0.4234375 0.10975609756097561 0.040625 0.033101045296167246
2 0.2984375 0.12020905923344948 0.0375 0.04878048780487805
2 0.521875 0.16550522648083624 0.025 0.04529616724738676
5 0.4640625 0.22125435540069685 0.0296875 0.07665505226480836
5 0.3375 0.20557491289198607 0.0453125 0.06445993031358885
6 0.98125 0.036585365853658534 0.0375 0.07317073170731707
4 0.52734375 0.5644599303135889 0.0234375 0.07317073170731707
5 0.478125 0.7874564459930313 0.0546875 0.10627177700348432
7 0.475 0.9146341463414634 0.03125 0.06794425087108014
3 0.5171875 0.47735191637630664 0.04375 0.03484320557491289
3 0.78515625 0.43205574912891986 0.03359375 0.05662020905923345
3 0.8 0.49564459930313587 0.02890625 0.05226480836236934
3 0.8390625 0.5313588850174216 0.03203125 0.05836236933797909
3 0.840625 0.48606271777003485 0.040625 0.04529616724738676
3 0.88203125 0.5479094076655052 0.0296875 0.06184668989547038
3 0.87421875 0.4991289198606272 0.01875 0.04355400696864112
4 0.8109375 0.6167247386759582 0.015625 0.028745644599303136
5 0.7671875 0.7334494773519163 0.0171875 0.05226480836236934