3 0.1640625 0.10625 0.0390625 0.0953125
2 0.2328125 0.234375 0.0546875 0.075
5 0.015625 0.33046875 0.03125 0.0765625
5 0.165625 0.31875 0.065625 0.1015625
4 0.0671875 0.1921875 0.084375 0.06875
5 0.665625 0.3890625 0.02109375 0.05625
5 0.7359375 0.39453125 0.0265625 0.06796875
3 0.6953125 0.2140625 0.040625 0.028125
2 0.053125 0.753125 0.025 0.0328125
2 0.2375 0.7609375 0.025 0.0328125
5 0.2 0.81875 0.034375 0.0296875
5 0.0953125 0.8140625 0.0375 0.0296875
5 0.72734375 0.70859375 0.0421875 0.0390625