3 0.209375 0.146875 0.0390625 0.0953125
2 0.278125 0.275 0.0546875 0.075
5 0.05 0.371875 0.0546875 0.0765625
5 0.2109375 0.359375 0.065625 0.1015625
4 0.1125 0.2328125 0.084375 0.06875
3 0.6125 0.1375 0.1453125 0.0421875
2 0.734375 0.25625 0.034375 0.0390625
5 0.70625 0.3609375 0.046875 0.071875
5 0.51328125 0.36484375 0.0265625 0.0609375
3 0.0703125 0.815625 0.075 0.025
2 0.2015625 0.896875 0.0359375 0.04375
3 0.66875 0.8015625 0.1109375 0.0828125
3 0.784375 0.8078125 0.0875 0.08125
3 0.86875 0.8234375 0.075 0.090625
2 0.88515625 0.97421875 0.0421875 0.0515625
2 0.584375 0.9390625 0.0609375 0.0875
4 0.7625 0.9 0.0515625 0.040625