2 0.1265625 0.046875 0.0546875 0.05625
5 0.05 0.1578125 0.0671875 0.075
3 0.52109375 0.34609375 0.0234375 0.0765625
3 0.6078125 0.34375 0.125 0.071875
3 0.7234375 0.3375 0.0734375 0.0859375
4 0.57421875 0.42109375 0.0390625 0.0578125
3 0.03671875 0.48671875 0.0734375 0.0296875
3 0.03125 0.5140625 0.059375 0.0453125
4 0.03125 0.5765625 0.046875 0.0578125
5 0.090625 0.703125 0.0359375 0.075
1 0.0359375 0.80546875 0.071875 0.0328125
2 0.146875 0.621875 0.0265625 0.0375
5 0.6796875 0.6484375 0.0515625 0.059375
5 0.525 0.6328125 0.03125 0.046875
6 0.7328125 0.7359375 0.034375 0.09375