3 0.0578125 0.240625 0.115625 0.040625
3 0.059375 0.30234375 0.11875 0.0703125
2 0.1546875 0.4234375 0.0546875 0.05625
5 0.078125 0.534375 0.0671875 0.075
3 0.69375 0.1109375 0.05625 0.0265625
3 0.7625 0.1015625 0.05 0.0375
3 0.8328125 0.1328125 0.0453125 0.0296875
2 0.875 0.2234375 0.046875 0.0546875
4 0.6921875 0.1828125 0.021875 0.04375
5 0.80625 0.3296875 0.0515625 0.0671875
1 0.78125 0.48125 0.05 0.0265625
0 0.71875 0.2328125 0.025 0.040625
4 0.34375 0.66875 0.0359375 0.025
2 0.1984375 0.7390625 0.0546875 0.0546875
2 0.446875 0.7109375 0.0375 0.0578125
5 0.29375 0.8140625 0.0359375 0.0625
5 0.415625 0.790625 0.046875 0.0546875
7 0.2875 0.9109375 0.0375 0.04375
7 0.4328125 0.8890625 0.028125 0.0609375
1 0.40625 0.9140625 0.0296875 0.040625
5 0.9828125 0.74921875 0.034375 0.0546875
6 0.9578125 0.853125 0.0390625 0.0625