4 0.35 0.1734375 0.0265625 0.0515625
4 0.3796875 0.1734375 0.0203125 0.0546875
3 0.259375 0.08125 0.0609375 0.03125
3 0.3546875 0.0875 0.065625 0.028125
2 0.1984375 0.23125 0.0671875 0.0515625
2 0.46875 0.21875 0.0390625 0.034375
3 0.696875 0.2015625 0.1078125 0.09375
3 0.8390625 0.2265625 0.115625 0.0953125
4 0.7546875 0.2890625 0.0234375 0.0390625
2 0.8953125 0.365625 0.046875 0.065625
2 0.6171875 0.31875 0.0390625 0.04375
4 0.0921875 0.61875 0.028125 0.03125
2 0.240625 0.6546875 0.034375 0.0375
4 0.50546875 0.70859375 0.0109375 0.0390625
3 0.52734375 0.6453125 0.0546875 0.025