4 0.30546875 0.23125 0.0484375 0.03046875
4 0.240625 0.23515625 0.0390625 0.0296875
3 0.31953125 0.196875 0.09921875 0.02734375
3 0.2234375 0.2 0.07734375 0.034375
3 0.221875 0.16328125 0.07109375 0.01875
3 0.34140625 0.16796875 0.07421875 0.0234375
2 0.4546875 0.27734375 0.0421875 0.040625
2 0.14140625 0.28515625 0.034375 0.040625
4 0.85625 0.20078125 0.00625 0.04375
4 0.865625 0.2046875 0.00625 0.0453125
2 0.8921875 0.275 0.00859375 0.03515625
2 0.82578125 0.246875 0.0078125 0.0421875
5 0.87578125 0.37578125 0.0109375 0.06796875
5 0.8359375 0.38828125 0.0078125 0.0703125
7 0.8796875 0.47421875 0.0078125 0.0421875
7 0.83515625 0.46328125 0.00703125 0.05234375
8 0.84296875 0.3953125 0.0078125 0.03515625
6 0.2203125 0.8015625 0.053125 0.065625
2 0.2390625 0.71875 0.0421875 0.040625
4 0.434375 0.6484375 0.03125 0.0375
4 0.3921875 0.6390625 0.025 0.01875
4 0.48046875 0.65078125 0.0296875 0.0421875
3 0.26015625 0.640625 0.0390625 0.021875
3 0.97578125 0.6671875 0.0484375 0.053125
2 0.9015625 0.759375 0.05 0.05625
5 0.98046875 0.83828125 0.0390625 0.0765625
7 0.9453125 0.95625 0.028125 0.0625