3 0.259375 0.18984375 0.08984375 0.0234375
3 0.45703125 0.18671875 0.12265625 0.028125
3 0.47109375 0.171875 0.09921875 0.03046875
3 0.3484375 0.19140625 0.0546875 0.04453125
7 0.48359375 0.375 0.03125 0.0515625
3 0.75 0.1078125 0.040625 0.05625
3 0.8015625 0.0953125 0.0421875 0.053125
3 0.859375 0.09375 0.0515625 0.0625
2 0.940625 0.16875 0.05 0.0421875
4 0.8015625 0.1640625 0.03125 0.040625
5 0.884375 0.25625 0.05 0.05
6 0.959375 0.3359375 0.03125 0.04375
3 0.3484375 0.596875 0.0890625 0.034375
3 0.45 0.609375 0.0734375 0.0375
5 0.29375 0.825 0.0453125 0.0625
6 0.2265625 0.9140625 0.025 0.0515625
2 0.8546875 0.84375 0.059375 0.08125
3 0.98203125 0.73125 0.0359375 0.040625
6 0.80703125 0.984375 0.0546875 0.03125
5 0.9296875 0.9734375 0.059375 0.053125