3 0.32890625 0.01015625 0.1734375 0.0203125
4 0.3078125 0.0578125 0.0328125 0.0515625
2 0.50625 0.07890625 0.025 0.0453125
2 0.1625 0.1296875 0.0453125 0.04375
5 0.4546875 0.184375 0.0734375 0.046875
5 0.2421875 0.215625 0.0453125 0.071875
3 0.66875 0.1328125 0.1453125 0.103125
3 0.803125 0.128125 0.0875 0.090625
3 0.921875 0.10625 0.1109375 0.090625
4 0.7984375 0.2484375 0.0765625 0.1109375
2 0.54765625 0.31796875 0.0578125 0.0546875
0 0.859375 0.390625 0.0625 0.0671875
0 0.7453125 0.4 0.0671875 0.071875
4 0.31484375 0.4890625 0.0765625 0.1
2 0.059375 0.5546875 0.06875 0.0546875
0 0.3765625 0.6265625 0.0625 0.0671875
0 0.2625 0.6359375 0.0671875 0.071875
5 0.175 0.7453125 0.0625 0.1328125
5 0.45 0.721875 0.0765625 0.08125
1 0.3140625 0.965625 0.0734375 0.053125
6 0.0828125 0.7921875 0.0390625 0.0875
7 0.175 0.8515625 0.06875 0.05
7 0.4671875 0.85 0.05 0.059375
8 0.2609375 0.7890625 0.0671875 0.040625
8 0.409375 0.79375 0.053125 0.0375
1 0.4296875 0.9421875 0.053125 0.0515625
1 0.19375 0.9421875 0.06875 0.059375