3 0.34765625 0.22734375 0.10546875 0.03984375
3 0.3609375 0.184375 0.10625 0.03359375
3 0.38359375 0.14765625 0.0921875 0.03203125
3 0.37734375 0.10859375 0.059375 0.03359375
4 0.334375 0.28828125 0.0203125 0.05546875
2 0.4640625 0.31171875 0.03203125 0.0484375
2 0.2453125 0.36484375 0.02734375 0.046875
5 0.4234375 0.4234375 0.04453125 0.05
5 0.29453125 0.45703125 0.02734375 0.07734375
4 0.7109375 0.2703125 0.090625 0.090625
6 0.628125 0.54921875 0.0375 0.0671875
5 0.6984375 0.603125 0.0640625 0.1546875
7 0.9578125 0.6875 0.0515625 0.1078125
3 0.62109375 0.17265625 0.0234375 0.0515625
2 0.4015625 0.7609375 0.046875 0.021875