4 0.21171875 0.02578125 0.0359375 0.0515625
5 0.16875 0.215625 0.04375 0.0765625
5 0.3390625 0.2046875 0.0578125 0.08125
2 0.403125 0.0640625 0.0546875 0.0546875
2 0.078125 0.0828125 0.0453125 0.053125
3 0.46875 0.8109375 0.1109375 0.0359375
4 0.465625 0.8671875 0.0265625 0.046875
5 0.4296875 0.97890625 0.0375 0.0421875
5 0.55390625 0.984375 0.0296875 0.03125
3 0.3734375 0.80625 0.0515625 0.059375
5 0.78359375 0.96015625 0.0515625 0.0796875
5 0.95234375 0.96328125 0.0328125 0.0734375
2 0.9859375 0.84140625 0.028125 0.0515625
4 0.853125 0.7921875 0.0578125 0.046875