5 0.24375 0.09375 0.04375 0.0765625
5 0.4140625 0.0828125 0.0578125 0.08125
4 0.5453125 0.103125 0.0671875 0.05
3 0.61875 0.015625 0.0640625 0.03125
3 0.5421875 0.021875 0.03125 0.04375
4 0.1421875 0.5328125 0.025 0.0453125
3 0.2078125 0.41875 0.05 0.0328125
3 0.15 0.4171875 0.059375 0.028125
3 0.159375 0.4546875 0.053125 0.021875
3 0.80625 0.4734375 0.075 0.028125
3 0.9109375 0.4796875 0.096875 0.0375
3 0.98515625 0.48828125 0.0296875 0.0328125
3 0.7703125 0.5046875 0.0609375 0.0265625
3 0.9109375 0.515625 0.071875 0.0265625
3 0.98984375 0.52109375 0.0203125 0.0296875
4 0.9046875 0.58125 0.046875 0.025
2 0.7515625 0.6171875 0.0484375 0.0421875
5 0.9734375 0.74765625 0.053125 0.1015625
5 0.8046875 0.7359375 0.0671875 0.0875
6 0.7515625 0.790625 0.021875 0.0640625