3 0.440625 0.021875 0.0890625 0.040625
3 0.3546875 0.040625 0.059375 0.0390625
3 0.4265625 0.0578125 0.0703125 0.04375
3 0.27109375 0.02109375 0.0640625 0.0421875
2 0.459375 0.2078125 0.0453125 0.053125
2 0.703125 0.1015625 0.0578125 0.05
6 0.690625 0.2765625 0.0328125 0.0671875
4 0.265625 0.68125 0.021875 0.053125
6 0.390625 0.9 0.040625 0.0578125
3 0.6765625 0.4390625 0.0375 0.0421875
3 0.728125 0.4359375 0.0390625 0.0390625
3 0.76875 0.440625 0.0390625 0.05
5 0.7578125 0.5890625 0.0296875 0.04375
5 0.6703125 0.59375 0.0265625 0.0421875
7 0.7671875 0.6421875 0.025 0.0375
7 0.6703125 0.6421875 0.0234375 0.046875
1 0.7234375 0.6484375 0.0546875 0.0203125
2 0.7984375 0.5296875 0.025 0.04375
4 0.715625 0.5078125 0.025 0.0390625