3 0.31171875 0.0234375 0.0453125 0.046875
4 0.2109375 0.165625 0.034375 0.0578125
2 0.08125 0.2546875 0.06875 0.053125
5 0.2046875 0.340625 0.040625 0.0828125
5 0.3796875 0.265625 0.065625 0.0546875
2 0.4203125 0.146875 0.0546875 0.05625
3 0.959375 0.1953125 0.05 0.0453125
3 0.3859375 0.64375 0.0515625 0.0390625
3 0.453125 0.65 0.0609375 0.0421875
4 0.4140625 0.684375 0.0359375 0.0265625
2 0.4953125 0.7328125 0.0234375 0.0328125
2 0.3265625 0.7203125 0.0234375 0.0328125
5 0.446875 0.7796875 0.0328125 0.046875
5 0.3578125 0.7734375 0.0296875 0.04375
7 0.3421875 0.8203125 0.015625 0.0390625
7 0.4515625 0.8328125 0.015625 0.0328125
4 0.5546875 0.7578125 0.0390625 0.075
6 0.7703125 0.97890625 0.021875 0.0421875