2 0.171875 0.0453125 0.0578125 0.053125
4 0.8734375 0.1203125 0.0171875 0.0390625
5 0.934375 0.2546875 0.034375 0.075
5 0.8171875 0.25 0.0375 0.0796875
7 0.94375 0.3234375 0.0296875 0.05625
7 0.8078125 0.321875 0.021875 0.046875
2 0.978125 0.1859375 0.03125 0.0296875
2 0.7765625 0.1765625 0.025 0.03125
3 0.02109375 0.4046875 0.0421875 0.090625
3 0.1046875 0.39921875 0.0875 0.0796875
3 0.22265625 0.38828125 0.1109375 0.0578125
4 0.1 0.5140625 0.0765625 0.1109375
2 0.3390625 0.5796875 0.04375 0.059375
0 0.1609375 0.65625 0.0625 0.0671875
0 0.046875 0.665625 0.0671875 0.071875
5 0.234375 0.7515625 0.0765625 0.08125
1 0.09765625 0.984375 0.0734375 0.03125
6 0.3203125 0.7890625 0.0390625 0.1015625
7 0.2515625 0.8796875 0.05 0.059375
8 0.0453125 0.81875 0.0671875 0.040625
8 0.19375 0.8234375 0.053125 0.0375
1 0.2140625 0.971875 0.053125 0.0515625
3 0.85234375 0.3984375 0.1328125 0.078125
3 0.7125 0.3796875 0.1203125 0.040625
4 0.6515625 0.49375 0.0671875 0.046875
2 0.8953125 0.56875 0.0625 0.053125
2 0.4984375 0.5484375 0.0203125 0.04375
5 0.7578125 0.715625 0.1265625 0.1421875
6 0.9203125 0.7046875 0.084375 0.10625
6 0.9609375 0.8328125 0.0640625 0.0625
7 0.809375 0.884375 0.0359375 0.071875
5 0.5359375 0.7390625 0.040625 0.0859375
1 0.640625 0.9296875 0.115625 0.0421875
1 0.75625 0.9515625 0.04375 0.0453125
6 0.8703125 0.8796875 0.0359375 0.0875