3 0.1984375 0.096875 0.06875 0.0578125
3 0.2328125 0.165625 0.090625 0.053125
3 0.3 0.096875 0.0765625 0.084375
3 0.3890625 0.084375 0.071875 0.0828125
3 0.47578125 0.05859375 0.0671875 0.0703125
3 0.48671875 0.11484375 0.0453125 0.0578125
4 0.340625 0.1984375 0.0515625 0.0671875
4 0.39375 0.16875 0.0296875 0.0578125
2 0.19375 0.3109375 0.0578125 0.053125
3 0.64765625 0.08515625 0.0515625 0.04140625
3 0.6765625 0.0328125 0.04140625 0.0375
3 0.728125 0.109375 0.0265625 0.04140625
3 0.7328125 0.04375 0.04296875 0.0484375
3 0.7796875 0.03046875 0.03671875 0.0390625
3 0.7625 0.0703125 0.03046875 0.0390625
2 0.62109375 0.3109375 0.01875 0.05703125
2 0.803125 0.2234375 0.01953125 0.05703125
5 0.7765625 0.45625 0.03984375 0.109375
5 0.671875 0.50390625 0.01953125 0.13359375
7 0.7984375 0.5765625 0.01953125 0.07890625
7 0.67265625 0.609375 0.0171875 0.07890625
1 0.7828125 0.69921875 0.0140625 0.065625
4 0.3421875 0.8640625 0.0421875 0.0125
4 0.3421875 0.890625 0.0421875 0.0328125
0 0.325 0.909375 0.03125 0.034375
2 0.440625 0.89375 0.03125 0.046875
2 0.25 0.8765625 0.0265625 0.0375
5 0.3984375 0.965625 0.0375 0.0484375
5 0.284375 0.9484375 0.040625 0.05
7 0.26875 0.9890625 0.015625 0.021875
6 0.2484375 0.98125 0.025 0.0375