2 0.1890625 0.0140625 0.04375 0.028125
2 0.4625 0.0078125 0.04375 0.015625
5 0.4296875 0.1 0.0453125 0.0734375
5 0.2453125 0.1140625 0.0375 0.0828125
4 0.896875 0.196875 0.0421875 0.0125
4 0.896875 0.2234375 0.0421875 0.0328125
0 0.8796875 0.2421875 0.03125 0.034375
2 0.98984375 0.2265625 0.0203125 0.046875
2 0.8046875 0.209375 0.0265625 0.0375
5 0.953125 0.2984375 0.0375 0.0484375
5 0.8390625 0.28125 0.040625 0.05
7 0.8234375 0.3328125 0.015625 0.0421875
6 0.803125 0.321875 0.025 0.053125
3 0.934375 0.1140625 0.0515625 0.021875
3 0.50078125 0.6125 0.0890625 0.025
3 0.603125 0.6203125 0.0734375 0.0375
5 0.446875 0.8359375 0.0453125 0.0625
6 0.3796875 0.925 0.025 0.0515625
3 0.80625 0.6421875 0.0578125 0.040625
3 0.8671875 0.6296875 0.05 0.053125
3 0.92265625 0.63125 0.0421875 0.0625
3 0.97578125 0.621875 0.0484375 0.04375
2 0.8234375 0.7890625 0.0453125 0.0515625
6 0.8375 0.9609375 0.04375 0.0734375
5 0.8875 0.8953125 0.0453125 0.0609375