3 0.1375 0.0671875 0.0578125 0.08125
3 0.23125 0.0390625 0.1 0.0328125
3 0.221875 0.0734375 0.09375 0.040625
3 0.3203125 0.0484375 0.0609375 0.0890625
4 0.23125 0.1203125 0.03125 0.04375
2 0.1109375 0.1921875 0.04375 0.0546875
2 0.384375 0.1734375 0.04375 0.065625
5 0.3515625 0.290625 0.0453125 0.0734375
5 0.1671875 0.3046875 0.0375 0.0828125
4 0.8296875 0.153125 0.0421875 0.0609375
2 0.9921875 0.1953125 0.015625 0.065625
3 0.103125 0.553125 0.0546875 0.025
4 0.0328125 0.628125 0.0515625 0.0296875
3 0.01875 0.5828125 0.025 0.04375
3 0.03125 0.5453125 0.059375 0.0125
3 0.0921875 0.5828125 0.0546875 0.0234375
5 0.1078125 0.7515625 0.0375 0.0625
7 0.1203125 0.8515625 0.040625 0.053125
6 0.1625 0.7421875 0.0390625 0.0546875
2 0.1453125 0.6484375 0.03125 0.040625
3 0.8484375 0.5890625 0.0671875 0.059375
2 0.9765625 0.66484375 0.046875 0.0546875
5 0.95859375 0.85390625 0.0828125 0.0671875
3 0.9828125 0.55078125 0.034375 0.0234375
4 0.778125 0.671875 0.0546875 0.05