3 0.3734375 0.0515625 0.040625 0.0421875
3 0.42578125 0.059375 0.0484375 0.046875
2 0.3796875 0.14375 0.0328125 0.04375
5 0.4328125 0.20078125 0.034375 0.0421875
5 0.74375 0.0921875 0.05 0.040625
5 0.60625 0.109375 0.0296875 0.0375
6 0.775 0.171875 0.03125 0.0578125
6 0.58125 0.165625 0.04375 0.053125
3 0.06015625 0.740625 0.1203125 0.0875
3 0.184375 0.7546875 0.0828125 0.090625
3 0.2875 0.7625 0.0984375 0.1078125
4 0.1328125 0.85 0.0375 0.06875
2 0.34375 0.94375 0.053125 0.08125
4 0.7953125 0.5515625 0.0234375 0.065625
4 0.803125 0.609375 0.053125 0.0390625
2 0.646875 0.6609375 0.04375 0.04375
2 0.98828125 0.64375 0.0234375 0.05
7 0.715625 0.9421875 0.046875 0.0703125
7 0.99296875 0.88359375 0.0140625 0.0609375
1 0.9671875 0.9125 0.0421875 0.04375
1 0.903125 0.909375 0.025 0.0328125
5 0.9265625 0.76875 0.0640625 0.0625
5 0.728125 0.80625 0.0421875 0.0765625
6 0.6796875 0.7171875 0.078125 0.03125
6 0.978125 0.69765625 0.04375 0.0390625