3 0.1640625 0.14765625 0.01640625 0.05
3 0.18515625 0.15703125 0.0203125 0.05625
3 0.209375 0.13984375 0.01953125 0.059375
2 0.16640625 0.2578125 0.01328125 0.05234375
2 0.2453125 0.296875 0.00625 0.046875
5 0.1890625 0.3265625 0.015625 0.05
3 0.68984375 0.22109375 0.0625 0.0484375
3 0.2984375 0.79453125 0.04375 0.0109375
3 0.35625 0.79453125 0.05625 0.0109375
5 0.334375 0.9203125 0.0390625 0.0375
5 0.2234375 0.91875 0.0546875 0.03125
6 0.9296875 0.884375 0.0390625 0.0953125
6 0.96171875 0.81484375 0.0390625 0.0515625