2 0.246875 0.1171875 0.0578125 0.05
5 0.1234375 0.3046875 0.0859375 0.121875
7 0.125 0.45 0.040625 0.06875
1 0.01796875 0.5 0.0359375 0.05
6 0.2078125 0.41875 0.0296875 0.125
3 0.51015625 0.1515625 0.0203125 0.06875
3 0.6484375 0.175 0.0859375 0.05625
4 0.5515625 0.2140625 0.0375 0.028125
2 0.6765625 0.2703125 0.053125 0.053125
5 0.5953125 0.359375 0.0453125 0.071875
7 0.61875 0.4421875 0.03125 0.0828125
1 0.540625 0.45625 0.0734375 0.0359375
6 0.68125 0.3328125 0.040625 0.0484375
6 0.6671875 0.403125 0.04375 0.065625
3 0.05 0.59375 0.075 0.0359375
3 0.125 0.596875 0.059375 0.0421875
2 0.153125 0.6953125 0.0375 0.0390625
5 0.1 0.765625 0.0328125 0.0390625
5 0.8125 0.58984375 0.046875 0.0796875
5 0.6875 0.5953125 0.046875 0.090625
7 0.821875 0.6859375 0.034375 0.0578125
7 0.6671875 0.696875 0.0296875 0.0625