3 0.1484375 0.01328125 0.06875 0.0265625
3 0.23359375 0.0234375 0.0671875 0.046875
3 0.32109375 0.034375 0.0671875 0.06875
4 0.2953125 0.1046875 0.0265625 0.0484375
4 0.3625 0.1078125 0.04375 0.0515625
2 0.071875 0.2 0.05 0.0484375
5 0.16875 0.3890625 0.0734375 0.1078125
7 0.13359375 0.50546875 0.0421875 0.0671875
6 0.084375 0.4875 0.0375 0.103125
3 0.5390625 0.0109375 0.10625 0.021875
3 0.553125 0.059375 0.1171875 0.0375
3 0.5 0.109375 0.071875 0.0328125
3 0.61875 0.0859375 0.0734375 0.028125
2 0.753125 0.21875 0.05 0.06875
6 0.41953125 0.45859375 0.0390625 0.0953125
6 0.7609375 0.415625 0.0375 0.1
3 0.06875 0.7328125 0.0671875 0.034375
3 0.15 0.759375 0.075 0.0359375
3 0.225 0.7625 0.059375 0.0421875
2 0.253125 0.8609375 0.0375 0.0390625
2 0.01484375 0.84140625 0.0296875 0.0390625
5 0.2 0.93125 0.0328125 0.0390625
5 0.0703125 0.9296875 0.0453125 0.0359375
2 0.65625 0.553125 0.096875 0.028125
0 0.44140625 0.54921875 0.0453125 0.0203125