5 0.3125 0.13541666666666666 0.0734375 0.14375
7 0.278125 0.30416666666666664 0.0421875 0.11458333333333333
6 0.228125 0.2833333333333333 0.0375 0.16875
2 0.52109375 0.015625 0.0265625 0.03125
2 0.71875 0.07291666666666667 0.025 0.04583333333333333
5 0.65625 0.15 0.034375 0.052083333333333336
5 0.553125 0.12291666666666666 0.0453125 0.0375
3 0.08046875 0.7989583333333333 0.1609375 0.03958333333333333
2 0.184375 0.8958333333333334 0.034375 0.041666666666666664
0 0.06875 0.9458333333333333 0.0359375 0.052083333333333336
3 0.8015625 0.6041666666666666 0.0796875 0.07916666666666666
3 0.8890625 0.6125 0.0703125 0.075
3 0.9734375 0.5947916666666667 0.053125 0.07291666666666667
3 0.984375 0.6489583333333333 0.03125 0.04375
4 0.8984375 0.6979166666666666 0.03125 0.07708333333333334
4 0.9359375 0.7 0.03125 0.05625
4 0.8625 0.69375 0.021875 0.06041666666666667
2 0.7875 0.7979166666666667 0.0375 0.06458333333333334
5 0.9859375 0.93125 0.028125 0.08333333333333333
5 0.8484375 0.9416666666666667 0.028125 0.075