3 0.03671875 0.21640625 0.0734375 0.0578125
3 0.1171875 0.253125 0.065625 0.0625
3 0.51875 0.2359375 0.0484375 0.0578125
3 0.584375 0.2171875 0.0546875 0.0625
3 0.646875 0.2234375 0.0515625 0.0515625
3 0.69375 0.221875 0.0375 0.06875
3 0.6515625 0.4765625 0.0578125 0.0484375
3 0.7390625 0.46875 0.059375 0.046875
3 0.8234375 0.459375 0.075 0.06875
4 0.740625 0.5234375 0.05625 0.0421875
2 0.8828125 0.609375 0.0328125 0.05
2 0.603125 0.6171875 0.025 0.0640625
0 0.7828125 0.6515625 0.0234375 0.040625
5 0.809375 0.7125 0.0421875 0.0578125
5 0.6734375 0.7046875 0.0453125 0.0609375
7 0.828125 0.796875 0.03125 0.046875
7 0.6578125 0.7984375 0.028125 0.0546875
1 0.8046875 0.85625 0.04375 0.0453125
1 0.70625 0.8609375 0.03125 0.0484375
1 0.75625 0.84375 0.040625 0.0296875
8 0.74375 0.7359375 0.0671875 0.0328125
6 0.871875 0.78125 0.025 0.06875
6 0.6125 0.7578125 0.0234375 0.040625