3 0.303125 0.128125 0.0796875 0.0578125
3 0.3859375 0.1640625 0.065625 0.0625
3 0.484375 0.165625 0.0734375 0.0484375
3 0.4953125 0.2015625 0.084375 0.0390625
3 0.571875 0.20078125 0.034375 0.0421875
3 0.57109375 0.23125 0.0359375 0.04375
2 0.2296875 0.2546875 0.06875 0.075
5 0.5125 0.484375 0.03125 0.071875
5 0.2671875 0.4109375 0.0515625 0.0546875
3 0.74609375 0.009375 0.0640625 0.01875
3 0.88515625 0.00859375 0.0953125 0.0171875
4 0.83046875 0.02109375 0.0359375 0.0421875
4 0.7875 0.025 0.0296875 0.05
2 0.625 0.090625 0.059375 0.05625
2 0.9640625 0.09375 0.040625 0.0625
5 0.7375 0.2140625 0.040625 0.0890625
4 0.496875 0.66875 0.059375 0.01875
2 0.378125 0.715625 0.0328125 0.0484375
5 0.54375 0.790625 0.0328125 0.059375
5 0.4359375 0.7859375 0.0515625 0.053125
3 0.6296875 0.7578125 0.0703125 0.0375
3 0.721875 0.7515625 0.0625 0.0296875
3 0.8015625 0.746875 0.06875 0.04375
3 0.78125 0.71875 0.06875 0.0421875
4 0.7265625 0.8421875 0.0484375 0.0375
2 0.8890625 0.8484375 0.0484375 0.0515625