2 0.4859375 0.07962962962962963 0.0453125 0.07407407407407407
5 0.3890625 0.22407407407407406 0.03125 0.08518518518518518
5 0.14375 0.13703703703703704 0.0515625 0.06481481481481481
3 0.1046875 0.5814814814814815 0.0546875 0.02962962962962963
3 0.1875 0.5851851851851851 0.06875 0.03888888888888889
5 0.20625 0.7981481481481482 0.034375 0.05185185185185185
5 0.0921875 0.7962962962962963 0.0375 0.06851851851851852
1 0.1046875 0.9277777777777778 0.0265625 0.046296296296296294
3 0.8359375 0.5425925925925926 0.0453125 0.07777777777777778
3 0.8953125 0.5555555555555556 0.0578125 0.07407407407407407
3 0.95625 0.575925925925926 0.0515625 0.06481481481481481
4 0.9296875 0.674074074074074 0.05 0.037037037037037035
6 0.80625 0.8148148148148148 0.03125 0.06851851851851852