5 0.32890625 0.030208333333333334 0.0671875 0.06041666666666667
6 0.6640625 0.35 0.03125 0.1
7 0.721875 0.37604166666666666 0.03125 0.04791666666666667
2 0.7375 0.022916666666666665 0.05 0.04583333333333333
3 0.090625 0.55625 0.046875 0.075
5 0.0390625 0.7895833333333333 0.03125 0.07083333333333333
5 0.63125 0.775 0.0546875 0.08333333333333333
5 0.4796875 0.8041666666666667 0.0296875 0.09791666666666667
6 0.696875 0.8291666666666667 0.0484375 0.10625
2 0.69375 0.6583333333333333 0.03125 0.08125
3 0.6109375 0.5020833333333333 0.0859375 0.04583333333333333
1 0.5703125 0.9229166666666667 0.0828125 0.03958333333333333
1 0.6359375 0.8958333333333334 0.040625 0.07083333333333333