5 0.2229038854805726 0.02109375 0.09815950920245399 0.0421875
7 0.261758691206544 0.09375 0.05930470347648262 0.0890625
3 0.6319018404907976 0.159375 0.10429447852760736 0.0703125
3 0.8323108384458078 0.1109375 0.14519427402862986 0.06875
3 0.6278118609406953 0.00625 0.11860940695296524 0.0125
3 0.8936605316973415 0.0359375 0.10020449897750511 0.0484375
3 0.8670756646216768 0.075 0.15337423312883436 0.059375
3 0.9591002044989775 0.11640625 0.081799591002045 0.0390625
3 0.9683026584867076 0.0703125 0.06339468302658487 0.053125
5 0.081799591002045 0.68125 0.08384458077709611 0.1125
4 0.7075664621676891 0.4859375 0.03885480572597137 0.05
4 0.6728016359918201 0.4984375 0.0408997955010225 0.03125
5 0.787321063394683 0.63125 0.065439672801636 0.0703125
2 0.5347648261758691 0.5359375 0.03067484662576687 0.0375