5 0.246875 0.0984375 0.075 0.075
5 0.0625 0.109375 0.0515625 0.0890625
7 0.2765625 0.1875 0.0453125 0.0890625
7 0.7921875 0.1171875 0.03125 0.0578125
7 0.99453125 0.11875 0.0109375 0.065625
4 0.1375 0.559375 0.03125 0.0484375
2 0.3234375 0.6203125 0.053125 0.04375
5 0.0296875 0.7859375 0.04375 0.05
5 0.225 0.7640625 0.0546875 0.04375
5 0.8140625 0.6875 0.1015625 0.125
5 0.528125 0.7015625 0.0765625 0.1265625
1 0.78125 0.875 0.059375 0.0640625
1 0.5453125 0.8625 0.0921875 0.084375
6 0.8875 0.7671875 0.0421875 0.0890625
6 0.89375 0.5578125 0.0609375 0.0453125