3 0.334375 0.07746478873239436 0.0875 0.07276995305164319
3 0.4359375 0.036384976525821594 0.075 0.07276995305164319
3 0.521875 0.04342723004694836 0.075 0.08685446009389672
3 0.53359375 0.11502347417840375 0.0515625 0.07511737089201878
4 0.4578125 0.18309859154929578 0.0296875 0.06807511737089202
2 0.2171875 0.2347417840375587 0.0484375 0.07042253521126761
5 0.2875 0.4694835680751174 0.071875 0.08450704225352113
5 0.5359375 0.49765258215962443 0.0390625 0.07511737089201878
5 0.9625 0.16901408450704225 0.0328125 0.07981220657276995
4 0.0078125 0.8227699530516432 0.015625 0.07746478873239436
3 0.01875 0.7382629107981221 0.0375 0.025821596244131457
3 0.0171875 0.7053990610328639 0.034375 0.03051643192488263
3 0.0828125 0.6737089201877934 0.0265625 0.05868544600938967
2 0.1359375 0.852112676056338 0.025 0.056338028169014086
3 0.590625 0.9460093896713615 0.0625 0.04225352112676056
3 0.68125 0.8967136150234741 0.1171875 0.03286384976525822
4 0.59140625 0.9882629107981221 0.0328125 0.023474178403755867