3 0.196875 0.206 0.02265625 0.056
4 0.20078125 0.276 0.015625 0.047
5 0.25078125 0.418 0.03125 0.076
5 0.19765625 0.47 0.0125 0.047
7 0.271875 0.491 0.01328125 0.052
4 0.79453125 0.113 0.0125 0.122
4 0.81953125 0.141 0.01171875 0.106
3 0.86171875 0.085 0.02578125 0.136
2 0.68203125 0.235 0.02109375 0.081
2 0.88984375 0.327 0.01484375 0.088
5 0.84140625 0.475 0.02890625 0.122
5 0.72578125 0.452 0.04609375 0.088
6 0.8578125 0.622 0.01328125 0.113
6 0.67734375 0.535 0.0125 0.097
2 0.0171875 0.81 0.0328125 0.062
6 0.0296875 0.944 0.03125 0.092
5 0.0515625 0.934 0.025 0.058
5 0.2 0.926 0.0234375 0.068
2 0.6046875 0.916 0.0625 0.124