3 0.00546875 0.13515625 0.0109375 0.0421875
4 0.00625 0.18828125 0.0125 0.0359375
5 0.096875 0.296875 0.0625 0.0578125
7 0.1390625 0.3515625 0.0265625 0.0390625
4 0.715625 0.0640625 0.040625 0.09375
4 0.66875 0.078125 0.03125 0.0515625
5 0.803125 0.3203125 0.0515625 0.0546875
5 0.5828125 0.325 0.059375 0.0609375
4 0.3125 0.6859375 0.0375 0.059375
2 0.2015625 0.71875 0.025 0.0375
5 0.2359375 0.815625 0.04375 0.06875
5 0.35625 0.8265625 0.0359375 0.0734375
7 0.3484375 0.8828125 0.0359375 0.04375
6 0.1984375 0.8546875 0.028125 0.071875