3 0.2203125 0.1890625 0.025 0.05078125
4 0.225 0.25390625 0.0171875 0.04375
5 0.28046875 0.384375 0.03515625 0.0703125
5 0.22109375 0.43203125 0.0140625 0.04375
7 0.30390625 0.45078125 0.01484375 0.04765625
3 0.896875 0.1703125 0.1125 0.071875
3 0.984375 0.171875 0.03125 0.06875
4 0.9609375 0.240625 0.03125 0.0515625
1 0.9515625 0.584375 0.0765625 0.0578125
5 0.115625 0.8984375 0.071875 0.0921875
7 0.1546875 0.9859375 0.0375 0.028125
2 0.2078125 0.7875 0.05625 0.075
4 0.01796875 0.746875 0.0359375 0.0625
4 0.6703125 0.7828125 0.034375 0.0578125
2 0.5671875 0.871875 0.015625 0.053125
5 0.6640625 0.9578125 0.040625 0.0828125
5 0.8390625 0.8828125 0.065625 0.0546875
2 0.8796875 0.7640625 0.0546875 0.05625