5 0.265625 0.075 0.075 0.09375
5 0.03125 0.078125 0.0625 0.075
1 0.196875 0.334375 0.1015625 0.0453125
4 0.76875 0.1703125 0.071875 0.065625
5 0.8125 0.378125 0.0421875 0.0875
5 0.646875 0.346875 0.05 0.084375
7 0.834375 0.4890625 0.0421875 0.078125
7 0.60625 0.434375 0.0453125 0.0625
4 0.3578125 0.69375 0.0546875 0.059375
2 0.4859375 0.76328125 0.028125 0.0546875
2 0.2140625 0.7421875 0.0484375 0.0453125
0 0.3265625 0.7671875 0.0328125 0.0421875
5 0.41875 0.8453125 0.0375 0.0703125
5 0.2890625 0.8234375 0.0296875 0.065625
6 0.2203125 0.9015625 0.0453125 0.103125
7 0.2546875 0.875 0.021875 0.05625