4 0.3671875 0.1578125 0.0515625 0.0984375
2 0.1296875 0.2359375 0.065625 0.059375
3 0.240625 0.0390625 0.1265625 0.05
3 0.37890625 0.0609375 0.1015625 0.075
5 0.25 0.390625 0.0875 0.075
3 0.5765625 0.1625 0.0734375 0.0640625
3 0.646875 0.15625 0.05 0.059375
3 0.7046875 0.1296875 0.053125 0.0578125
3 0.209375 0.65 0.0421875 0.025
3 0.303125 0.6625 0.0703125 0.046875
2 0.35 0.7515625 0.025 0.0390625
5 0.2828125 0.8078125 0.0375 0.0625
5 0.1875 0.8125 0.03125 0.053125
7 0.3125 0.8609375 0.028125 0.046875
5 0.759375 0.63125 0.0265625 0.0328125
2 0.721875 0.5578125 0.0171875 0.0296875