5 0.284375 0.0203125 0.04375 0.040625
3 0.278125 0.8078125 0.44375 0.225
3 0.74375 0.46875 0.175 0.0484375
4 0.54375 0.5375 0.035416666666666666 0.071875
2 0.8291666666666667 0.634375 0.07291666666666667 0.0578125
5 0.6958333333333333 0.759375 0.09375 0.0890625
1 0.5083333333333333 0.92265625 0.016666666666666666 0.0578125
1 0.6 0.940625 0.11875 0.0515625
1 0.7041666666666667 0.9328125 0.041666666666666664 0.0609375
7 0.7291666666666666 0.8578125 0.052083333333333336 0.053125
6 0.84375 0.7359375 0.04375 0.0890625
6 0.80625 0.8375 0.06666666666666667 0.0734375