2 0.9640625 0.015086206896551725 0.028125 0.03017241379310345
5 0.809375 0.0603448275862069 0.0328125 0.036637931034482756
5 0.925 0.0625 0.034375 0.04525862068965517
3 0.05 0.6217672413793104 0.1 0.08836206896551724
3 0.05390625 0.7015086206896551 0.1078125 0.07974137931034483
3 0.096875 0.7801724137931034 0.19375 0.09051724137931035
3 0.2234375 0.5883620689655172 0.1421875 0.09267241379310345
4 0.353125 0.9008620689655172 0.065625 0.1875
3 0.43203125 0.5614224137931034 0.0546875 0.08836206896551724
3 0.7921875 0.6120689655172413 0.015625 0.04310344827586207
4 0.83125 0.646551724137931 0.0265625 0.05387931034482758
3 0.8140625 0.5775862068965517 0.0640625 0.032327586206896554
3 0.7828125 0.5107758620689655 0.0578125 0.032327586206896554
3 0.7734375 0.540948275862069 0.059375 0.040948275862068964
3 0.86875 0.5387931034482759 0.0578125 0.034482758620689655
3 0.86875 0.5129310344827587 0.0578125 0.032327586206896554
5 0.771875 0.8275862068965517 0.0296875 0.06896551724137931
5 0.9234375 0.8362068965517241 0.0453125 0.04956896551724138