3 0.221875 0.096875 0.0734375 0.0640625
3 0.2921875 0.090625 0.05 0.059375
3 0.34609375 0.06328125 0.0453125 0.0578125
2 0.53125 0.309375 0.0375 0.053125
3 0.4640625 0.1734375 0.065625 0.03125
5 0.484375 0.3859375 0.046875 0.040625
7 0.01328125 0.6828125 0.0265625 0.075
2 0.059375 0.45546875 0.05 0.0328125
2 0.56875 0.6484375 0.0625 0.065625
2 0.821875 0.5984375 0.04375 0.059375
3 0.6453125 0.5328125 0.078125 0.034375
4 0.71875 0.5484375 0.0328125 0.065625
5 0.790625 0.6765625 0.0453125 0.0578125
5 0.6609375 0.7 0.046875 0.0609375