2 0.4078125 0.203125 0.05 0.0609375
2 0.0515625 0.2453125 0.04375 0.065625
3 0.303125 0.0859375 0.1046875 0.0375
3 0.1171875 0.125 0.071875 0.0390625
5 0.3875 0.33828125 0.040625 0.0234375
5 0.11875 0.340625 0.053125 0.01875
3 0.9953125 0.125 0.009375 0.03125
2 0.8515625 0.2203125 0.0328125 0.0484375
6 0.8640625 0.31953125 0.03125 0.0609375
5 0.8859375 0.3171875 0.025 0.0453125
3 0.940625 0.1109375 0.0640625 0.028125
3 0.171875 0.4828125 0.0578125 0.0484375
3 0.259375 0.475 0.059375 0.046875
3 0.34375 0.465625 0.075 0.06875
4 0.2609375 0.5296875 0.05625 0.0421875
2 0.403125 0.615625 0.0328125 0.05
2 0.1234375 0.6234375 0.025 0.0640625
0 0.303125 0.6578125 0.0234375 0.040625
5 0.3296875 0.71875 0.0421875 0.0578125
5 0.19375 0.7109375 0.0453125 0.0609375
7 0.3484375 0.803125 0.03125 0.046875
7 0.178125 0.8046875 0.028125 0.0546875
1 0.325 0.8625 0.04375 0.0453125
1 0.2265625 0.8671875 0.03125 0.0484375
1 0.2765625 0.85 0.040625 0.0296875
8 0.2640625 0.7421875 0.0671875 0.0328125
6 0.3921875 0.7875 0.025 0.06875
6 0.1328125 0.7640625 0.0234375 0.040625
3 0.8671875 0.5484375 0.0578125 0.053125
3 0.965625 0.5328125 0.04375 0.0359375
3 0.9171875 0.53125 0.0421875 0.0578125
2 0.8578125 0.65625 0.0515625 0.046875
5 0.946875 0.7453125 0.040625 0.08125
6 0.8609375 0.7265625 0.03125 0.0453125