5 0.00859375 0.11710794297352342 0.0171875 0.05091649694501019
3 0.6109375 0.2892057026476578 0.0640625 0.028513238289205704
3 0.68125 0.3014256619144603 0.04375 0.07128309572301425
3 0.54375 0.29327902240325865 0.040625 0.06720977596741344
3 0.721875 0.319755600814664 0.021875 0.0855397148676171
2 0.2875 0.5478615071283096 0.0421875 0.07331975560081466
5 0.3796875 0.6476578411405295 0.0453125 0.09368635437881874
6 0.3125 0.6924643584521385 0.040625 0.10590631364562118
4 0.43828125 0.4470468431771894 0.0421875 0.09164969450101833
3 0.41640625 0.3879837067209776 0.0859375 0.038696537678207736
3 0.3359375 0.41140529531568226 0.05625 0.034623217922606926
4 0.559375 0.40529531568228105 0.0328125 0.06313645621181263
2 0.740625 0.4989816700610998 0.0484375 0.06720977596741344
6 0.75625 0.6109979633401222 0.040625 0.09775967413441955