2 0.178125 0.0953125 0.0625 0.0796875
2 0.540625 0.10625 0.0515625 0.0578125
5 0.4859375 0.2234375 0.0546875 0.065625
3 0.97734375 0.14765625 0.0453125 0.0453125
2 0.9765625 0.23125 0.028125 0.0265625
3 0.14375 0.725 0.053125 0.071875
3 0.203125 0.7203125 0.0546875 0.0734375
3 0.2640625 0.71875 0.0578125 0.06875
3 0.146875 0.7828125 0.0453125 0.0390625
5 0.1671875 0.98203125 0.0375 0.0359375
3 0.4375 0.9390625 0.0625 0.046875
3 0.5546875 0.88515625 0.05 0.0421875
3 0.4984375 0.921875 0.0515625 0.0453125
4 0.54765625 0.98671875 0.0328125 0.0265625
3 0.7609375 0.628125 0.05 0.0453125
3 0.853125 0.61875 0.10625 0.0375
4 0.8296875 0.6609375 0.034375 0.040625
5 0.8984375 0.7578125 0.0546875 0.0328125