2 0.1921875 0.253125 0.0625 0.0796875
2 0.5546875 0.2640625 0.0515625 0.0578125
3 0.4890625 0.1359375 0.06875 0.0328125
5 0.49921875 0.37421875 0.0546875 0.0515625
5 0.853125 0.01015625 0.05 0.0203125
4 0.19921875 0.621875 0.01328125 0.04140625
2 0.278125 0.64296875 0.015625 0.03828125
5 0.1828125 0.75859375 0.021875 0.05859375
0 0.22109375 0.66328125 0.01328125 0.0296875
3 0.6765625 0.49375 0.1125 0.0984375
3 0.8921875 0.54375 0.1015625 0.1171875
2 0.88125 0.7078125 0.053125 0.0828125
5 0.7234375 0.859375 0.0625 0.084375