2 0.1765625 0.05 0.059375 0.05625
2 0.515625 0.053125 0.040625 0.0625
5 0.2890625 0.1734375 0.040625 0.0890625
5 0.99609375 0.08046875 0.0078125 0.0328125
2 0.96796875 0.0109375 0.0171875 0.021875
2 0.16875 0.6578125 0.0375 0.0375
2 0.44375 0.65625 0.0375 0.04375
5 0.3921875 0.76875 0.0390625 0.059375
5 0.240625 0.7734375 0.0421875 0.0765625
3 0.1953125 0.5578125 0.0515625 0.0421875
3 0.409375 0.540625 0.04375 0.03125
4 0.3203125 0.6 0.0296875 0.0421875
4 0.86875 0.66875 0.0296875 0.05
4 0.8421875 0.68125 0.03125 0.03125
3 0.8765625 0.6125 0.1140625 0.0375
3 0.86875 0.590625 0.1 0.0375
5 0.9296875 0.8140625 0.05 0.0703125
2 0.73125 0.71875 0.034375 0.0375