3 0.209375 0.04375 0.0703125 0.0578125
3 0.28125 0.0375 0.0578125 0.075
3 0.346875 0.040625 0.059375 0.0796875
6 0.1609375 0.259375 0.028125 0.053125
3 0.77734375 0.24140625 0.03671875 0.03671875
2 0.84375 0.35234375 0.015625 0.05078125
7 0.8296875 0.50625 0.01875 0.071875
7 0.740625 0.51875 0.015625 0.06328125
2 0.2015625 0.875 0.0375 0.04375
3 0.25 0.765625 0.05625 0.053125
3 0.3109375 0.7640625 0.05625 0.05625
3 0.36875 0.778125 0.0484375 0.05625
3 0.41875 0.79375 0.040625 0.06875
5 0.26171875 0.9671875 0.0390625 0.065625
5 0.409375 0.99140625 0.021875 0.0171875
4 0.35625 0.834375 0.03125 0.05