5 0.3578125 0.2203125 0.059375 0.0546875
6 0.659375 0.2421875 0.0328125 0.0859375
6 0.871875 0.2296875 0.0359375 0.06875
2 0.2 0.7625 0.0625 0.0546875
2 0.5109375 0.778125 0.05 0.046875
5 0.4671875 0.8859375 0.04375 0.059375
5 0.2421875 0.8640625 0.059375 0.071875
6 0.21640625 0.96328125 0.0578125 0.0734375
6 0.4703125 0.96171875 0.053125 0.0765625
4 0.3671875 0.7484375 0.059375 0.03125
3 0.3296875 0.6140625 0.0796875 0.0375
3 0.4484375 0.665625 0.090625 0.04375
3 0.85703125 0.38671875 0.0640625 0.0140625
5 0.9953125 0.5890625 0.009375 0.06875
7 0.878125 0.6859375 0.025 0.05