2 0.190625 0.00859375 0.0375 0.0171875
5 0.1109375 0.140625 0.0421875 0.0765625
3 0.428125 0.1109375 0.071875 0.075
3 0.6484375 0.053125 0.09375 0.0984375
4 0.584375 0.2078125 0.06875 0.05
5 0.7125 0.3546875 0.0625 0.065625
6 0.771875 0.4421875 0.0328125 0.09375
2 0.159375 0.5765625 0.0421875 0.0484375
5 0.0703125 0.659375 0.05 0.0546875
7 0.0890625 0.7359375 0.0390625 0.040625
4 0.6296875 0.6 0.0265625 0.0453125
2 0.478125 0.6640625 0.0421875 0.0390625
2 0.825 0.653125 0.0390625 0.046875
5 0.55625 0.771875 0.046875 0.0796875