2 0.009375 0.02734375 0.01875 0.0546875
2 0.33125 0.046875 0.0375 0.0453125
5 0.2515625 0.1921875 0.0421875 0.0765625
5 0.0625 0.1671875 0.059375 0.0703125
4 0.68125 0.2109375 0.025 0.0609375
2 0.909375 0.29375 0.04375 0.059375
2 0.4703125 0.3046875 0.05 0.0578125
5 0.809375 0.41015625 0.065625 0.0578125
5 0.5890625 0.41796875 0.059375 0.0421875
2 0.128125 0.46328125 0.046875 0.0484375
5 0.2015625 0.56875 0.0796875 0.0796875
5 0.4109375 0.6015625 0.0375 0.09375
3 0.765625 0.534375 0.1140625 0.040625