3 0.090625 0.03125 0.0625 0.046875
3 0.15078125 0.01796875 0.0515625 0.0359375
4 0.2015625 0.084375 0.0328125 0.0359375
2 0.096875 0.1515625 0.0484375 0.040625
2 0.2984375 0.0578125 0.0296875 0.0328125
5 0.1796875 0.2171875 0.028125 0.0625
5 0.29921875 0.16796875 0.0390625 0.0453125
6 0.1515625 0.278125 0.0484375 0.046875
2 0.7875 0.015625 0.0375 0.03125
2 0.5390625 0.06875 0.0390625 0.0609375
3 0.20234375 0.32890625 0.0859375 0.0203125
5 0.221875 0.44375 0.0234375 0.0453125
5 0.146875 0.428125 0.0375 0.046875
2 0.115625 0.3671875 0.03125 0.034375
2 0.453125 0.390625 0.0328125 0.06875
2 0.98671875 0.546875 0.0265625 0.1
7 0.8625 0.8390625 0.0484375 0.090625
6 0.9390625 0.8234375 0.0375 0.0953125