3 0.0234375 0.2335907335907336 0.046875 0.08494208494208494
3 0.3109375 0.42084942084942084 0.053125 0.015444015444015444
2 0.5953125 0.13127413127413126 0.03125 0.11969111969111969
4 0.34375 0.6467181467181468 0.028125 0.05019305019305019
5 0.275 0.8011583011583011 0.0328125 0.06563706563706563
5 0.3859375 0.8146718146718147 0.025 0.04633204633204633
1 0.3734375 0.9131274131274131 0.0140625 0.04054054054054054
1 0.25625 0.8803088803088803 0.025 0.019305019305019305
3 0.3546875 0.584942084942085 0.075 0.03474903474903475
3 0.35625 0.5637065637065637 0.071875 0.02702702702702703
3 0.2765625 0.61003861003861 0.0484375 0.03088803088803089
3 0.4046875 0.6274131274131274 0.05 0.02895752895752896
2 0.221875 0.6872586872586872 0.03125 0.04054054054054054
2 0.4265625 0.7027027027027027 0.025 0.02895752895752896
3 0.6703125 0.4498069498069498 0.096875 0.032818532818532815
3 0.7578125 0.4613899613899614 0.059375 0.06563706563706563
2 0.7953125 0.584942084942085 0.0359375 0.06563706563706563
4 0.66875 0.5019305019305019 0.0234375 0.04247104247104247
5 0.715625 0.7065637065637066 0.040625 0.06756756756756757