5 0.23125 0.051643192488262914 0.034375 0.05868544600938967
5 0.3296875 0.04929577464788732 0.0265625 0.056338028169014086
6 0.1890625 0.03286384976525822 0.0234375 0.0539906103286385
6 0.3515625 0.0892018779342723 0.025 0.06338028169014084
4 0.65625 0.3051643192488263 0.0546875 0.06572769953051644
5 0.0625 0.7206572769953051 0.0328125 0.11737089201877934
5 0.2390625 0.6995305164319249 0.05 0.1056338028169014
2 0.3015625 0.5492957746478874 0.0453125 0.051643192488262914
2 0.015625 0.562206572769953 0.03125 0.05868544600938967
3 0.8546875 0.6713615023474179 0.0828125 0.07511737089201878
4 0.8546875 0.7394366197183099 0.0203125 0.046948356807511735