3 0.1375 0.0328125 0.065625 0.0453125
3 0.2 0.01328125 0.046875 0.0265625
3 0.8359375 0.0875 0.0546875 0.0234375
3 0.91875 0.08125 0.0546875 0.0234375
2 0.965625 0.1625 0.0234375 0.04375
2 0.790625 0.1625 0.028125 0.0375
5 0.9375 0.209375 0.0328125 0.0390625
5 0.8296875 0.2109375 0.034375 0.05
6 0.803125 0.259375 0.0265625 0.04375
3 0.046875 0.6265625 0.0703125 0.0578125
3 0.11875 0.6203125 0.0578125 0.075
3 0.184375 0.6234375 0.059375 0.0796875
6 0.00625 0.8421875 0.0125 0.053125
4 0.9546875 0.5546875 0.028125 0.05
4 0.9921875 0.5515625 0.015625 0.040625
3 0.884375 0.4984375 0.0640625 0.03125
5 0.86875 0.7421875 0.05 0.0484375
6 0.8109375 0.6796875 0.0453125 0.053125