3 0.05625 0.2109375 0.0640625 0.025
3 0.05625 0.178125 0.0609375 0.0484375
3 0.1484375 0.1765625 0.0484375 0.0515625
3 0.2203125 0.1671875 0.0625 0.0609375
4 0.1328125 0.2640625 0.0578125 0.0359375
2 0.2609375 0.284375 0.040625 0.05625
2 0.025 0.29375 0.0375 0.0375
5 0.0890625 0.35625 0.028125 0.059375
5 0.2171875 0.3421875 0.046875 0.053125
6 0.278125 0.4265625 0.025 0.0609375
7 0.078125 0.4421875 0.0203125 0.05
1 0.159375 0.478125 0.0640625 0.03125
7 0.24375 0.43125 0.025 0.0515625
3 0.70625 0.1078125 0.096875 0.05625
3 0.8546875 0.10625 0.1453125 0.065625
4 0.8015625 0.159375 0.025 0.04375
7 0.9265625 0.428125 0.03125 0.0734375
5 0.71875 0.3796875 0.0328125 0.053125
3 0.0546875 0.7765625 0.109375 0.034375
5 0.78125 0.8140625 0.078125 0.071875
5 0.590625 0.8375 0.040625 0.084375
6 0.85625 0.878125 0.0296875 0.1125
6 0.5484375 0.8796875 0.040625 0.1234375