3 0.175 0.1359375 0.0640625 0.025
3 0.175 0.103125 0.0609375 0.0484375
3 0.2609375 0.10078125 0.0375 0.0515625
4 0.25078125 0.18828125 0.0578125 0.0359375
2 0.14375 0.21875 0.0375 0.0375
5 0.2078125 0.28125 0.028125 0.059375
7 0.196875 0.3671875 0.0203125 0.05
1 0.2625 0.403125 0.034375 0.03125
3 0.859375 0.009375 0.071875 0.01875
3 0.67421875 0.0078125 0.0578125 0.015625
8 0.09765625 0.559375 0.1015625 0.040625
5 0.21171875 0.58359375 0.0390625 0.0890625
4 0.3953125 0.6390625 0.0296875 0.05625
4 0.4140625 0.6296875 0.028125 0.040625
2 0.5828125 0.684375 0.046875 0.0421875
3 0.5015625 0.5765625 0.06875 0.0359375
3 0.3421875 0.59375 0.05625 0.0203125
3 0.38125 0.5546875 0.1109375 0.021875