3 0.0703125 0.1453125 0.0484375 0.0515625
3 0.1421875 0.1359375 0.0625 0.0609375
4 0.0546875 0.2328125 0.0578125 0.0359375
2 0.1828125 0.253125 0.040625 0.05625
5 0.0125 0.325 0.025 0.059375
5 0.1390625 0.3109375 0.046875 0.053125
6 0.2 0.3953125 0.025 0.0609375
7 0.0046875 0.4109375 0.009375 0.05
1 0.08125 0.446875 0.0640625 0.03125
7 0.165625 0.4 0.025 0.0515625
4 0.7734375 0.165625 0.0515625 0.0984375
2 0.55390625 0.24375 0.0296875 0.059375
3 0.646875 0.046875 0.1265625 0.05
3 0.7890625 0.06875 0.1078125 0.075
3 0.9265625 0.0453125 0.109375 0.059375
5 0.903125 0.3953125 0.075 0.09375
5 0.65625 0.3984375 0.0875 0.075
3 0.4015625 0.61953125 0.071875 0.0390625
3 0.4984375 0.65 0.06875 0.05
3 0.57578125 0.61015625 0.0734375 0.0203125
5 0.7359375 0.8609375 0.05 0.1046875