3 0.2640625 0.09166666666666666 0.0359375 0.05625
3 0.3171875 0.08958333333333333 0.040625 0.0375
3 0.3671875 0.09166666666666666 0.04375 0.05416666666666667
5 0.3796875 0.26875 0.034375 0.05625
5 0.28125 0.27708333333333335 0.03125 0.052083333333333336
6 0.40625 0.36041666666666666 0.0234375 0.08125
6 0.26875 0.34791666666666665 0.028125 0.06041666666666667
6 0.4203125 0.23333333333333334 0.034375 0.058333333333333334
6 0.2453125 0.2520833333333333 0.0265625 0.07291666666666667
3 0.72890625 0.04375 0.0390625 0.041666666666666664
3 0.796875 0.035416666666666666 0.071875 0.05
3 0.8546875 0.05 0.0515625 0.05
5 0.834375 0.6645833333333333 0.0546875 0.1125
0 0.76484375 0.5385416666666667 0.0359375 0.01875