3 0.04921875 0.134375 0.0984375 0.0375
3 0.1359375 0.0890625 0.0703125 0.0796875
3 0.209375 0.0796875 0.0625 0.065625
3 0.8421875 0.0421875 0.0734375 0.046875
3 0.7734375 0.053125 0.040625 0.0359375
2 0.9015625 0.1421875 0.0484375 0.0390625
6 0.921875 0.271875 0.053125 0.0578125
1 0.8328125 0.3125 0.0484375 0.0234375
3 0.053125 0.63046875 0.084375 0.0609375
3 0.14375 0.615625 0.065625 0.03125
3 0.21953125 0.6109375 0.0703125 0.021875
4 0.240625 0.690625 0.059375 0.0421875
6 0.4484375 0.7421875 0.0609375 0.078125
2 0.0640625 0.7640625 0.059375 0.0625
3 0.63203125 0.61171875 0.0578125 0.0234375
3 0.7046875 0.62421875 0.053125 0.0484375