3 0.1828125 0.09375 0.0734375 0.0828125
3 0.2625 0.0984375 0.071875 0.0546875
3 0.3640625 0.1109375 0.06875 0.0625
2 0.6953125 0.10625 0.040625 0.0421875
3 0.225 0.61875 0.05 0.05
3 0.290625 0.6359375 0.0546875 0.0453125
3 0.3 0.6015625 0.0625 0.0390625
3 0.36875 0.6203125 0.046875 0.046875
3 0.428125 0.6296875 0.0546875 0.059375
2 0.1890625 0.73125 0.0390625 0.053125
5 0.396875 0.828125 0.0359375 0.0546875
6 0.2015625 0.878125 0.0265625 0.046875
3 0.6 0.659375 0.040625 0.03125
3 0.59296875 0.6953125 0.0265625 0.040625
5 0.58515625 0.87109375 0.0109375 0.0484375