5 0.22421875 0.03515625 0.0453125 0.0703125
5 0.3859375 0.0359375 0.05 0.071875
4 0.70625 0.30625 0.040625 0.0375
5 0.753125 0.4015625 0.040625 0.0640625
5 0.65625 0.4125 0.03125 0.053125
7 0.6421875 0.471875 0.025 0.040625
7 0.771875 0.4765625 0.0265625 0.053125
3 0.70625 0.2609375 0.075 0.034375
6 0.7984375 0.38125 0.034375 0.04375
3 0.3359375 0.56796875 0.103125 0.0171875
5 0.3140625 0.7890625 0.0453125 0.05625
5 0.7703125 0.7734375 0.065625 0.0875
5 0.98828125 0.79453125 0.0234375 0.0734375
7 0.9921875 0.890625 0.015625 0.075
7 0.753125 0.8546875 0.0484375 0.0796875