3 0.1703125 0.14375 0.0515625 0.052083333333333336
3 0.2328125 0.2 0.04375 0.06666666666666667
3 0.2984375 0.24791666666666667 0.0515625 0.05416666666666667
3 0.275 0.125 0.046875 0.04375
3 0.2921875 0.1875 0.0390625 0.04375
3 0.2234375 0.1375 0.0328125 0.04791666666666667
4 0.2078125 0.31875 0.0328125 0.0375
3 0.9578125 0.2520833333333333 0.0609375 0.08125
3 0.55546875 0.37916666666666665 0.0796875 0.020833333333333332
3 0.6375 0.38958333333333334 0.059375 0.041666666666666664
2 0.503125 0.5 0.0375 0.058333333333333334
5 0.5625 0.6583333333333333 0.0640625 0.10625
1 0.63125 0.8125 0.0546875 0.05