3 0.40859375 0.04609375 0.0828125 0.0921875
3 0.534375 0.115625 0.0984375 0.0796875
3 0.52265625 0.02890625 0.0765625 0.0578125
4 0.3625 0.2140625 0.0640625 0.0546875
5 0.709375 0.14375 0.06875 0.109375
7 0.69375 0.2875 0.0453125 0.0734375
1 0.865625 0.3203125 0.084375 0.0421875
8 0.8046875 0.196875 0.034375 0.05
6 0.2359375 0.77578125 0.0125 0.0765625
5 0.3296875 0.7828125 0.01796875 0.05859375
5 0.2453125 0.77734375 0.0109375 0.0515625
3 0.296875 0.5875 0.04140625 0.028125
2 0.2296875 0.66875 0.01484375 0.03671875
2 0.784375 0.534375 0.040625 0.05625