2 0.13125 0.0109375 0.05 0.021875
6 0.1359375 0.0953125 0.0359375 0.0984375
5 0.4484375 0.1046875 0.08125 0.06875
5 0.2109375 0.1515625 0.05 0.084375
7 0.225 0.253125 0.053125 0.078125
7 0.4546875 0.2109375 0.05625 0.059375
6 0.5046875 0.1703125 0.046875 0.0828125
1 0.3421875 0.2390625 0.115625 0.0375
3 0.2328125 0.5609375 0.084375 0.0625
3 0.3234375 0.540625 0.065625 0.0453125
3 0.4 0.5140625 0.0703125 0.0796875
3 0.475 0.4765625 0.059375 0.0953125
3 0.55 0.453125 0.0796875 0.10625
4 0.4203125 0.621875 0.059375 0.0421875
6 0.603125 0.6734375 0.0125 0.078125
2 0.24375 0.6953125 0.059375 0.0625
4 0.65 0.4296875 0.0734375 0.103125
5 0.753125 0.6484375 0.0609375 0.0890625
1 0.646875 0.8109375 0.0515625 0.040625
3 0.7375 0.3828125 0.0796875 0.040625
2 0.8375 0.5203125 0.0484375 0.06875
6 0.8296875 0.653125 0.034375 0.084375