3 0.184375 0.159375 0.078125 0.0765625
3 0.296875 0.1421875 0.1125 0.0625
3 0.3953125 0.13046875 0.046875 0.0953125
2 0.1359375 0.3234375 0.05 0.0671875
6 0.140625 0.4296875 0.0359375 0.0984375
5 0.215625 0.4859375 0.05 0.084375
7 0.2296875 0.5875 0.053125 0.078125
1 0.346875 0.5734375 0.115625 0.0375
3 0.96484375 0.26875 0.0703125 0.05
3 0.96953125 0.3109375 0.0609375 0.046875
2 0.9171875 0.4796875 0.053125 0.0671875
6 0.3328125 0.875 0.03125 0.08125
5 0.28125 0.75 0.0265625 0.0390625
5 0.1703125 0.75625 0.028125 0.0375
2 0.6953125 0.9203125 0.04375 0.0640625