3 0.190625 0.146875 0.071875 0.0265625
3 0.178125 0.1796875 0.0921875 0.034375
3 0.1953125 0.23125 0.0734375 0.0546875
3 0.2765625 0.209375 0.04375 0.0390625
3 0.29375 0.2484375 0.0640625 0.0390625
4 0.815625 0.01875 0.071875 0.0375
2 0.634375 0.1203125 0.059375 0.071875
2 0.96875 0.11875 0.046875 0.0671875
5 0.728125 0.190625 0.0421875 0.08125
5 0.9015625 0.209375 0.040625 0.0640625
6 0.6765625 0.35859375 0.059375 0.0828125
6 0.9375 0.3546875 0.040625 0.090625
3 0.7234375 0.540625 0.0875 0.0265625
3 0.65625 0.5515625 0.05 0.0328125