2 0.1875 0.1171875 0.0671875 0.0625
4 0.3921875 0.1171875 0.0390625 0.046875
5 0.40625 0.3 0.0390625 0.075
2 0.9921875 0.21796875 0.015625 0.0390625
2 0.5359375 0.62109375 0.028125 0.0484375
2 0.3015625 0.640625 0.034375 0.0375
5 0.4765625 0.7140625 0.04375 0.0390625
5 0.3359375 0.725 0.028125 0.028125
4 0.4015625 0.625 0.0375 0.0359375
4 0.39765625 0.59375 0.0328125 0.028125
3 0.6859375 0.6859375 0.20625 0.0453125
4 0.628125 0.7625 0.0296875 0.0375
2 0.796875 0.8203125 0.0296875 0.0609375
5 0.56484375 0.92421875 0.0296875 0.0828125
5 0.7296875 0.9421875 0.046875 0.084375
3 0.66875 0.6359375 0.1625 0.0390625