3 0.0421875 0.025 0.0484375 0.025
3 0.0671875 0.0546875 0.0625 0.0265625
3 0.11875 0.0375 0.0625 0.0265625
3 0.11015625 0.01015625 0.0734375 0.0203125
3 0.184375 0.0109375 0.059375 0.021875
3 0.1890625 0.034375 0.0765625 0.0375
3 0.2375 0.0609375 0.046875 0.03125
2 0.2578125 0.121875 0.040625 0.0484375
2 0.0171875 0.140625 0.034375 0.0375
5 0.1921875 0.2140625 0.04375 0.0390625
5 0.0515625 0.225 0.028125 0.028125
4 0.1171875 0.125 0.0375 0.0359375
4 0.1140625 0.090625 0.0328125 0.0359375
2 0.68125 0.178125 0.034375 0.0390625
5 0.609375 0.2265625 0.0296875 0.0453125
5 0.5 0.2390625 0.0375 0.059375
6 0.478125 0.2890625 0.04375 0.0640625
6 0.6484375 0.3 0.025 0.0765625
3 0.2828125 0.60703125 0.034375 0.0296875
2 0.271875 0.6953125 0.0328125 0.04375
3 0.5671875 0.7984375 0.08125 0.034375
3 0.4875 0.771875 0.075 0.034375
3 0.73125 0.84375 0.0859375 0.040625