3 0.090625 0.0703125 0.0484375 0.025
3 0.115625 0.1 0.0625 0.0265625
3 0.1671875 0.0828125 0.0625 0.0265625
3 0.159375 0.0515625 0.0734375 0.028125
3 0.2328125 0.053125 0.059375 0.0296875
3 0.2375 0.0796875 0.0765625 0.0375
3 0.27578125 0.10625 0.0265625 0.03125
2 0.065625 0.1859375 0.034375 0.0375
5 0.240625 0.259375 0.04375 0.0390625
5 0.1 0.2703125 0.028125 0.028125
4 0.165625 0.1703125 0.0375 0.0359375
4 0.1625 0.1359375 0.0328125 0.0359375
3 0.4875 0.3984375 0.06875 0.0390625
3 0.534375 0.3765625 0.05625 0.0375
2 0.5515625 0.5109375 0.0375 0.040625
3 0.425 0.3921875 0.0390625 0.0578125
3 0.1203125 0.6734375 0.071875 0.084375
3 0.24609375 0.72734375 0.0859375 0.0671875
3 0.765625 0.6625 0.0875 0.0484375
4 0.8 0.71875 0.025 0.0359375
2 0.91875 0.7859375 0.028125 0.0375
2 0.6859375 0.7890625 0.0296875 0.0375
5 0.8828125 0.85625 0.053125 0.05625
5 0.7328125 0.85625 0.046875 0.065625
7 0.8859375 0.925 0.0296875 0.0453125
6 0.9234375 0.934375 0.0171875 0.0609375
7 0.7296875 0.9203125 0.0234375 0.040625