3 0.4546875 0.1328125 0.0484375 0.025
3 0.4796875 0.1625 0.0625 0.0265625
3 0.53125 0.1453125 0.0625 0.0265625
3 0.5234375 0.1140625 0.0734375 0.028125
3 0.596875 0.115625 0.059375 0.0296875
3 0.6015625 0.1421875 0.0765625 0.0375
3 0.65 0.16875 0.046875 0.03125
2 0.6703125 0.2296875 0.040625 0.0484375
2 0.4296875 0.2484375 0.034375 0.0375
5 0.6046875 0.321875 0.04375 0.0390625
5 0.4640625 0.3328125 0.028125 0.028125
4 0.5296875 0.2328125 0.0375 0.0359375
4 0.5265625 0.1984375 0.0328125 0.0359375
4 0.9328125 0.2234375 0.04375 0.040625
2 0.7890625 0.278125 0.040625 0.053125
5 0.8671875 0.3640625 0.0328125 0.05625
3 0.3109375 0.7671875 0.08125 0.034375
3 0.23125 0.740625 0.075 0.034375
3 0.475 0.8125 0.0859375 0.040625
7 0.834375 0.6375 0.040625 0.0375