2 0.1546875 0.0984375 0.040625 0.0421875
4 0.0109375 0.0234375 0.01875 0.046875
4 0.03125 0.03125 0.0203125 0.05
8 0.878125 0.2234375 0.0203125 0.0484375
8 0.928125 0.2265625 0.03125 0.0515625
2 0.31875 0.45625 0.0609375 0.090625
6 0.2734375 0.5953125 0.053125 0.1
5 0.203125 0.6015625 0.0375 0.06875
0 0.03125 0.4671875 0.0625 0.06875
1 0.140625 0.7625 0.0515625 0.084375
0 0.14375 0.44375 0.0328125 0.0671875
0 0.0875 0.440625 0.0578125 0.0546875
3 0.528125 0.54765625 0.1375 0.0296875
4 0.5078125 0.6234375 0.04375 0.0421875
7 0.615625 0.8015625 0.025 0.0359375