2 0.41875 0.19375 0.03125 0.046875
2 0.6796875 0.209375 0.0421875 0.0484375
4 0.534375 0.1609375 0.05625 0.053125
3 0.5390625 0.065625 0.053125 0.0671875
6 0.409375 0.8953125 0.03125 0.08125
5 0.3578125 0.7703125 0.0265625 0.0390625
5 0.246875 0.7765625 0.028125 0.0375
4 0.278125 0.6453125 0.015625 0.0359375
4 0.3109375 0.64375 0.0203125 0.04375
2 0.16875 0.703125 0.028125 0.034375
5 0.75078125 0.49375 0.0453125 0.028125
6 0.7328125 0.54375 0.04375 0.065625
6 0.98828125 0.540625 0.0234375 0.090625