2 0.2375 0.1171875 0.03125 0.046875
2 0.48125 0.1515625 0.040625 0.0421875
4 0.3375 0.075 0.01875 0.05
4 0.3578125 0.084375 0.0203125 0.05
3 0.35625 0.00703125 0.028125 0.0140625
5 0.60078125 0.2625 0.0234375 0.0625
7 0.6265625 0.4171875 0.0296875 0.0765625
2 0.08125 0.5984375 0.053125 0.0609375
2 0.5140625 0.603125 0.059375 0.075
3 0.65625 0.6546875 0.0640625 0.0515625
3 0.7203125 0.659375 0.046875 0.065625
3 0.7796875 0.6625 0.0578125 0.05
2 0.6140625 0.746875 0.0296875 0.034375
2 0.809375 0.7609375 0.0296875 0.0515625
5 0.7703125 0.8640625 0.021875 0.053125
5 0.659375 0.8421875 0.0515625 0.0640625
1 0.715625 0.934375 0.04375 0.0296875