4 0.02109375 0.12578125 0.0421875 0.1046875
2 0.25 0.2203125 0.0890625 0.08125
6 0.2390625 0.415625 0.0671875 0.0765625
3 0.109375 0.05625 0.0765625 0.084375
3 0.65 0.21953125 0.0421875 0.040625
3 0.69609375 0.23203125 0.0359375 0.04609375
3 0.5078125 0.715625 0.11875 0.0296875
3 0.625 0.715625 0.0859375 0.028125
4 0.559375 0.8109375 0.034375 0.0234375
5 0.45625 0.9609375 0.034375 0.06875
2 0.6890625 0.8421875 0.046875 0.0515625
3 0.5984375 0.7453125 0.05625 0.0203125
3 0.4640625 0.759375 0.08125 0.025