4 0.0078125 0.15546875 0.015625 0.1046875
2 0.2234375 0.25 0.0890625 0.08125
6 0.2125 0.4453125 0.0671875 0.0765625
3 0.0828125 0.0859375 0.0765625 0.084375
3 0.728125 0.0859375 0.1 0.040625
3 0.8640625 0.0875 0.109375 0.028125
3 0.6640625 0.128125 0.040625 0.0375
4 0.83125 0.196875 0.0546875 0.0453125
2 0.6640625 0.2484375 0.046875 0.065625
7 0.7203125 0.4390625 0.0390625 0.0921875
7 0.98828125 0.43359375 0.0234375 0.0609375
1 0.8515625 0.5046875 0.11875 0.028125
4 0.7546875 0.7515625 0.0734375 0.08125
2 0.959375 0.8359375 0.0765625 0.0734375
2 0.525 0.84375 0.08125 0.0625
5 0.61171875 0.98984375 0.0671875 0.0203125
5 0.875 0.984375 0.08125 0.03125
3 0.56875 0.63125 0.0890625 0.05
3 0.6234375 0.66875 0.121875 0.059375
3 0.7671875 0.678125 0.121875 0.0609375
3 0.90625 0.678125 0.1109375 0.05
3 0.709375 0.61875 0.15 0.0515625
3 0.840625 0.6171875 0.0671875 0.0453125
3 0.94375 0.6546875 0.1 0.059375
4 0.746875 0.8 0.059375 0.040625