4 0.290625 0.0828125 0.03125 0.028125
5 0.284375 0.1828125 0.028125 0.06875
5 0.3578125 0.1609375 0.0390625 0.0546875
4 0.9125 0.0546875 0.025 0.0828125
4 0.9625 0.0734375 0.0234375 0.071875
2 0.6875 0.1375 0.0421875 0.0546875
5 0.98828125 0.29921875 0.0234375 0.0828125
5 0.775 0.284375 0.0921875 0.059375
6 0.678125 0.340625 0.025 0.065625
4 0.36875 0.48125 0.075 0.05
2 0.1546875 0.540625 0.059375 0.0765625
5 0.221875 0.73125 0.0265625 0.059375
7 0.253125 0.8125 0.04375 0.05625
5 0.5484375 0.565625 0.078125 0.071875
6 0.6234375 0.6296875 0.0296875 0.1125