4 0.7265625 0.07651245551601424 0.0203125 0.04092526690391459
2 0.5984375 0.12633451957295375 0.0203125 0.037366548042704624
2 0.8234375 0.1601423487544484 0.034375 0.05338078291814947
5 0.778125 0.27402135231316727 0.0421875 0.06583629893238434
5 0.6203125 0.2597864768683274 0.0484375 0.07295373665480427
7 0.0171875 0.7268683274021353 0.034375 0.05516014234875445
6 0.065625 0.7295373665480427 0.021875 0.09608540925266904
2 0.6265625 0.5871886120996441 0.0421875 0.0498220640569395
6 0.66875 0.6601423487544484 0.0390625 0.05516014234875445
6 0.65625 0.7330960854092526 0.021875 0.0693950177935943
5 0.584375 0.6637010676156584 0.053125 0.04092526690391459
3 0.4984375 0.5071174377224199 0.046875 0.02491103202846975
3 0.5484375 0.46441281138790036 0.0640625 0.026690391459074734
3 0.48125 0.4822064056939502 0.0546875 0.023131672597864767
3 0.4375 0.501779359430605 0.0359375 0.046263345195729534
3 0.5796875 0.4430604982206406 0.0609375 0.021352313167259787
3 0.446875 0.4626334519572954 0.046875 0.03202846975088968