2 0.01171875 0.17421875 0.0234375 0.0421875
4 0.6921875 0.15703125 0.0765625 0.04609375
5 0.53671875 0.26328125 0.096875 0.053125
5 0.75390625 0.284375 0.05234375 0.05
7 0.50546875 0.32421875 0.06171875 0.05546875
7 0.74453125 0.35 0.04453125 0.0453125
0 0.684375 0.21875 0.0671875 0.0296875
3 0.278125 0.78125 0.084375 0.0625
2 0.2890625 0.915625 0.059375 0.0625
3 0.534375 0.6375 0.0296875 0.05
3 0.575 0.646875 0.0375 0.0484375
3 0.6234375 0.6609375 0.0453125 0.0453125
5 0.51875 0.8109375 0.04375 0.05625
7 0.478125 0.875 0.021875 0.04375
5 0.596875 0.8625 0.021875 0.0640625
6 0.453125 0.884375 0.0234375 0.075