4 0.24921875 0.01015625 0.0734375 0.0203125
2 0.03046875 0.071875 0.0609375 0.0625
5 0.1078125 0.253125 0.0671875 0.090625
5 0.34453125 0.2546875 0.0296875 0.115625
1 0.16875 0.4 0.0390625 0.0546875
1 0.3140625 0.3984375 0.04375 0.0515625
6 0.0515625 0.35625 0.059375 0.125
4 0.2421875 0.028125 0.059375 0.040625
3 0.38671875 0.06796875 0.0546875 0.0296875
3 0.3875 0.03125 0.05625 0.04375
3 0.4765625 0.05625 0.08125 0.0578125
3 0.47578125 0.01953125 0.0859375 0.0390625
3 0.590625 0.0625 0.0609375 0.0421875
5 0.59375 0.3203125 0.0703125 0.0953125
5 0.3875 0.334375 0.05625 0.08125
3 0.7546875 0.6046875 0.090625 0.0546875
3 0.65 0.6265625 0.0953125 0.0546875
3 0.5421875 0.65625 0.1078125 0.0640625
5 0.609375 0.903125 0.0421875 0.0828125
5 0.7875 0.8859375 0.059375 0.078125
2 0.8203125 0.7421875 0.0546875 0.065625
2 0.5171875 0.815625 0.0546875 0.046875
4 0.634375 0.7125 0.0359375 0.059375