2 0.25546875 0.00546875 0.0578125 0.0109375
5 0.3421875 0.07890625 0.015625 0.0859375
3 0.7296875 0.0859375 0.0515625 0.040625
2 0.6625 0.215625 0.0359375 0.0578125
2 0.940625 0.209375 0.03125 0.0671875
5 0.8765625 0.2984375 0.0546875 0.0703125
5 0.721875 0.303125 0.04375 0.0546875
7 0.9015625 0.3671875 0.025 0.05
7 0.7046875 0.365625 0.0359375 0.0625
2 0.8 0.5640625 0.0671875 0.0546875
4 0.603125 0.55625 0.0515625 0.046875
6 0.8140625 0.653125 0.065625 0.090625
7 0.7953125 0.765625 0.046875 0.096875
5 0.73125 0.6875 0.065625 0.0609375
5 0.5609375 0.7265625 0.0359375 0.053125
7 0.5765625 0.8015625 0.0453125 0.0671875