3 0.0953125 0.1171875 0.0515625 0.05625
3 0.1671875 0.140625 0.0703125 0.059375
3 0.25 0.153125 0.084375 0.0640625
3 0.328125 0.153125 0.053125 0.05625
2 0.3109375 0.25625 0.0546875 0.0625
5 0.21875 0.365625 0.05625 0.08125
3 0.8 0.2453125 0.0921875 0.0375
3 0.9375 0.2296875 0.0703125 0.0375
2 0.6875 0.375 0.0703125 0.0703125
5 0.7921875 0.47109375 0.0625 0.0765625
5 0.9765625 0.47578125 0.04375 0.0671875
1 0.4 0.9625 0.10625 0.040625
3 0.4484375 0.6859375 0.1546875 0.05625
2 0.934375 0.6125 0.05625 0.0734375
2 0.5578125 0.6390625 0.0375 0.084375
4 0.7296875 0.53125 0.0375 0.04375
5 0.8546875 0.7296875 0.09375 0.1234375
5 0.6140625 0.7625 0.059375 0.1171875
7 0.61875 0.86875 0.0578125 0.084375
7 0.9015625 0.865625 0.0546875 0.1
1 0.90234375 0.96484375 0.0421875 0.0703125
1 0.7453125 0.9390625 0.1296875 0.0421875
1 0.6296875 0.96171875 0.065625 0.0765625