2 0.3109375 0.16666666666666666 0.0390625 0.06807511737089202
5 0.3859375 0.28169014084507044 0.0390625 0.11032863849765258
5 0.5046875 0.27816901408450706 0.028125 0.10093896713615023
7 0.3734375 0.41431924882629106 0.040625 0.04929577464788732
2 0.696875 0.2347417840375587 0.0390625 0.07042253521126761
4 0.33515625 0.47300469483568075 0.0296875 0.06807511737089202
2 0.5125 0.5669014084507042 0.0125 0.05868544600938967
6 0.5125 0.778169014084507 0.0125 0.11502347417840375
5 0.2578125 0.7816901408450704 0.0421875 0.07981220657276995
5 0.4484375 0.7934272300469484 0.0515625 0.11267605633802817
2 0.15625 0.5657276995305164 0.0375 0.07746478873239436
2 0.5765625 0.6995305164319249 0.0375 0.046948356807511735
5 0.6046875 0.8169014084507042 0.046875 0.07042253521126761
5 0.6984375 0.8427230046948356 0.025 0.08450704225352113
3 0.65625 0.5539906103286385 0.0734375 0.04460093896713615