3 0.23359375 0.08828125 0.046875 0.03125
3 0.24453125 0.04140625 0.0375 0.03515625
2 0.18125 0.2375 0.0203125 0.05703125
5 0.22109375 0.33359375 0.0203125 0.0921875
5 0.28828125 0.33203125 0.0234375 0.084375
7 0.2984375 0.44765625 0.01796875 0.0625
7 0.2140625 0.4578125 0.021875 0.06484375
3 0.28984375 0.0921875 0.0296875 0.03359375
4 0.825 0.13125 0.0265625 0.04375
4 0.865625 0.1265625 0.0359375 0.040625
3 0.809375 0.05625 0.059375 0.0265625
3 0.890625 0.059375 0.0640625 0.0265625
3 0.80625 0.084375 0.065625 0.03125
3 0.8921875 0.084375 0.0640625 0.028125
2 0.953125 0.18125 0.0359375 0.0375
2 0.7484375 0.165625 0.0390625 0.0265625
5 0.759375 0.21875 0.0375 0.0359375
5 0.909375 0.24375 0.028125 0.046875
5 0.53984375 0.80859375 0.0203125 0.0671875