3 0.3796875 0.05546875 0.0546875 0.07578125
3 0.41796875 0.14453125 0.0203125 0.0734375
2 0.41875 0.2109375 0.03359375 0.05546875
5 0.390625 0.35546875 0.03828125 0.0796875
4 0.325 0.15078125 0.0125 0.06015625
3 0.3046875 0.09296875 0.0234375 0.06640625
3 0.7609375 0.16328125 0.0296875 0.03359375
3 0.80234375 0.17109375 0.0390625 0.0453125
3 0.8421875 0.18203125 0.03046875 0.0390625
3 0.74609375 0.20078125 0.02421875 0.03203125
3 0.80234375 0.2140625 0.02890625 0.03203125
3 0.84453125 0.221875 0.028125 0.0359375
4 0.8 0.29296875 0.01875 0.0296875
2 0.859375 0.34921875 0.015625 0.0484375
2 0.7390625 0.3359375 0.01953125 0.05078125
5 0.82890625 0.49375 0.0234375 0.121875
5 0.76015625 0.47890625 0.0265625 0.10546875
6 0.7390625 0.54453125 0.00859375 0.07734375
3 0.8390625 0.909375 0.0515625 0.0265625
3 0.90625 0.8984375 0.046875 0.0359375
3 0.9703125 0.87578125 0.059375 0.0453125
2 0.81875 0.98984375 0.028125 0.0203125