3 0.3046875 0.01796875 0.090625 0.0359375
3 0.36875 0.071875 0.034375 0.0515625
2 0.365625 0.11796875 0.046875 0.0390625
5 0.3234375 0.2203125 0.0640625 0.05625
4 0.2140625 0.0765625 0.0203125 0.0421875
3 0.1796875 0.0359375 0.0390625 0.046875
5 0.66875 0.028125 0.046875 0.05625
5 0.5078125 0.05 0.0359375 0.065625
3 0.02578125 0.43125 0.0515625 0.040625
3 0.15625 0.4375 0.1546875 0.0296875
4 0.0625 0.4984375 0.075 0.04375
5 0.16875 0.7296875 0.059375 0.0921875
7 0.2015625 0.8265625 0.0234375 0.059375
3 0.6390625 0.7140625 0.1 0.078125
3 0.75625 0.73125 0.059375 0.053125
2 0.85625 0.8671875 0.053125 0.065625
2 0.5125 0.8265625 0.05 0.075
5 0.7609375 0.96953125 0.065625 0.0609375
6 0.509375 0.98359375 0.0375 0.0328125