3 0.1796875 0.17555555555555555 0.0515625 0.08
3 0.25625 0.18222222222222223 0.0796875 0.057777777777777775
5 0.1703125 0.4177777777777778 0.028125 0.09555555555555556
5 0.2890625 0.43333333333333335 0.03125 0.05555555555555555
1 0.2953125 0.5488888888888889 0.03125 0.044444444444444446
1 0.178125 0.5244444444444445 0.0328125 0.07777777777777778
1 0.21875 0.5333333333333333 0.0421875 0.04
4 0.9203125 0.19111111111111112 0.0203125 0.06
4 0.3328125 0.76 0.040625 0.05333333333333334
0 0.36875 0.8177777777777778 0.0265625 0.051111111111111114
6 0.47734375 0.9222222222222223 0.0234375 0.15555555555555556
7 0.45703125 0.95 0.0265625 0.1
5 0.4203125 0.8644444444444445 0.0484375 0.05555555555555555
7 0.32734375 0.9777777777777777 0.0390625 0.044444444444444446
6 0.2859375 0.9611111111111111 0.040625 0.07777777777777778
5 0.60078125 0.6433333333333333 0.0265625 0.028888888888888888
5 0.503125 0.6411111111111111 0.028125 0.024444444444444446