4 0.43125 0.1625 0.015625 0.053125
2 0.2859375 0.23125 0.046875 0.0390625
5 0.3453125 0.325 0.040625 0.06875
7 0.334375 0.4 0.03125 0.05625
4 0.7203125 0.19453125 0.01328125 0.04921875
2 0.6375 0.2375 0.021875 0.04296875
2 0.76796875 0.30546875 0.01484375 0.04140625
5 0.73203125 0.37890625 0.01953125 0.07265625
5 0.65546875 0.3296875 0.03671875 0.06484375
7 0.728125 0.4625 0.0125 0.05390625
3 0.6609375 0.17421875 0.0359375 0.03359375
4 0.721875 0.2328125 0.0140625 0.03515625
3 0.753125 0.2234375 0.01171875 0.03046875
7 0.296875 0.6125 0.0359375 0.0359375
1 0.39375 0.6578125 0.065625 0.040625
6 0.25 0.6359375 0.0375 0.109375
6 0.196875 0.6328125 0.0421875 0.0875
4 0.85625 0.7078125 0.021875 0.053125
6 0.98046875 0.92578125 0.0390625 0.0578125