4 0.4328125 0.2265625 0.0125 0.053125
2 0.2890625 0.2953125 0.046875 0.0390625
5 0.3484375 0.3890625 0.040625 0.06875
7 0.3375 0.4640625 0.03125 0.05625
4 0.6671875 0.078125 0.0296875 0.071875
4 0.6375 0.0890625 0.025 0.04375
3 0.7296875 0.0125 0.071875 0.025
3 0.7453125 0.0421875 0.0546875 0.0546875
3 0.559375 0.0390625 0.0765625 0.04375
3 0.61796875 0.028125 0.0421875 0.05625
2 0.4984375 0.1546875 0.046875 0.05
5 0.56875 0.25 0.046875 0.0640625
5 0.4125 0.68359375 0.053125 0.0484375
5 0.21484375 0.68359375 0.0546875 0.0484375
6 0.15 0.75 0.053125 0.1046875
5 0.825 0.7796875 0.0390625 0.0375
5 0.7140625 0.778125 0.0546875 0.03125