4 0.5875 0.09636650868878358 0.0359375 0.0315955766192733
2 0.4625 0.06635071090047394 0.0296875 0.0315955766192733
2 0.6859375 0.14691943127962084 0.025 0.02843601895734597
2 0.8234375 0.15955766192733017 0.0453125 0.04739336492890995
5 0.75625 0.27330173775671407 0.0578125 0.06951026856240126
3 0.725 0.542654028436019 0.05 0.07424960505529225
3 0.8078125 0.5339652448657188 0.0984375 0.0631911532385466
4 0.746875 0.6129541864139021 0.034375 0.052132701421800945
5 0.871875 0.7772511848341233 0.090625 0.044233807266982623
5 0.7078125 0.8167456556082149 0.015625 0.053712480252764615
7 0.8796875 0.8467614533965245 0.0296875 0.05055292259083728
7 0.71171875 0.8902053712480252 0.0234375 0.0679304897314376
1 0.8453125 0.9036334913112164 0.0375 0.03317535545023697