4 0.7359375 0.35362997658079626 0.0453125 0.06557377049180328
3 0.83125 0.2529274004683841 0.08125 0.07494145199063232
3 0.665625 0.2459016393442623 0.06875 0.05152224824355972
3 0.709375 0.18501170960187355 0.075 0.0468384074941452
3 0.74375 0.22716627634660422 0.071875 0.06323185011709602
2 0.878125 0.4215456674473068 0.0359375 0.06557377049180328
2 0.5765625 0.3747072599531616 0.04375 0.053864168618266976
8 0.65625 0.6018735362997658 0.0515625 0.06088992974238876
8 0.7734375 0.6217798594847775 0.05 0.053864168618266976
5 0.6328125 0.531615925058548 0.05625 0.09836065573770492
5 0.8015625 0.5644028103044496 0.053125 0.11943793911007025
2 0.875 0.7259953161592506 0.053125 0.07962529274004684
2 0.4734375 0.8384074941451991 0.034375 0.06323185011709602
5 0.84609375 0.977751756440281 0.0546875 0.04449648711943794