3 0.1359375 0.2859375 0.1328125 0.06875
3 0.1359375 0.1921875 0.1265625 0.0828125
3 0.2640625 0.1890625 0.090625 0.1078125
3 0.36640625 0.18359375 0.0859375 0.1296875
4 0.3203125 0.3015625 0.0484375 0.0890625
4 0.28125 0.3171875 0.034375 0.0875
4 0.24375 0.3390625 0.0390625 0.075
4 0.2921875 0.3984375 0.078125 0.0421875
2 0.10625 0.4984375 0.06875 0.05625
5 0.1875 0.5484375 0.05 0.040625
4 0.690625 0.2140625 0.0421875 0.0125
4 0.690625 0.240625 0.0421875 0.0328125
0 0.6734375 0.259375 0.03125 0.034375
2 0.7890625 0.24375 0.03125 0.046875
2 0.5984375 0.2265625 0.0265625 0.0375
5 0.746875 0.315625 0.0375 0.0484375
5 0.6328125 0.2984375 0.040625 0.05
7 0.6171875 0.35 0.015625 0.0421875
6 0.596875 0.3390625 0.025 0.053125
3 0.728125 0.13125 0.0515625 0.021875
6 0.384375 0.8953125 0.04375 0.09375
3 0.55625 0.746875 0.0671875 0.059375
2 0.6890625 0.8234375 0.0546875 0.0546875
5 0.66953125 0.9890625 0.0890625 0.021875
3 0.7203125 0.7015625 0.0921875 0.0390625
4 0.4859375 0.8296875 0.0546875 0.05