3 0.028523489932885907 0.2375 0.05704697986577181 0.06875
3 0.026845637583892617 0.14296875 0.053691275167785234 0.0828125
3 0.12416107382550336 0.140625 0.09731543624161074 0.1078125
3 0.23657718120805368 0.1359375 0.09731543624161074 0.1296875
3 0.33557046979865773 0.171875 0.08053691275167785 0.11875
4 0.18456375838926176 0.253125 0.05201342281879195 0.0890625
4 0.14261744966442952 0.26875 0.03691275167785235 0.0875
4 0.10234899328859061 0.290625 0.04194630872483222 0.075
4 0.15436241610738255 0.35 0.08389261744966443 0.0421875
2 0.37416107382550334 0.328125 0.053691275167785234 0.0453125
4 0.6560402684563759 0.0421875 0.053691275167785234 0.0578125
2 0.5251677852348994 0.1171875 0.03859060402684564 0.0640625
2 0.7936241610738255 0.0953125 0.031879194630872486 0.059375
5 0.5805369127516778 0.1984375 0.053691275167785234 0.046875
5 0.75 0.1703125 0.05201342281879195 0.0453125
1 0.6795302013422819 0.2953125 0.04697986577181208 0.0328125
7 0.5704697986577181 0.2625 0.053691275167785234 0.0546875
7 0.7667785234899329 0.2390625 0.028523489932885907 0.0609375
5 0.37583892617449666 0.459375 0.04697986577181208 0.05625
5 0.2483221476510067 0.4734375 0.040268456375838924 0.075
7 0.401006711409396 0.5390625 0.04194630872483222 0.05625
7 0.2483221476510067 0.5390625 0.03691275167785235 0.0515625
4 0.7315436241610739 0.490625 0.030201342281879196 0.040625
5 0.8221476510067114 0.5859375 0.04865771812080537 0.04375
7 0.8422818791946308 0.6328125 0.03691275167785235 0.05
5 0.714765100671141 0.6171875 0.0436241610738255 0.06875
7 0.7197986577181208 0.6703125 0.04697986577181208 0.0625
2 0.6543624161073825 0.5609375 0.030201342281879196 0.05
3 0.75 0.4515625 0.10738255033557047 0.0359375