3 0.21875 0.25 0.06875 0.0875
3 0.31875 0.253125 0.0921875 0.1
4 0.38515625 0.35703125 0.0484375 0.0796875
2 0.1734375 0.421875 0.06875 0.0609375
5 0.2734375 0.525 0.109375 0.06875
6 0.1578125 0.5125 0.0609375 0.084375
3 0.6375 0.0640625 0.0953125 0.05625
4 0.7640625 0.128125 0.03125 0.0734375
4 0.715625 0.14375 0.0328125 0.0671875
2 0.890625 0.20625 0.040625 0.0515625
2 0.565625 0.1984375 0.04375 0.04375
5 0.6375 0.328125 0.05625 0.0828125
5 0.83125 0.328125 0.0515625 0.103125
1 0.7375 0.471875 0.0953125 0.034375
7 0.834375 0.428125 0.0171875 0.0609375
7 0.640625 0.415625 0.025 0.04375
1 0.6265625 0.4765625 0.0328125 0.0328125
6 0.5765625 0.3671875 0.0375 0.065625
2 0.059375 0.5734375 0.05 0.028125
2 0.4015625 0.6578125 0.015625 0.0625
5 0.109375 0.73125 0.0734375 0.0765625
5 0.309375 0.79375 0.0515625 0.0875
5 0.0640625 0.809375 0.025 0.0484375
5 0.3265625 0.8671875 0.0265625 0.04375
7 0.290625 0.8953125 0.025 0.0578125
4 0.7375 0.97109375 0.03125 0.0578125
4 0.68984375 0.97890625 0.0390625 0.0421875
3 0.825 0.934375 0.0828125 0.0296875
3 0.634375 0.909375 0.0875 0.040625