3 0.034375 0.03203125 0.06875 0.0640625
3 0.15390625 0.02421875 0.1046875 0.0484375
4 0.096875 0.11875 0.0625 0.0796875
2 0.3015625 0.1859375 0.0453125 0.075
5 0.2 0.2984375 0.071875 0.0796875
5 0.01640625 0.28828125 0.0328125 0.0734375
6 0.296875 0.2703125 0.04375 0.0703125
3 0.2328125 0.534375 0.090625 0.0484375
3 0.2328125 0.465625 0.08125 0.0234375
3 0.3125 0.5453125 0.046875 0.0578125
3 0.35390625 0.49453125 0.0703125 0.0296875
4 0.36875 0.64140625 0.040625 0.0578125
2 0.19375 0.6671875 0.053125 0.078125
5 0.2765625 0.771875 0.040625 0.0625
6 0.2046875 0.746875 0.0421875 0.0546875
2 0.559375 0.5015625 0.06875 0.06875
2 0.9046875 0.5109375 0.046875 0.065625
5 0.6671875 0.571875 0.06875 0.075
5 0.8328125 0.578125 0.0375 0.0890625
6 0.9046875 0.678125 0.034375 0.1265625
6 0.6078125 0.759375 0.059375 0.1234375
4 0.75 0.4453125 0.05 0.0375
4 0.725 0.39609375 0.03125 0.0328125
4 0.76875 0.40078125 0.03125 0.0421875