3 0.25 0.0859375 0.06875 0.0875
3 0.35 0.0890625 0.0921875 0.1
3 0.4640625 0.09296875 0.071875 0.0609375
4 0.4234375 0.19375 0.0625 0.0796875
2 0.2046875 0.2578125 0.06875 0.0609375
5 0.3046875 0.3640625 0.109375 0.0734375
6 0.1890625 0.3484375 0.0609375 0.084375
3 0.5265625 0.2046875 0.053125 0.065625
3 0.6296875 0.2015625 0.115625 0.0609375
4 0.5765625 0.259375 0.0203125 0.0328125
2 0.7046875 0.328125 0.025 0.053125
3 0.0921875 0.6703125 0.059375 0.0765625
3 0.171875 0.665625 0.0609375 0.0890625
3 0.2515625 0.665625 0.071875 0.0765625
3 0.3265625 0.6734375 0.065625 0.0796875
2 0.0640625 0.7828125 0.04375 0.059375
2 0.35625 0.784375 0.04375 0.0546875
5 0.29375 0.9046875 0.0390625 0.0671875
5 0.134375 0.903125 0.040625 0.06875
2 0.7046875 0.65 0.046875 0.0625
3 0.5546875 0.50625 0.05625 0.05625
3 0.634375 0.5203125 0.0796875 0.05
3 0.6765625 0.490625 0.0578125 0.0453125
3 0.59921875 0.4640625 0.0703125 0.028125
3 0.525 0.459375 0.05 0.01875
3 0.7015625 0.46796875 0.05 0.0359375
5 0.596875 0.7859375 0.0515625 0.0875
5 0.6140625 0.859375 0.0265625 0.04375
7 0.578125 0.8875 0.025 0.0578125