2 0.1421875 0.221875 0.0546875 0.065625
5 0.7140625 0.2171875 0.0375 0.0515625
5 0.8296875 0.25 0.03125 0.0671875
7 0.68125 0.3140625 0.0265625 0.04375
7 0.8296875 0.3328125 0.021875 0.04375
1 0.75 0.3828125 0.0375 0.0375
4 0.79375 0.1 0.05625 0.0421875
2 0.38046875 0.65078125 0.0265625 0.0234375
5 0.50859375 0.75078125 0.0203125 0.0390625
5 0.4125 0.73125 0.0453125 0.028125
8 0.728125 0.684375 0.14375 0.0515625
5 0.8171875 0.6578125 0.059375 0.0375
5 0.63125 0.66328125 0.040625 0.0484375
7 0.8328125 0.7703125 0.040625 0.0828125
7 0.61875 0.76875 0.03125 0.08125
1 0.6578125 0.8046875 0.0421875 0.071875
1 0.746875 0.815625 0.078125 0.0546875
6 0.8890625 0.7015625 0.0375 0.078125