5 0.0484375 0.271875 0.0515625 0.0875
4 0.60625 0.028125 0.03125 0.0421875
2 0.4421875 0.125 0.0375 0.0453125
5 0.715625 0.2140625 0.0359375 0.0515625
5 0.5234375 0.2703125 0.0390625 0.034375
3 0.1671875 0.8125 0.059375 0.05
3 0.2390625 0.7953125 0.0546875 0.0578125
3 0.3078125 0.7984375 0.05625 0.0828125
3 0.35390625 0.79140625 0.0296875 0.0671875
2 0.1515625 0.9390625 0.0421875 0.053125
2 0.5703125 0.6 0.06875 0.0546875
2 0.98125 0.58671875 0.0375 0.0734375
1 0.9015625 0.978125 0.034375 0.04375
1 0.6640625 0.934375 0.0328125 0.0640625