3 0.284375 0.0625 0.10625 0.0265625
3 0.2984375 0.1125 0.1171875 0.0375
3 0.2453125 0.1625 0.071875 0.0328125
3 0.3640625 0.1390625 0.0734375 0.028125
2 0.1203125 0.2921875 0.0609375 0.05625
2 0.49140625 0.271875 0.0359375 0.06875
6 0.15703125 0.49140625 0.0546875 0.0546875
6 0.4984375 0.46875 0.021875 0.1
3 0.84375 0.065625 0.0921875 0.0359375
3 0.70625 0.071875 0.1015625 0.0359375
2 0.1703125 0.90625 0.03125 0.05
5 0.39765625 0.99296875 0.0515625 0.0140625
5 0.234375 0.98828125 0.05 0.0234375
5 0.803125 0.6640625 0.0890625 0.0671875
6 0.89375 0.7375 0.0640625 0.171875
6 0.98359375 0.73828125 0.0328125 0.1015625