3 0.125 0.0140625 0.10625 0.0265625
3 0.1390625 0.0640625 0.1171875 0.0375
3 0.0859375 0.1140625 0.071875 0.0328125
3 0.2046875 0.090625 0.0734375 0.028125
2 0.3390625 0.2234375 0.05 0.06875
6 0.346875 0.4046875 0.0375 0.06875
3 0.8421875 0.03515625 0.1375 0.0703125
3 0.96640625 0.04296875 0.0671875 0.0859375
4 0.9234375 0.1359375 0.0375 0.06875
2 0.75625 0.2359375 0.0453125 0.046875
5 0.84921875 0.38203125 0.0578125 0.1140625
3 0.3546875 0.546875 0.065625 0.028125
3 0.52734375 0.63203125 0.0171875 0.0671875
5 0.5375 0.859375 0.0375 0.065625
7 0.5734375 0.9375 0.0515625 0.059375