4 0.2890625 0.184375 0.053125 0.065625
2 0.1125 0.2703125 0.0515625 0.0625
2 0.4796875 0.25625 0.0328125 0.071875
3 0.3828125 0.1453125 0.084375 0.0328125
3 0.1828125 0.159375 0.090625 0.0359375
3 0.3015625 0.115625 0.1046875 0.0375
3 0.4140625 0.1265625 0.0859375 0.0546875
2 0.8328125 0.115625 0.0640625 0.084375
5 0.9046875 0.2578125 0.1296875 0.0734375
4 0.290625 0.5671875 0.02578125 0.01328125
4 0.290625 0.59453125 0.02578125 0.034375
0 0.2796875 0.6140625 0.01875 0.0359375
2 0.35 0.59765625 0.01875 0.0484375
2 0.234375 0.58046875 0.01640625 0.0390625
5 0.325 0.67265625 0.02265625 0.05
5 0.25546875 0.6546875 0.025 0.0515625
7 0.2453125 0.7078125 0.009375 0.04375
6 0.23359375 0.696875 0.015625 0.05546875
3 0.31328125 0.48125 0.03125 0.02265625
2 0.65625 0.546875 0.05625 0.0484375
2 0.9640625 0.5421875 0.0453125 0.0453125
6 0.6546875 0.6484375 0.046875 0.0734375