4 0.15 0.3859375 0.053125 0.065625
2 0.33984375 0.45078125 0.0328125 0.0578125
3 0.24375 0.346875 0.084375 0.0328125
3 0.04453125 0.36015625 0.0890625 0.0359375
3 0.1625 0.3171875 0.1046875 0.0375
3 0.275 0.328125 0.0859375 0.0546875
3 0.55625 0.01953125 0.059375 0.0390625
3 0.62734375 0.0125 0.0546875 0.025
3 0.696875 0.0203125 0.05625 0.040625
3 0.76328125 0.01328125 0.0703125 0.0265625
2 0.834375 0.090625 0.0375 0.0515625
2 0.540625 0.140625 0.0421875 0.053125
5 0.78125 0.2171875 0.053125 0.0671875
5 0.625 0.2359375 0.0375 0.0625
3 0.1171875 0.5171875 0.084375 0.0609375
3 0.2375 0.528125 0.084375 0.0578125
5 0.0984375 0.6890625 0.059375 0.0578125
5 0.234375 0.696875 0.05 0.0625
6 0.059375 0.753125 0.0296875 0.059375
3 0.96875 0.64375 0.0625 0.096875