5 0.09296875 0.01953125 0.0859375 0.0390625
5 0.28125 0.02421875 0.04375 0.0484375
7 0.0640625 0.121875 0.0390625 0.084375
7 0.2875 0.153125 0.0359375 0.06875
3 0.7578125 0.0625 0.0578125 0.0390625
3 0.828125 0.05 0.05 0.040625
3 0.8859375 0.0453125 0.0453125 0.0515625
2 0.7140625 0.1640625 0.040625 0.0296875
2 0.934375 0.1578125 0.03125 0.0328125
5 0.884375 0.2359375 0.0328125 0.046875
5 0.775 0.2421875 0.0328125 0.053125
4 0.2984375 0.5296875 0.0171875 0.0453125
4 0.3265625 0.528125 0.0265625 0.0484375
3 0.3921875 0.465625 0.053125 0.021875
3 0.2453125 0.465625 0.0546875 0.0296875
5 0.38125 0.6234375 0.05 0.05
5 0.2546875 0.6453125 0.034375 0.065625
7 0.3984375 0.703125 0.025 0.0578125
5 0.2390625 0.70625 0.01875 0.0453125
7 0.259375 0.7265625 0.0296875 0.0515625
1 0.2921875 0.721875 0.021875 0.0328125
5 0.41875 0.678125 0.0265625 0.0484375
2 0.425 0.559375 0.0359375 0.0515625
2 0.2171875 0.565625 0.0234375 0.0328125
3 0.3859375 0.4921875 0.053125 0.021875
3 0.71640625 0.4546875 0.02265625 0.075
3 0.73515625 0.38984375 0.02890625 0.05390625
3 0.82421875 0.39140625 0.03984375 0.046875
5 0.7640625 0.70546875 0.01484375 0.11875
5 0.8296875 0.659375 0.015625 0.06640625
7 0.76640625 0.80078125 0.015625 0.0609375
7 0.84140625 0.759375 0.01796875 0.04140625