3 0.228125 0.1671875 0.071875 0.1046875
3 0.321875 0.1765625 0.096875 0.0765625
3 0.4453125 0.1734375 0.125 0.071875
3 0.54140625 0.16640625 0.0359375 0.0859375
4 0.4125 0.265625 0.0390625 0.0875
2 0.1984375 0.3296875 0.0546875 0.053125
0 0.4234375 0.3703125 0.0375 0.0546875
2 0.715625 0.2421875 0.046875 0.0625
3 0.5765625 0.0984375 0.034375 0.05625
3 0.6453125 0.1125 0.0796875 0.05
3 0.6875 0.0828125 0.0578125 0.0453125
3 0.6109375 0.05 0.0703125 0.040625
3 0.7125 0.05625 0.05 0.0453125
5 0.6078125 0.378125 0.0515625 0.0875
3 0.5375 0.48984375 0.04375 0.0328125
4 0.55234375 0.5640625 0.0140625 0.05
5 0.440625 0.69375 0.05625 0.0671875
3 0.62734375 0.640625 0.1359375 0.0375
3 0.6390625 0.6 0.159375 0.03125
3 0.66875 0.565625 0.1515625 0.0296875
3 0.6578125 0.5296875 0.096875 0.03125
4 0.5875 0.696875 0.0328125 0.0515625
2 0.8 0.71875 0.053125 0.0453125
5 0.734375 0.8234375 0.0734375 0.046875