4 0.26015625 0.03671875 0.0390625 0.0734375
2 0.046875 0.09375 0.0546875 0.053125
2 0.45 0.090625 0.04375 0.06875
5 0.13515625 0.203125 0.0546875 0.03125
0 0.271875 0.134375 0.0375 0.0546875
2 0.6515625 0.1171875 0.021875 0.0375
5 0.7859375 0.1625 0.040625 0.05
5 0.6796875 0.1796875 0.0296875 0.0484375
7 0.80703125 0.20859375 0.0234375 0.0203125
2 0.8265625 0.109375 0.0265625 0.05
3 0.759375 0.01875 0.053125 0.0265625
3 0.6921875 0.021875 0.0453125 0.021875
3 0.721875 0.04375 0.053125 0.0265625
3 0.128125 0.33125 0.0640625 0.0609375
3 0.2140625 0.33125 0.078125 0.059375
3 0.3 0.3375 0.0765625 0.0640625
3 0.375 0.35 0.0578125 0.0625
4 0.2234375 0.3796875 0.028125 0.0546875
6 0.309375 0.54375 0.0546875 0.046875
6 0.1359375 0.5296875 0.0453125 0.059375
4 0.721875 0.4390625 0.01953125 0.071875
2 0.8078125 0.48828125 0.02578125 0.07734375