3 0.265625 0.0671875 0.071875 0.1046875
3 0.359375 0.0765625 0.096875 0.0765625
3 0.4828125 0.0734375 0.125 0.071875
3 0.5953125 0.06640625 0.06875 0.0859375
4 0.45 0.165625 0.0390625 0.0875
2 0.2359375 0.2296875 0.0546875 0.053125
2 0.6234375 0.2265625 0.0125 0.06875
5 0.32421875 0.36640625 0.0546875 0.0859375
5 0.57109375 0.3953125 0.0546875 0.028125
0 0.4609375 0.2703125 0.0375 0.0546875
3 0.2828125 0.634375 0.1328125 0.0390625
4 0.98125 0.63125 0.0203125 0.0359375
5 0.934375 0.7734375 0.0359375 0.06875