3 0.196875 0.0703125 0.06875 0.0515625
3 0.29375 0.090625 0.1109375 0.05
4 0.34296875 0.14921875 0.0140625 0.0453125
4 0.3109375 0.16875 0.0453125 0.046875
5 0.2484375 0.31875 0.0515625 0.1046875
2 0.175 0.203125 0.053125 0.046875
4 0.5484375 0.1375 0.0296875 0.071875
4 0.51875 0.1484375 0.025 0.04375
3 0.6109375 0.065625 0.071875 0.0390625
3 0.6265625 0.1015625 0.0546875 0.0546875
3 0.440625 0.0984375 0.0765625 0.04375
3 0.5 0.084375 0.0421875 0.0625
2 0.3796875 0.2140625 0.046875 0.05
5 0.45 0.309375 0.046875 0.0640625
2 0.184375 0.7515625 0.0609375 0.05625
6 0.22109375 0.96171875 0.0546875 0.0765625
4 0.5578125 0.8875 0.0171875 0.0390625
5 0.61875 0.9921875 0.034375 0.015625
5 0.5015625 0.98828125 0.0375 0.0234375
2 0.6625 0.953125 0.03125 0.0296875
2 0.4609375 0.94375 0.025 0.03125