2 0.3375 0.24375 0.0359375 0.040625
4 0.4515625 0.2359375 0.0328125 0.040625
3 0.390625 0.19375 0.0515625 0.03125
3 0.4140625 0.15625 0.05 0.03125
3 0.465625 0.1734375 0.0328125 0.0484375
3 0.5046875 0.18125 0.028125 0.05625
3 0.4421875 0.1984375 0.025 0.0296875
6 0.334375 0.2921875 0.0390625 0.03125
5 0.3640625 0.321875 0.0359375 0.0375
5 0.49375 0.3359375 0.034375 0.034375
3 0.73671875 0.203125 0.01953125 0.0140625
3 0.703125 0.20546875 0.0203125 0.0140625
4 0.72109375 0.23125 0.01171875 0.02578125
5 0.73828125 0.3203125 0.0140625 0.034375
5 0.70390625 0.32734375 0.0109375 0.03125
3 0.18125 0.678125 0.0375 0.0453125
3 0.2265625 0.671875 0.0375 0.05625
3 0.278125 0.66875 0.04375 0.053125
3 0.334375 0.678125 0.046875 0.040625
4 0.2125 0.7328125 0.0203125 0.034375
4 0.2640625 0.73125 0.025 0.0359375
5 0.353125 0.903125 0.053125 0.053125
3 0.5703125 0.6765625 0.0484375 0.05625
3 0.66875 0.69375 0.065625 0.0484375
3 0.7671875 0.6953125 0.090625 0.0703125
5 0.5828125 0.97578125 0.0375 0.0484375