2 0.2125 0.22943722943722944 0.0359375 0.05627705627705628
4 0.3265625 0.21861471861471862 0.0328125 0.05627705627705628
3 0.265625 0.16017316017316016 0.0515625 0.04329004329004329
3 0.2890625 0.10822510822510822 0.05 0.04329004329004329
3 0.340625 0.13203463203463203 0.0328125 0.0670995670995671
3 0.3171875 0.16666666666666666 0.025 0.04112554112554113
5 0.6859375 0.10606060606060606 0.0359375 0.08874458874458875
5 0.8296875 0.13203463203463203 0.0328125 0.08874458874458875
3 0.159375 0.48484848484848486 0.059375 0.02813852813852814
7 0.296875 0.9783549783549783 0.015625 0.04329004329004329
3 0.9296875 0.6060606060606061 0.05625 0.06277056277056277
3 0.98203125 0.6341991341991342 0.0359375 0.06926406926406926