2 0.4984375 0.1 0.0359375 0.040625
4 0.60703125 0.0921875 0.0234375 0.040625
3 0.5515625 0.05 0.0515625 0.03125
3 0.575 0.0140625 0.05 0.028125
3 0.6140625 0.02890625 0.009375 0.0484375
3 0.603125 0.0546875 0.025 0.0296875
6 0.4953125 0.1484375 0.0390625 0.03125
5 0.525 0.178125 0.0359375 0.0375
3 0.2390625 0.6453125 0.0890625 0.040625
3 0.4359375 0.6390625 0.121875 0.05
3 0.45 0.6125 0.0984375 0.053125
3 0.328125 0.646875 0.0546875 0.078125
7 0.4625 0.9625 0.03125 0.075
3 0.6390625 0.496875 0.040625 0.0875
3 0.725 0.5 0.0921875 0.1
3 0.85625 0.5046875 0.1046875 0.0609375
4 0.7984375 0.6046875 0.0625 0.0796875
2 0.98984375 0.671875 0.0203125 0.075
5 0.9015625 0.784375 0.071875 0.0796875
5 0.6796875 0.775 0.109375 0.0734375
6 0.98828125 0.75546875 0.0234375 0.0703125