3 0.159375 0.1640625 0.059375 0.0765625
3 0.2390625 0.159375 0.0609375 0.0890625
3 0.31875 0.159375 0.071875 0.0765625
3 0.39375 0.1671875 0.065625 0.0796875
2 0.13125 0.2765625 0.04375 0.059375
2 0.4234375 0.278125 0.04375 0.0546875
5 0.3609375 0.3984375 0.0390625 0.0671875
5 0.2015625 0.396875 0.040625 0.06875
4 0.88125 0.121875 0.0171875 0.046875
4 0.909375 0.1265625 0.021875 0.0375
4 0.8609375 0.1125 0.021875 0.046875
5 0.9625 0.2578125 0.04375 0.0625
5 0.81875 0.2625 0.0453125 0.0703125
2 0.01484375 0.79296875 0.0296875 0.0421875
2 0.453125 0.8890625 0.053125 0.078125
4 0.2625 0.80625 0.05625 0.028125
4 0.24375 0.721875 0.025 0.0765625
4 0.3 0.7390625 0.0265625 0.06875
5 0.1140625 0.9515625 0.0796875 0.0828125
5 0.346875 0.98515625 0.059375 0.0296875
3 0.9078125 0.7 0.0625 0.040625
3 0.975 0.6796875 0.040625 0.053125
2 0.89375 0.8140625 0.05 0.0296875