2 0.0734375 0.0578125 0.04375 0.059375
2 0.365625 0.059375 0.04375 0.0546875
5 0.303125 0.1796875 0.0390625 0.0671875
5 0.14375 0.178125 0.040625 0.06875
4 0.75390625 0.01015625 0.0328125 0.0203125
4 0.71171875 0.0203125 0.0453125 0.040625
5 0.65 0.1671875 0.0515625 0.1046875
5 0.8046875 0.1703125 0.0375 0.1140625
2 0.5765625 0.0515625 0.053125 0.046875
2 0.8703125 0.0453125 0.0390625 0.0453125
3 0.103125 0.559375 0.0203125 0.04140625
3 0.125 0.55 0.015625 0.04765625
3 0.1453125 0.5625 0.0203125 0.03515625
3 0.1765625 0.59140625 0.015625 0.05078125
3 0.16171875 0.57734375 0.01328125 0.05703125
5 0.096875 0.75625 0.0171875 0.04453125
5 0.15625 0.778125 0.0140625 0.05078125
3 0.7984375 0.6078125 0.059375 0.0171875
2 0.7625 0.6953125 0.0203125 0.028125
5 0.7953125 0.7546875 0.04375 0.0296875
5 0.903125 0.75 0.0328125 0.0390625
7 0.9296875 0.821875 0.0265625 0.05
7 0.790625 0.821875 0.0265625 0.053125
3 0.9203125 0.59375 0.0375 0.0375