3 0.0609375 0.10625 0.059375 0.0765625
3 0.140625 0.1015625 0.0609375 0.0890625
3 0.2203125 0.1015625 0.071875 0.0765625
3 0.2953125 0.109375 0.065625 0.0796875
2 0.0328125 0.21875 0.04375 0.059375
2 0.325 0.2203125 0.04375 0.0546875
5 0.2625 0.340625 0.0390625 0.0671875
5 0.103125 0.3390625 0.040625 0.06875
2 0.5265625 0.3765625 0.0484375 0.0484375
2 0.8453125 0.365625 0.0453125 0.04375
5 0.7859375 0.440625 0.078125 0.05625
5 0.58671875 0.45390625 0.0578125 0.0296875
7 0.00625 0.790625 0.0125 0.05
3 0.0046875 0.5625 0.009375 0.0375
3 0.44765625 0.5921875 0.0765625 0.128125
4 0.68125 0.6109375 0.090625 0.090625
6 0.5734375 0.890625 0.0875 0.0671875
5 0.66796875 0.9328125 0.0640625 0.134375
7 0.92734375 0.98671875 0.0515625 0.0265625
6 0.471875 0.9390625 0.053125 0.1125
3 0.55 0.5140625 0.1078125 0.0515625