4 0.09609375 0.02421875 0.0734375 0.0484375
2 0.3453125 0.0421875 0.065625 0.06875
5 0.2625 0.20625 0.0734375 0.078125
1 0.228125 0.4328125 0.1078125 0.0515625
6 0.38203125 0.1640625 0.0734375 0.1
3 0.5953125 0.1921875 0.028125 0.0515625
2 0.6515625 0.2828125 0.040625 0.0484375
2 0.4265625 0.29921875 0.015625 0.0390625
5 0.4859375 0.3875 0.0375 0.0796875
6 0.653125 0.415625 0.025 0.078125
4 0.2484375 0.5515625 0.0234375 0.065625
4 0.25625 0.609375 0.053125 0.0390625
2 0.1 0.6609375 0.04375 0.04375
7 0.16875 0.9421875 0.046875 0.0703125
1 0.40859375 0.9125 0.0203125 0.04375
1 0.35625 0.909375 0.025 0.0328125
5 0.3796875 0.76875 0.0640625 0.0625
5 0.18125 0.80625 0.0421875 0.0765625
6 0.1328125 0.7171875 0.078125 0.03125
3 0.24921875 0.4875 0.0296875 0.0375
3 0.5625 0.51875 0.0734375 0.0484375
3 0.59375 0.5734375 0.0625 0.0453125
3 0.678125 0.6046875 0.06875 0.05
3 0.6828125 0.565625 0.0875 0.0390625
3 0.771875 0.61875 0.0640625 0.053125
3 0.7546875 0.5765625 0.040625 0.0375
4 0.61875 0.678125 0.034375 0.025
5 0.5234375 0.778125 0.0375 0.0453125