3 0.01875 0.19921875 0.0375 0.0359375
3 0.09375 0.190625 0.071875 0.0390625
3 0.16875 0.2 0.059375 0.0453125
2 0.190625 0.3265625 0.0328125 0.0546875
5 0.0109375 0.39921875 0.021875 0.0546875
5 0.6734375 0.05625 0.05625 0.065625
5 0.55625 0.090625 0.0328125 0.0703125
7 0.71875 0.134375 0.0515625 0.059375
7 0.5734375 0.15625 0.0390625 0.046875
4 0.1578125 0.6984375 0.0671875 0.05
2 0.00703125 0.73828125 0.0140625 0.0453125
3 0.23125 0.6109375 0.0640625 0.03125
3 0.046875 0.584375 0.0640625 0.0328125
3 0.1546875 0.6109375 0.03125 0.0578125
3 0.60625 0.6265625 0.08125 0.08125
3 0.7234375 0.621875 0.0828125 0.0578125
3 0.8265625 0.628125 0.084375 0.0828125
4 0.728125 0.7 0.0296875 0.0515625
5 0.6546875 0.9171875 0.0375 0.071875
5 0.8296875 0.8828125 0.059375 0.078125
7 0.8546875 0.9796875 0.034375 0.040625
7 0.634375 0.98515625 0.040625 0.0296875