2 0.3140625 0.18359375 0.009375 0.0390625
5 0.4484375 0.153125 0.1296875 0.053125
1 0.5640625 0.4421875 0.0625 0.078125
1 0.365625 0.2671875 0.078125 0.0421875
8 0.575 0.2046875 0.0546875 0.0828125
5 0.7375 0.315625 0.0484375 0.0875
3 0.06875 0.59375 0.059375 0.0171875
2 0.0328125 0.68125 0.0203125 0.028125
5 0.065625 0.740625 0.04375 0.0296875
5 0.1734375 0.7359375 0.0328125 0.0390625
7 0.2 0.8078125 0.0265625 0.05
7 0.0609375 0.8078125 0.0265625 0.053125
3 0.190625 0.5796875 0.0375 0.0375
3 0.9140625 0.6609375 0.0609375 0.040625
3 0.9203125 0.6984375 0.05625 0.028125
3 0.9796875 0.6609375 0.040625 0.028125