3 0.25546875 0.0046875 0.0671875 0.009375
3 0.3375 0.01875 0.075 0.0359375
3 0.4125 0.021875 0.059375 0.0421875
2 0.440625 0.1203125 0.0375 0.0390625
2 0.1984375 0.1015625 0.0390625 0.0390625
5 0.3875 0.190625 0.0328125 0.0390625
5 0.2578125 0.1890625 0.0453125 0.0359375
3 0.7734375 0.175 0.1171875 0.0734375
4 0.6703125 0.2625 0.0296875 0.0671875
5 0.7671875 0.4328125 0.053125 0.034375
3 0.3546875 0.5140625 0.078125 0.0328125
2 0.2375 0.6359375 0.05 0.0671875
6 0.196875 0.7421875 0.04375 0.0875
7 0.246875 0.834375 0.040625 0.1046875
5 0.4703125 0.76875 0.03125 0.078125
1 0.2953125 0.8703125 0.0359375 0.0578125
4 0.80625 0.61328125 0.0078125 0.04453125
4 0.81484375 0.61328125 0.00703125 0.04296875
2 0.76484375 0.6421875 0.01171875 0.02421875
3 0.796875 0.5546875 0.0203125 0.02734375
3 0.82265625 0.54296875 0.02265625 0.02734375