4 0.1109375 0.25 0.03125 0.0515625
4 0.0625 0.246875 0.05 0.046875
2 0.240625 0.3078125 0.053125 0.05
5 0.165625 0.40625 0.053125 0.06875
5 0.0109375 0.40625 0.021875 0.05
6 0.22109375 0.45859375 0.0390625 0.0421875
6 0.2546875 0.3796875 0.046875 0.0609375
3 0.2078125 0.23125 0.0578125 0.0359375
3 0.925 0.159375 0.05 0.0359375
3 0.98046875 0.1515625 0.0390625 0.040625
3 0.865625 0.1625 0.0453125 0.0328125
4 0.9296875 0.196875 0.034375 0.0359375
2 0.85 0.26875 0.028125 0.0265625
5 0.9875 0.29921875 0.025 0.0390625
5 0.8953125 0.309375 0.028125 0.0375
1 0.9640625 0.40859375 0.071875 0.0203125
6 0.51171875 0.959375 0.0359375 0.065625
4 0.2640625 0.521875 0.0875 0.0390625
3 0.6453125 0.571875 0.0640625 0.0609375
3 0.73125 0.571875 0.078125 0.059375
3 0.8171875 0.578125 0.0765625 0.0640625
3 0.8921875 0.590625 0.0578125 0.0625
4 0.740625 0.6203125 0.028125 0.0546875
6 0.8265625 0.784375 0.0546875 0.046875
6 0.653125 0.7703125 0.0453125 0.059375