4 0.478125 0.2421875 0.03125 0.0515625
4 0.4296875 0.2390625 0.05 0.046875
2 0.2890625 0.3 0.046875 0.0578125
5 0.5328125 0.3984375 0.053125 0.06875
5 0.359375 0.3984375 0.059375 0.05
6 0.29375 0.4625 0.0328125 0.065625
6 0.2796875 0.3671875 0.0671875 0.053125
3 0.55703125 0.22265625 0.0234375 0.0359375
3 0.61328125 0.10390625 0.0890625 0.0671875
3 0.7421875 0.1015625 0.121875 0.0578125
4 0.6796875 0.159375 0.01875 0.028125
2 0.8109375 0.221875 0.0375 0.0296875
5 0.7265625 0.315625 0.05625 0.0703125
5 0.590625 0.31875 0.0390625 0.0703125
3 0.1734375 0.6125 0.06875 0.0546875
3 0.103125 0.61875 0.0609375 0.0546875
3 0.03125 0.625 0.05 0.046875
5 0.18125 0.8234375 0.040625 0.0609375
4 0.815625 0.56875 0.0796875 0.0625
5 0.746875 0.7734375 0.0453125 0.103125
5 0.9375 0.7484375 0.06875 0.0921875
2 0.99453125 0.60078125 0.0109375 0.0234375
3 0.6890625 0.53125 0.075 0.0328125