4 0.2859375 0.0625 0.0234375 0.065625
4 0.28359375 0.11953125 0.0328125 0.0390625
2 0.1375 0.171875 0.04375 0.04375
5 0.21875 0.3171875 0.0421875 0.0765625
6 0.1703125 0.228125 0.078125 0.03125
3 0.2859375 0.00859375 0.028125 0.0171875
4 0.6125 0.246875 0.084375 0.0609375
3 0.509375 0.196875 0.1203125 0.0375
3 0.7359375 0.159375 0.171875 0.0578125
3 0.621875 0.178125 0.0296875 0.0609375
2 0.8671875 0.3 0.071875 0.0890625
2 0.4328125 0.371875 0.0625 0.0796875
5 0.7625 0.40625 0.05625 0.025
6 0.9015625 0.39609375 0.0625 0.0453125
0 0.6625 0.3375 0.0484375 0.0515625
3 0.078125 0.459375 0.06875 0.08125
3 0.17734375 0.4640625 0.0921875 0.090625
3 0.278125 0.46328125 0.04375 0.0609375
4 0.2515625 0.5640625 0.0625 0.0796875
2 0.03359375 0.62734375 0.0671875 0.0609375
5 0.1328125 0.734375 0.109375 0.0734375
6 0.0234375 0.71875 0.046875 0.084375
2 0.5890625 0.596875 0.04140625 0.02109375
2 0.378125 0.6015625 0.02421875 0.0171875