2 0.32421875 0.014799154334038054 0.0484375 0.02959830866807611
6 0.35625 0.2029598308668076 0.0359375 0.1331923890063425
7 0.0390625 0.39957716701902746 0.046875 0.09513742071881606
7 0.328125 0.321353065539112 0.0359375 0.0824524312896406
1 0.290625 0.3594080338266385 0.0421875 0.05919661733615222
1 0.2265625 0.35517970401691334 0.025 0.04439746300211417
5 0.25 0.1649048625792812 0.0640625 0.08456659619450317
5 0.0515625 0.2156448202959831 0.0421875 0.10359408033826638
6 0.02109375 0.09513742071881606 0.0421875 0.042283298097251586
6 0.3203125 0.06976744186046512 0.0796875 0.052854122621564484
3 0.678125 0.160676532769556 0.071875 0.048625792811839326
4 0.7546875 0.24312896405919662 0.0328125 0.07188160676532769
3 0.8484375 0.19027484143763213 0.059375 0.035940803382663845
3 0.340625 0.6511627906976745 0.040625 0.05708245243128964
3 0.39375 0.6617336152219874 0.05 0.06342494714587738
3 0.4515625 0.642706131078224 0.0484375 0.06765327695560254
2 0.346875 0.7758985200845666 0.0328125 0.05919661733615222
2 0.540625 0.8202959830866807 0.015625 0.052854122621564484
5 0.403125 0.854122621564482 0.0390625 0.05708245243128964
2 0.6140625 0.6913319238900634 0.0578125 0.06765327695560254
6 0.6015625 0.9281183932346723 0.0328125 0.09090909090909091