3 0.2296875 0.0921875 0.0859375 0.0296875
3 0.1421875 0.1265625 0.0546875 0.040625
3 0.2296875 0.11875 0.059375 0.0453125
4 0.2296875 0.18125 0.046875 0.0578125
5 0.2890625 0.3078125 0.0359375 0.075
5 0.1734375 0.3109375 0.03125 0.0578125
1 0.234375 0.4109375 0.0734375 0.0328125
2 0.1109375 0.23125 0.0375 0.03125
3 0.4515625 0.3296875 0.0703125 0.03125
3 0.5609375 0.3203125 0.0734375 0.0390625
3 0.559375 0.3453125 0.1046875 0.0484375
3 0.6484375 0.340625 0.0796875 0.0421875
2 0.39765625 0.45390625 0.0453125 0.0515625
2 0.7140625 0.46796875 0.046875 0.0234375
2 0.15 0.5375 0.0453125 0.0421875
5 0.125 0.634375 0.0515625 0.0578125
4 0.02421875 0.53515625 0.0484375 0.0328125
3 0.6234375 0.7390625 0.05625 0.0453125
3 0.7421875 0.784375 0.034375 0.025
3 0.678125 0.759375 0.0390625 0.05