3 0.1546875 0.0328125 0.0859375 0.0296875
3 0.0671875 0.0671875 0.0546875 0.040625
3 0.1546875 0.059375 0.059375 0.0453125
4 0.1546875 0.121875 0.046875 0.0578125
5 0.20703125 0.2484375 0.0234375 0.075
5 0.0984375 0.2515625 0.03125 0.0578125
1 0.159375 0.3515625 0.0734375 0.0328125
2 0.0359375 0.171875 0.0375 0.03125
3 0.4609375 0.04375 0.0640625 0.06875
3 0.6203125 0.0671875 0.0859375 0.05625
4 0.5234375 0.10625 0.0375 0.028125
2 0.6484375 0.1625 0.053125 0.053125
2 0.4140625 0.15 0.025 0.04375
5 0.5671875 0.2515625 0.0453125 0.071875
5 0.453125 0.2390625 0.034375 0.0640625
7 0.590625 0.334375 0.03125 0.0828125
7 0.4453125 0.3125 0.028125 0.0703125
1 0.5125 0.3484375 0.0734375 0.0359375
6 0.653125 0.225 0.040625 0.0484375
6 0.6390625 0.2953125 0.04375 0.065625
3 0.109375 0.6171875 0.0625 0.0640625
4 0.1625 0.6609375 0.01875 0.0390625
4 0.1890625 0.6640625 0.021875 0.0359375
5 0.1296875 0.7984375 0.0390625 0.05625
7 0.1359375 0.8546875 0.025 0.0453125
2 0.0828125 0.7296875 0.0296875 0.0421875
3 0.47421875 0.57578125 0.0671875 0.02890625
3 0.38203125 0.6109375 0.07734375 0.03046875
2 0.578125 0.62109375 0.06015625 0.03359375
6 0.6390625 0.64765625 0.05078125 0.03125
6 0.65859375 0.69375 0.0421875 0.04375