3 0.02890625 0.18359375 0.0578125 0.0453125
3 0.03046875 0.2421875 0.0609375 0.0375
2 0.34375 0.3546875 0.075 0.071875
6 0.39296875 0.453125 0.0546875 0.053125
6 0.39296875 0.453125 0.0546875 0.053125
5 0.29375 0.49375 0.05 0.028125
6 0.075 0.5375 0.053125 0.0859375
3 0.5 0.56875 0.021875 0.0875
3 0.5609375 0.575 0.0765625 0.0453125
3 0.66875 0.5625 0.096875 0.053125
4 0.6203125 0.628125 0.0359375 0.025
2 0.4953125 0.69765625 0.0125 0.0546875
2 0.7234375 0.6703125 0.0375 0.0578125
5 0.5703125 0.7734375 0.0359375 0.0625
5 0.6921875 0.75 0.046875 0.0546875
7 0.5640625 0.8703125 0.0375 0.04375
7 0.709375 0.8484375 0.028125 0.0609375
1 0.6828125 0.8734375 0.0296875 0.040625