5 0.0703125 0.084375 0.0515625 0.0796875
5 0.2390625 0.0875 0.0328125 0.0734375
4 0.7921875 0.028125 0.0359375 0.046875
2 0.946875 0.084375 0.0578125 0.0375
2 0.634375 0.115625 0.0453125 0.0625
6 0.684375 0.225 0.0453125 0.0953125
6 0.9390625 0.1703125 0.053125 0.0671875
6 0.946875 0.2734375 0.021875 0.0921875
5 0.8828125 0.203125 0.053125 0.0578125
7 0.909375 0.3078125 0.0421875 0.0734375
5 0.728125 0.2546875 0.0265625 0.071875
6 0.7125 0.315625 0.040625 0.0578125
1 0.7578125 0.3390625 0.03125 0.0328125
1 0.8234375 0.3546875 0.0703125 0.03125
3 0.0765625 0.6703125 0.0984375 0.1078125
2 0.1328125 0.8515625 0.053125 0.08125
5 0.05078125 0.97578125 0.0703125 0.0484375
2 0.471875 0.6203125 0.0609375 0.05625
2 0.85 0.6 0.05 0.06875
6 0.509375 0.840625 0.0546875 0.0953125
6 0.8578125 0.796875 0.0375 0.1