5 0.0171875 0.20546875 0.034375 0.0796875
5 0.178125 0.209375 0.0328125 0.0734375
2 0.2171875 0.0875 0.040625 0.0515625
4 0.078125 0.0375 0.0578125 0.046875
3 0.68046875 0.14375 0.04453125 0.06328125
3 0.7453125 0.13046875 0.03671875 0.04765625
3 0.78125 0.109375 0.03203125 0.059375
4 0.71953125 0.20703125 0.01015625 0.04765625
2 0.66171875 0.3046875 0.0171875 0.05390625
2 0.80703125 0.2546875 0.01171875 0.06328125
6 0.81796875 0.4171875 0.01953125 0.134375
5 0.78671875 0.409375 0.03046875 0.10703125
5 0.7 0.4421875 0.02109375 0.12265625