5 0.159375 0.4109375 0.0515625 0.0796875
5 0.328125 0.4140625 0.0328125 0.0734375
2 0.3671875 0.2921875 0.040625 0.0515625
4 0.228125 0.2421875 0.0578125 0.046875
2 0.7625 0.3515625 0.0421875 0.0390625
2 0.4296875 0.384375 0.0359375 0.040625
5 0.6875 0.478125 0.0796875 0.053125
5 0.5078125 0.4953125 0.0484375 0.0546875
6 0.7625 0.5390625 0.05 0.040625
5 0.040625 0.8078125 0.034375 0.075
2 0.103125 0.7453125 0.03125 0.0359375
7 0.0390625 0.903125 0.03125 0.0671875
4 0.0265625 0.6671875 0.0171875 0.0359375
3 0.6859375 0.59375 0.0953125 0.05625
4 0.8125 0.6578125 0.03125 0.0734375
4 0.7640625 0.6734375 0.0328125 0.0671875
2 0.9390625 0.7359375 0.040625 0.0515625
2 0.6140625 0.728125 0.04375 0.04375
5 0.6859375 0.8578125 0.05625 0.0828125
5 0.8796875 0.8578125 0.0515625 0.103125
1 0.78515625 0.9921875 0.0953125 0.015625
7 0.8828125 0.9578125 0.0171875 0.0609375
7 0.6890625 0.9453125 0.025 0.04375
1 0.67421875 0.99453125 0.0328125 0.0109375
6 0.625 0.896875 0.0375 0.065625