3 0.0453125 0.15625 0.06875 0.0453125
3 0.16875 0.18125 0.1375 0.0609375
3 0.334375 0.121875 0.0546875 0.040625
4 0.196875 0.2765625 0.04375 0.0625
5 0.2921875 0.4546875 0.06875 0.05
5 0.03828125 0.4484375 0.0765625 0.0625
2 0.3859375 0.3390625 0.065625 0.0421875
3 0.54296875 0.09296875 0.0265625 0.0484375
3 0.578125 0.0875 0.0359375 0.0453125
3 0.1734375 0.5375 0.0421875 0.0234375
3 0.203125 0.55625 0.0828125 0.0203125
4 0.24375 0.5953125 0.021875 0.0515625
4 0.26875 0.6 0.0265625 0.040625
3 0.271875 0.55 0.05625 0.034375
3 0.328125 0.540625 0.0484375 0.0328125
3 0.3296875 0.56875 0.05625 0.04375
3 0.21875 0.5265625 0.040625 0.03125
2 0.146875 0.64375 0.0328125 0.025
2 0.36875 0.6484375 0.0328125 0.0234375
5 0.8 0.5953125 0.046875 0.0515625
7 0.796875 0.678125 0.0421875 0.0609375
2 0.753125 0.49296875 0.04375 0.0265625