3 0.1875 0.0640625 0.078125 0.0390625
3 0.2640625 0.09375 0.06875 0.0453125
3 0.359375 0.11796875 0.08125 0.0609375
5 0.2484375 0.40625 0.09375 0.103125
2 0.1515625 0.2578125 0.08125 0.0375
4 0.4421875 0.159375 0.0265625 0.0515625
4 0.471875 0.159375 0.0203125 0.0546875
3 0.446875 0.0734375 0.065625 0.028125
2 0.5609375 0.2046875 0.0390625 0.034375
2 0.359375 0.7296875 0.046875 0.0640625
6 0.3484375 0.83125 0.0359375 0.075
6 0.321875 0.7640625 0.028125 0.053125
3 0.575 0.628125 0.08125 0.08125
3 0.6921875 0.6234375 0.0828125 0.0578125
3 0.7953125 0.6296875 0.084375 0.0828125
4 0.696875 0.7015625 0.0296875 0.0515625
5 0.6234375 0.91875 0.0375 0.071875
5 0.7984375 0.884375 0.059375 0.078125
7 0.8234375 0.98046875 0.034375 0.0390625
7 0.603125 0.9859375 0.040625 0.028125