3 0.1046875 0.096875 0.0453125 0.065625
3 0.1640625 0.1078125 0.0578125 0.0625
3 0.225 0.125 0.0515625 0.0546875
4 0.1984375 0.2078125 0.05 0.03125
6 0.075 0.3265625 0.03125 0.0578125
3 0.7890625 0.140625 0.0328125 0.04375
3 0.828125 0.14375 0.0328125 0.0484375
3 0.88125 0.14375 0.05625 0.0421875
3 0.946875 0.1578125 0.0484375 0.05
3 0.1046875 0.540625 0.05625 0.08125
3 0.1796875 0.534375 0.0703125 0.0953125
3 0.2703125 0.5375 0.06875 0.1015625
3 0.3578125 0.55 0.071875 0.096875
4 0.2703125 0.6484375 0.03125 0.084375
4 0.2359375 0.7109375 0.0578125 0.075
3 0.1671875 0.625 0.0890625 0.06875
2 0.4296875 0.7375 0.053125 0.0625
2 0.0671875 0.746875 0.0515625 0.0765625
5 0.3453125 0.83125 0.0734375 0.0734375
5 0.1484375 0.834375 0.0625 0.0765625
6 0.4109375 0.878125 0.028125 0.0765625
6 0.0640625 0.828125 0.0296875 0.0625
1 0.19375 0.971875 0.059375 0.0453125
5 0.946875 0.6796875 0.078125 0.071875
5 0.75625 0.703125 0.040625 0.084375
6 0.7140625 0.7453125 0.040625 0.1234375