3 0.6328125 0.1625 0.0703125 0.059375
3 0.7078125 0.146875 0.0515625 0.06875
3 0.7734375 0.146875 0.05625 0.0609375
3 0.8546875 0.1625 0.0625 0.071875
4 0.771875 0.209375 0.028125 0.0453125
4 0.7390625 0.2109375 0.025 0.046875
2 0.5890625 0.2796875 0.05625 0.04375
2 0.8796875 0.26875 0.0515625 0.0390625
5 0.665625 0.3578125 0.046875 0.0640625
5 0.8171875 0.359375 0.0484375 0.090625
3 0.02421875 0.60546875 0.0484375 0.0265625
2 0.06875 0.6796875 0.028125 0.025
5 0.009375 0.7703125 0.01875 0.05625
7 0.01875 0.8453125 0.0203125 0.0328125
3 0.496875 0.50625 0.05 0.034375
7 0.5640625 0.7828125 0.053125 0.046875