3 0.39375 0.140625 0.0734375 0.0515625
3 0.4671875 0.1453125 0.0515625 0.0609375
3 0.55625 0.1625 0.0953125 0.0640625
2 0.6109375 0.2640625 0.053125 0.046875
6 0.5859375 0.36875 0.0515625 0.0515625
6 0.590625 0.315625 0.040625 0.04375
0 0.4671875 0.25625 0.0296875 0.0390625
4 0.97265625 0.01171875 0.0390625 0.0234375
3 0.4875 0.68125 0.0421875 0.025
3 0.58125 0.69375 0.0703125 0.046875
2 0.628125 0.7828125 0.025 0.0390625
5 0.5609375 0.8390625 0.0375 0.0625
5 0.465625 0.84375 0.03125 0.053125
7 0.590625 0.8921875 0.028125 0.046875
7 0.93359375 0.70625 0.0484375 0.075