3 0.221875 0.2046875 0.053125 0.04375
3 0.2921875 0.1984375 0.0515625 0.0625
3 0.3609375 0.1953125 0.0625 0.05625
4 0.29375 0.2609375 0.0453125 0.0359375
5 0.353125 0.3640625 0.034375 0.05
5 0.2484375 0.37265625 0.040625 0.0328125
2 0.4125 0.2984375 0.034375 0.04375
0 0.3171875 0.315625 0.0421875 0.0359375
4 0.2734375 0.78125 0.040625 0.04375
4 0.8703125 0.6421875 0.0578125 0.0296875
5 0.7734375 0.7796875 0.0359375 0.0578125
5 0.9578125 0.778125 0.0484375 0.0609375
6 0.7625 0.8640625 0.0484375 0.0765625
6 0.9578125 0.859375 0.0265625 0.08125
2 0.73125 0.675 0.0359375 0.0515625
2 0.99296875 0.6796875 0.0140625 0.0625