3 0.140625 0.05625 0.0390625 0.0328125
4 0.22421875 0.13984375 0.01875 0.09453125
4 0.20234375 0.15390625 0.01484375 0.0515625
3 0.2171875 0.0515625 0.01328125 0.0609375
5 0.26484375 0.396875 0.02421875 0.0546875
5 0.16171875 0.4015625 0.028125 0.0609375
3 0.640625 0.3765625 0.0734375 0.065625
3 0.71875 0.3796875 0.053125 0.071875
3 0.9640625 0.36875 0.053125 0.065625
5 0.653125 0.65859375 0.046875 0.0203125
5 0.2546875 0.703125 0.075 0.06875
5 0.06953125 0.71171875 0.0515625 0.0859375
7 0.284375 0.7890625 0.0453125 0.0890625
3 0.6765625 0.771875 0.0828125 0.0625