3 0.115625 0.2453125 0.1109375 0.0296875
3 0.1296875 0.2078125 0.09375 0.034375
5 0.08046875 0.521875 0.0421875 0.034375
5 0.34140625 0.50859375 0.0515625 0.0609375
3 0.8453125 0.2015625 0.0578125 0.0484375
3 0.7078125 0.1875 0.0453125 0.04375
4 0.7765625 0.2453125 0.025 0.046875
5 0.7171875 0.3375 0.034375 0.05
5 0.815625 0.346875 0.0265625 0.0390625
2 0.8546875 0.3 0.0203125 0.03125
2 0.678125 0.28125 0.025 0.025
3 0.2875 0.659375 0.0484375 0.04375
3 0.3578125 0.6625 0.0578125 0.0375
3 0.421875 0.65625 0.05 0.0578125
5 0.3140625 0.8 0.028125 0.0625
5 0.409375 0.7953125 0.0359375 0.0484375
2 0.8046875 0.690625 0.0625 0.0546875
5 0.846875 0.7921875 0.059375 0.071875
6 0.821875 0.9078125 0.0578125 0.10625
4 0.97109375 0.6765625 0.0578125 0.03125
3 0.93359375 0.55 0.0796875 0.021875