3 0.0296875 0.1451990632318501 0.046875 0.08196721311475409
3 0.0640625 0.06088992974238876 0.065625 0.03747072599531616
3 0.1859375 0.04215456674473068 0.134375 0.03981264637002342
3 0.1296875 0.1053864168618267 0.0578125 0.05620608899297424
3 0.21875 0.11241217798594848 0.08125 0.04918032786885246
3 0.078125 0.10772833723653395 0.04375 0.06088992974238876
2 0.3046875 0.2810304449648712 0.059375 0.07728337236533958
2 0.01953125 0.3231850117096019 0.0390625 0.08899297423887588
6 0.3359375 0.38875878220140514 0.0453125 0.11007025761124122
4 0.1390625 0.2529274004683841 0.05 0.04449648711943794
5 0.68125 0.02927400468384075 0.025 0.0585480093676815
5 0.6046875 0.02459016393442623 0.028125 0.04918032786885246
2 0.3828125 0.7072599531615925 0.034375 0.05152224824355972
6 0.3890625 0.8899297423887588 0.0328125 0.06791569086651054