2 0.56875 0.059375 0.059375 0.0515625
2 0.2828125 0.0875 0.040625 0.059375
6 0.6 0.13125 0.0453125 0.0734375
4 0.403125 0.040625 0.05 0.0296875
3 0.85625 0.171875 0.053125 0.04375
3 0.9265625 0.165625 0.0515625 0.0625
3 0.98203125 0.1625 0.0359375 0.05625
4 0.928125 0.228125 0.0453125 0.0359375
5 0.98515625 0.3359375 0.0296875 0.059375
5 0.8828125 0.35 0.040625 0.0515625
0 0.9515625 0.2828125 0.0421875 0.0359375
3 0.01640625 0.60390625 0.0328125 0.0265625
3 0.1046875 0.609375 0.075 0.03125
3 0.1359375 0.5921875 0.0515625 0.03125
3 0.071875 0.575 0.0484375 0.0265625
7 0.125 0.8734375 0.03125 0.04375
2 0.175 0.71875 0.046875 0.0453125
5 0.99375 0.73515625 0.0125 0.0484375
6 0.9546875 0.6734375 0.0453125 0.053125