3 0.1515625 0.04523809523809524 0.1 0.05714285714285714
3 0.1484375 0.11904761904761904 0.103125 0.06428571428571428
3 0.2484375 0.075 0.071875 0.15
3 0.34765625 0.04285714285714286 0.1078125 0.08571428571428572
4 0.2421875 0.22380952380952382 0.065625 0.10714285714285714
3 0.56875 0.48214285714285715 0.08125 0.02619047619047619
2 0.2046875 0.5571428571428572 0.04375 0.07142857142857142
2 0.60234375 0.6952380952380952 0.0140625 0.0761904761904762
6 0.59296875 0.7821428571428571 0.0328125 0.08333333333333333
5 0.4890625 0.9142857142857143 0.04375 0.14761904761904762
5 0.265625 0.8833333333333333 0.0609375 0.11666666666666667
6 0.20234375 0.9488095238095238 0.0296875 0.10238095238095238
4 0.65 0.5952380952380952 0.0296875 0.07857142857142857
3 0.64765625 0.5083333333333333 0.0765625 0.02619047619047619
3 0.646875 0.4797619047619048 0.071875 0.02142857142857143
2 0.784375 0.6238095238095238 0.025 0.05714285714285714
6 0.7984375 0.8404761904761905 0.025 0.06666666666666667