3 0.16796875 0.1875 0.03125 0.02421875
3 0.1671875 0.21875 0.0328125 0.02734375
3 0.19921875 0.1984375 0.02265625 0.0671875
3 0.23125 0.18046875 0.034375 0.04609375
4 0.196875 0.2640625 0.0203125 0.04453125
3 0.5359375 0.2265625 0.071875 0.121875
3 0.6453125 0.2140625 0.10625 0.1140625
3 0.6703125 0.1328125 0.1140625 0.0578125
2 0.74375 0.409375 0.0640625 0.0734375
5 0.671875 0.5890625 0.0765625 0.0671875
3 0.425 0.9484375 0.090625 0.040625
3 0.59921875 0.69375 0.0890625 0.028125
3 0.6515625 0.7578125 0.09375 0.05
3 0.75625 0.7234375 0.08125 0.0515625
3 0.8765625 0.70625 0.1203125 0.0484375