2 0.38125 0.1125 0.04375 0.053125
2 0.096875 0.1859375 0.046875 0.053125
4 0.2125 0.075 0.0546875 0.0671875
3 0.26875 0.01953125 0.04375 0.0390625
5 0.63125 0.1734375 0.0609375 0.0578125
3 0.1296875 0.490625 0.1 0.065625
3 0.2265625 0.5 0.071875 0.0796875
3 0.328125 0.4953125 0.0828125 0.0765625
3 0.4265625 0.4875 0.0921875 0.0765625
6 0.7734375 0.721875 0.0109375 0.053125
5 0.79296875 0.68515625 0.0140625 0.05859375
5 0.83046875 0.69296875 0.0109375 0.05859375
2 0.77109375 0.6203125 0.01328125 0.0265625
4 0.8140625 0.58359375 0.01640625 0.03359375