3 0.6546875 0.2 0.0703125 0.0578125
3 0.7265625 0.19375 0.0578125 0.075
3 0.7921875 0.196875 0.059375 0.0796875
3 0.3828125 0.478125 0.096875 0.04375
3 0.2171875 0.5296875 0.0515625 0.065625
3 0.2765625 0.509375 0.046875 0.059375
4 0.3171875 0.53125 0.0375 0.046875
2 0.45625 0.5859375 0.025 0.075
2 0.2140625 0.6609375 0.0390625 0.0609375
4 0.325 0.578125 0.046875 0.04375
5 0.69609375 0.5578125 0.04140625 0.07265625
5 0.5953125 0.58125 0.021875 0.08515625
6 0.7359375 0.62265625 0.015625 0.11328125
6 0.57265625 0.62421875 0.021875 0.12421875