3 0.72109375 0.01328125 0.0515625 0.0265625
3 0.78828125 0.0171875 0.0609375 0.034375
4 0.75 0.0484375 0.0359375 0.0265625
2 0.83125 0.096875 0.0234375 0.0328125
2 0.6625 0.084375 0.0234375 0.0328125
5 0.7828125 0.14375 0.0328125 0.046875
5 0.69375 0.1375 0.0296875 0.04375
7 0.678125 0.184375 0.015625 0.0390625
7 0.7875 0.196875 0.015625 0.0328125
3 0.33125 0.53359375 0.07265625 0.04921875
4 0.3390625 0.57421875 0.01640625 0.03359375
2 0.30546875 0.6828125 0.015625 0.0359375
5 0.38671875 0.6859375 0.0203125 0.04609375
5 0.7828125 0.71328125 0.0125 0.0890625
5 0.8515625 0.696875 0.01953125 0.08046875
2 0.87578125 0.5828125 0.01796875 0.0390625
2 0.7640625 0.59375 0.0140625 0.04453125