3 0.01796875 0.0328125 0.0359375 0.065625
5 0.00859375 0.23203125 0.0171875 0.0734375
3 0.471875 0.1328125 0.0796875 0.0703125
3 0.625 0.084375 0.1109375 0.06875
3 0.67109375 0.01640625 0.0765625 0.0328125
3 0.6515625 0.0484375 0.1171875 0.059375
3 0.740625 0.090625 0.1 0.0390625
3 0.7375 0.04375 0.0640625 0.053125
5 0.56171875 0.484375 0.0640625 0.06875
5 0.0546875 0.8671875 0.0625 0.18125
4 0.2046875 0.53515625 0.03125 0.0328125
4 0.8203125 0.6578125 0.0578125 0.0296875
5 0.7234375 0.7953125 0.0359375 0.0578125
5 0.9078125 0.79375 0.0484375 0.0609375
6 0.7125 0.8796875 0.0484375 0.0765625
6 0.9078125 0.875 0.0265625 0.08125
2 0.68125 0.690625 0.0359375 0.0515625
2 0.95 0.6953125 0.0265625 0.0625