3 0.0703125 0.0546875 0.0640625 0.059375
3 0.1453125 0.0671875 0.0609375 0.065625
3 0.21875 0.0546875 0.0609375 0.059375
3 0.2828125 0.0515625 0.0515625 0.084375
5 0.259375 0.2609375 0.0609375 0.0734375
5 0.0859375 0.265625 0.034375 0.0609375
2 0.7859375 0.36953125 0.01875 0.03984375
2 0.671875 0.3671875 0.01796875 0.03671875
5 0.7609375 0.475 0.0203125 0.06328125
6 0.7796875 0.5171875 0.0125 0.075
4 0.71875 0.31015625 0.01328125 0.05390625
3 0.0265625 0.8953125 0.053125 0.025
3 0.02578125 0.86171875 0.0515625 0.0484375
3 0.1140625 0.8609375 0.0484375 0.0515625
3 0.1859375 0.8515625 0.0625 0.0609375
4 0.0984375 0.9484375 0.0578125 0.0359375
2 0.2265625 0.96875 0.040625 0.05625
2 0.0046875 0.978125 0.009375 0.0375
3 0.49375 0.8828125 0.0453125 0.0640625
3 0.5546875 0.865625 0.053125 0.06875
3 0.6140625 0.8828125 0.046875 0.0625
3 0.4453125 0.8859375 0.03125 0.075
2 0.65703125 0.975 0.0453125 0.05