5 0.1984375 0.0875 0.05 0.1046875
2 0.7921875 0.0421875 0.05625 0.08125
6 0.7953125 0.1953125 0.0515625 0.178125
6 0.740625 0.3234375 0.071875 0.1078125
5 0.4609375 0.1890625 0.0453125 0.075
4 0.59453125 0.003125 0.0453125 0.00625
2 0.090625 0.740625 0.0375 0.053125
3 0.028125 0.6046875 0.05625 0.03125
5 0.04375 0.8171875 0.046875 0.040625
3 0.73984375 0.56484375 0.06796875 0.04609375
4 0.746875 0.603125 0.01484375 0.03125
2 0.715625 0.7046875 0.0140625 0.0328125
5 0.79140625 0.7078125 0.01875 0.04296875