2 0.103125 0.06896551724137931 0.065625 0.0625
6 0.0765625 0.22413793103448276 0.0375 0.1271551724137931
6 0.096875 0.36637931034482757 0.0625 0.09482758620689655
5 0.359375 0.17456896551724138 0.0390625 0.11637931034482758
3 0.6734375 0.2521551724137931 0.0859375 0.05172413793103448
3 0.8171875 0.2607758620689655 0.1046875 0.0603448275862069
3 0.859375 0.22844827586206898 0.071875 0.05818965517241379
3 0.771875 0.1939655172413793 0.0671875 0.05172413793103448
2 0.9140625 0.4698275862068966 0.065625 0.08620689655172414
3 0.8578125 0.6530172413793104 0.015625 0.04310344827586207
4 0.896875 0.6875 0.0265625 0.05387931034482758
3 0.8796875 0.6185344827586207 0.0640625 0.032327586206896554
5 0.8375 0.8685344827586207 0.0296875 0.06896551724137931
5 0.9828125 0.8760775862068966 0.034375 0.04956896551724138