5 0.01484375 0.29375 0.0296875 0.046875
4 0.7296875 0.2140625 0.015625 0.0421875
4 0.7578125 0.2109375 0.015625 0.0390625
5 0.79375 0.33125 0.0375 0.046875
5 0.675 0.3265625 0.046875 0.0515625
7 0.8015625 0.390625 0.0171875 0.0515625
7 0.665625 0.384375 0.0234375 0.0453125
6 0.634375 0.3640625 0.01875 0.0515625
6 0.83125 0.35 0.0234375 0.0515625
2 0.640625 0.2671875 0.0203125 0.0328125
2 0.828125 0.2703125 0.0203125 0.0328125
5 0.06875 0.771875 0.05 0.0609375
7 0.1125 0.875 0.0328125 0.0578125
2 0.5234375 0.6921875 0.05 0.05
4 0.7 0.6328125 0.0296875 0.0625
3 0.746875 0.57890625 0.065625 0.0390625