0 0.13046875 0.0125 0.0546875 0.025
5 0.0203125 0.09765625 0.040625 0.0890625
6 0.3109375 0.20625 0.046875 0.0921875
1 0.2453125 0.2640625 0.0640625 0.0890625
2 0.6 0.096875 0.04375 0.065625
2 0.884375 0.13125 0.040625 0.0515625
5 0.6296875 0.20625 0.0421875 0.0484375
5 0.8390625 0.24375 0.028125 0.053125
1 0.721875 0.3203125 0.078125 0.028125
1 0.61875 0.3140625 0.0234375 0.0453125
6 0.5828125 0.209375 0.0296875 0.078125
3 0.171875 0.5875 0.0515625 0.0703125
3 0.040625 0.528125 0.08125 0.05
4 0.03125 0.6078125 0.0625 0.053125
5 0.134375 0.7875 0.0546875 0.075
4 0.73984375 0.528125 0.01328125 0.0421875
4 0.753125 0.528125 0.0140625 0.04921875
2 0.67734375 0.603125 0.0171875 0.04765625
2 0.8203125 0.59296875 0.01953125 0.04375
3 0.7703125 0.47734375 0.0328125 0.02734375
3 0.70390625 0.49453125 0.04453125 0.02578125
3 0.7109375 0.46015625 0.04140625 0.02890625
3 0.75 0.45703125 0.0265625 0.03046875
3 0.7859375 0.45546875 0.0296875 0.03203125
3 0.7453125 0.4328125 0.03515625 0.02890625
5 0.78671875 0.6859375 0.02421875 0.059375
5 0.71796875 0.67890625 0.01640625 0.05625