3 0.14140625 0.00859375 0.1296875 0.0171875
4 0.03671875 0.128125 0.0734375 0.059375
2 0.24375 0.1421875 0.0640625 0.0703125
0 0.0359375 0.184375 0.0546875 0.04375
6 0.215625 0.3875 0.046875 0.0921875
1 0.15 0.4453125 0.0640625 0.0890625
3 0.68359375 0.0859375 0.07890625 0.01875
4 0.69296875 0.12109375 0.0515625 0.03671875
2 0.5265625 0.1734375 0.0515625 0.02421875
2 0.821875 0.15 0.0390625 0.03125
0 0.7328125 0.16875 0.04375 0.03046875
5 0.61484375 0.225 0.07109375 0.03984375
7 0.603125 0.27421875 0.034375 0.0359375
6 0.8171875 0.24765625 0.040625 0.0515625
8 0.68984375 0.23125 0.05859375 0.01796875
4 0.62265625 0.6625 0.03125 0.01328125
5 0.61640625 0.71015625 0.028125 0.0328125
5 0.68984375 0.7 0.0390625 0.0265625