4 0.278125 0.2336842105263158 0.0265625 0.061052631578947365
2 0.1265625 0.32 0.0421875 0.05263157894736842
2 0.4734375 0.30526315789473685 0.0390625 0.06315789473684211
5 0.2046875 0.4652631578947368 0.046875 0.10736842105263159
3 0.3 0.06947368421052631 0.1546875 0.05263157894736842
3 0.25 0.6631578947368421 0.0546875 0.03368421052631579
3 0.3328125 0.6673684210526316 0.06875 0.04421052631578947
5 0.3515625 0.9094736842105263 0.034375 0.05894736842105263
5 0.2375 0.9073684210526316 0.0375 0.07789473684210527
3 0.8359375 0.6842105263157895 0.046875 0.07578947368421053
3 0.65859375 0.6610526315789473 0.0390625 0.05473684210526316
5 0.653125 0.9010526315789473 0.028125 0.06947368421052631
5 0.784375 0.92 0.03125 0.07157894736842105