4 0.2140625 0.1625 0.0265625 0.0453125
2 0.0625 0.2265625 0.0421875 0.0390625
2 0.409375 0.215625 0.0390625 0.046875
5 0.140625 0.334375 0.046875 0.0796875
3 0.2359375 0.040625 0.1546875 0.0390625
4 0.709375 0.05 0.059375 0.0421875
2 0.590625 0.1078125 0.0328125 0.0484375
5 0.75625 0.1828125 0.0328125 0.059375
5 0.6484375 0.178125 0.0515625 0.053125
3 0.1890625 0.58828125 0.021875 0.04296875
4 0.19296875 0.6421875 0.01484375 0.03671875
5 0.240625 0.75234375 0.0296875 0.05859375
5 0.18984375 0.7921875 0.01171875 0.03671875
7 0.2609375 0.8078125 0.0125 0.03984375
3 0.6625 0.6765625 0.0671875 0.046875
3 0.7453125 0.6328125 0.05625 0.034375
3 0.9015625 0.603125 0.0625 0.0390625
3 0.8265625 0.565625 0.0765625 0.0390625
2 0.625 0.8015625 0.0671875 0.075
6 0.60625 0.9375 0.04375 0.109375
5 0.66171875 0.96484375 0.0421875 0.0703125
5 0.98125 0.96171875 0.0375 0.0671875