2 0.2875 0.18125 0.059375 0.059375
5 0.38125 0.2359375 0.0421875 0.0703125
5 0.5265625 0.2125 0.025 0.053125
4 0.425 0.0828125 0.0234375 0.0359375
4 0.465625 0.075 0.025 0.046875
3 0.515625 0.025 0.046875 0.028125
3 0.3453125 0.0484375 0.071875 0.0265625
3 0.42109375 0.0140625 0.0703125 0.028125
3 0.78984375 0.10703125 0.0546875 0.05078125
4 0.7953125 0.14921875 0.0125 0.03515625
2 0.7703125 0.2609375 0.01171875 0.03671875
5 0.83125 0.26484375 0.01484375 0.04765625
2 0.2546875 0.6703125 0.0359375 0.0390625
6 0.2375 0.7171875 0.03125 0.04375
5 0.1515625 0.7859375 0.034375 0.0765625
1 0.103125 0.9078125 0.0375 0.04375
3 0.54921875 0.63828125 0.0203125 0.0515625
3 0.6234375 0.61328125 0.10625 0.0484375
3 0.75625 0.621875 0.11875 0.065625