2 0.08125 0.14123006833712984 0.059375 0.08656036446469248
5 0.175 0.22095671981776766 0.0421875 0.10250569476082004
5 0.334375 0.1867881548974943 0.053125 0.0774487471526196
2 0.375 0.04783599088838269 0.034375 0.06378132118451026
4 0.21796875 0.011389521640091117 0.0234375 0.022779043280182234
4 0.259375 0.010250569476082005 0.025 0.02050113895216401
3 0.790625 0.03189066059225513 0.071875 0.06378132118451026
3 0.871875 0.02733485193621868 0.071875 0.05466970387243736
2 0.3625 0.715261958997722 0.0421875 0.04555808656036447
5 0.40625 0.9362186788154897 0.05625 0.08200455580865604
4 0.46640625 0.6662870159453302 0.0234375 0.015945330296127564
5 0.5484375 0.8382687927107062 0.0515625 0.11617312072892938