2 0.03515625 0.01328125 0.0640625 0.0265625
6 0.08125 0.103125 0.0484375 0.0796875
6 0.0703125 0.2125 0.046875 0.0859375
5 0.128125 0.1921875 0.05 0.065625
5 0.3453125 0.1171875 0.0375 0.0625
5 0.809375 0.0109375 0.028125 0.021875
4 0.1375 0.4796875 0.053125 0.0625
3 0.134375 0.4265625 0.1140625 0.0390625
5 0.246875 0.6640625 0.059375 0.1
5 0.05625 0.7 0.0484375 0.1
7 0.271875 0.76875 0.0484375 0.071875
1 0.159375 0.834375 0.0796875 0.0328125
3 0.253125 0.4140625 0.0734375 0.03125
3 0.7140625 0.39375 0.0859375 0.059375
3 0.8421875 0.40625 0.11875 0.075
3 0.96171875 0.4203125 0.0765625 0.090625
4 0.88125 0.496875 0.0640625 0.078125
2 0.6796875 0.5859375 0.0734375 0.0609375
5 0.7796875 0.7 0.0734375 0.0953125
5 0.971875 0.69375 0.05625 0.096875
6 0.71875 0.8375 0.0421875 0.0953125
1 0.8921875 0.8515625 0.09375 0.0421875