3 0.22421875 0.1265625 0.040625 0.05625
3 0.28203125 0.10390625 0.04453125 0.04140625
3 0.27578125 0.05234375 0.04609375 0.04453125
3 0.33984375 0.0921875 0.04296875 0.05625
3 0.3953125 0.096875 0.040625 0.07578125
4 0.33671875 0.17421875 0.034375 0.06875
2 0.19296875 0.23359375 0.04765625 0.05625
2 0.4125 0.26640625 0.0234375 0.04296875
0 0.29296875 0.29609375 0.028125 0.04453125
5 0.2421875 0.36953125 0.034375 0.0640625
6 0.18828125 0.45859375 0.02890625 0.13125
7 0.2078125 0.46484375 0.02265625 0.0671875
4 0.8390625 0.1875 0.025 0.0609375
5 0.9671875 0.403125 0.065625 0.090625
5 0.746875 0.41875 0.059375 0.0890625
7 0.98984375 0.55546875 0.0203125 0.0734375
6 0.70078125 0.55859375 0.0234375 0.1078125
2 0.475 0.809375 0.04609375 0.015625
2 0.1765625 0.83125 0.04921875 0.015625
4 0.29765625 0.79765625 0.05703125 0.0203125
3 0.35703125 0.78046875 0.04609375 0.01328125
2 0.7625 0.7296875 0.0484375 0.046875
5 0.8328125 0.8859375 0.071875 0.05625