3 0.0375 0.09859154929577464 0.059375 0.07981220657276995
3 0.121875 0.06572769953051644 0.0640625 0.05868544600938967
3 0.11171875 0.011737089201877934 0.0671875 0.023474178403755867
3 0.20625 0.04929577464788732 0.0625 0.07981220657276995
3 0.2859375 0.056338028169014086 0.059375 0.107981220657277
4 0.2015625 0.16666666666666666 0.05 0.09859154929577464
2 0.01328125 0.2511737089201878 0.0265625 0.07981220657276995
2 0.3109375 0.2981220657276995 0.034375 0.06103286384976526
0 0.1375 0.3403755868544601 0.040625 0.06338028169014084
5 0.0640625 0.4460093896713615 0.05 0.09154929577464789
7 0.01484375 0.545774647887324 0.0296875 0.025821596244131457
3 0.590625 0.19483568075117372 0.1078125 0.07276995305164319
2 0.6734375 0.33098591549295775 0.0484375 0.0539906103286385
4 0.53125 0.2699530516431925 0.0234375 0.07042253521126761
5 0.590625 0.4835680751173709 0.040625 0.08685446009389672
4 0.2734375 0.8661971830985915 0.0578125 0.04460093896713615
2 0.134375 0.9154929577464789 0.0359375 0.07746478873239436
2 0.403125 0.9225352112676056 0.0265625 0.09389671361502347