2 0.02265625 0.14296875 0.0453125 0.0421875
3 0.63125 0.1796875 0.0734375 0.0421875
3 0.7109375 0.1859375 0.053125 0.0328125
3 0.7765625 0.1859375 0.046875 0.0515625
2 0.5734375 0.2796875 0.0359375 0.04375
2 0.8140625 0.2890625 0.0265625 0.046875
4 0.7 0.2578125 0.0453125 0.0328125
4 0.16484375 0.525 0.00546875 0.0421875
4 0.16796875 0.5109375 0.0078125 0.0421875
4 0.1734375 0.525 0.00703125 0.05078125
3 0.1515625 0.49296875 0.0140625 0.0265625
5 0.1859375 0.60390625 0.009375 0.05078125
5 0.15859375 0.628125 0.0109375 0.05078125
7 0.1578125 0.684375 0.00703125 0.03671875
2 0.721875 0.6546875 0.034375 0.0421875
6 0.740625 0.7078125 0.0265625 0.05
6 0.7140625 0.7640625 0.025 0.0609375
5 0.55625 0.70625 0.034375 0.0453125
5 0.66875 0.709375 0.0375 0.05