2 0.1546875 0.0046875 0.046875 0.009375
3 0.55 0.0828125 0.021875 0.05
3 0.61875 0.0484375 0.08125 0.0515625
3 0.7390625 0.03125 0.1203125 0.0484375
4 0.21875 0.446875 0.0125 0.05546875
4 0.19453125 0.45078125 0.015625 0.0421875
3 0.1546875 0.45078125 0.01796875 0.0421875
3 0.2390625 0.41015625 0.0234375 0.025
3 0.27265625 0.4 0.0265625 0.03515625
3 0.2109375 0.39453125 0.03046875 0.03203125
3 0.171875 0.4015625 0.0296875 0.02734375
2 0.10625 0.5484375 0.03125 0.05390625
2 0.32265625 0.53828125 0.02421875 0.05234375
5 0.27890625 0.709375 0.028125 0.09453125
5 0.14609375 0.7140625 0.034375 0.08828125
3 0.6765625 0.4453125 0.03671875 0.0734375
3 0.69921875 0.34921875 0.025 0.046875
3 0.75703125 0.33125 0.04296875 0.05625
3 0.71015625 0.4203125 0.01953125 0.02890625