4 0.684375 0.1109375 0.0234375 0.0390625
4 0.7078125 0.1109375 0.025 0.0453125
2 0.5734375 0.1796875 0.03125 0.04375
2 0.828125 0.1703125 0.034375 0.040625
3 0.7390625 0.0640625 0.0578125 0.025
3 0.6203125 0.0796875 0.0796875 0.0234375
3 0.6328125 0.0484375 0.0734375 0.0265625
3 0.703125 0.0453125 0.046875 0.028125
3 0.7671875 0.04375 0.053125 0.0296875
3 0.69375 0.0234375 0.0625 0.0265625
5 0.76875 0.25625 0.04375 0.0546875
5 0.6453125 0.25 0.0296875 0.0515625
3 0.7796875 0.58125 0.04375 0.05625
3 0.8375 0.6109375 0.0546875 0.0578125
3 0.9046875 0.621875 0.0515625 0.05625
6 0.6984375 0.665625 0.03125 0.0359375
6 0.9078125 0.74375 0.0328125 0.028125