2 0.49921875 0.009375 0.0359375 0.01875
5 0.2125 0.14375 0.05625 0.075
5 0.86875 0.05 0.04375 0.07083333333333333
7 0.940625 0.13541666666666666 0.059375 0.07083333333333333
1 0.9015625 0.20416666666666666 0.053125 0.05416666666666667
8 0.8171875 0.08958333333333333 0.0421875 0.04375
3 0.171875 0.4791666666666667 0.034375 0.05416666666666667
3 0.2265625 0.4583333333333333 0.0484375 0.03958333333333333
3 0.2546875 0.4895833333333333 0.046875 0.0375
3 0.278125 0.4583333333333333 0.0390625 0.03958333333333333
4 0.2484375 0.5291666666666667 0.03125 0.052083333333333336
5 0.190625 0.66875 0.0328125 0.07708333333333334
5 0.2890625 0.6916666666666667 0.0234375 0.06041666666666667
2 0.1375 0.5791666666666667 0.0328125 0.04375
2 0.315625 0.5916666666666667 0.0234375 0.04375
1 0.2375 0.79375 0.046875 0.0375
1 0.1875 0.78125 0.021875 0.04791666666666667
2 0.9609375 0.6083333333333333 0.0390625 0.05