3 0.1 0.023474178403755867 0.10625 0.046948356807511735
4 0.15 0.13380281690140844 0.04375 0.09389671361502347
4 0.06875 0.18544600938967137 0.046875 0.13145539906103287
2 0.434375 0.29577464788732394 0.0890625 0.11971830985915492
0 0.240625 0.392018779342723 0.05625 0.08685446009389672
2 0.8265625 0.06807511737089202 0.025 0.056338028169014086
6 0.8265625 0.176056338028169 0.0234375 0.12441314553990611
6 0.8015625 0.2652582159624413 0.0328125 0.07511737089201878
5 0.6703125 0.17136150234741784 0.0203125 0.051643192488262914
2 0.6375 0.06572769953051644 0.01875 0.035211267605633804
4 0.7109375 0.015258215962441314 0.015625 0.03051643192488263
4 0.734375 0.035211267605633804 0.0203125 0.014084507042253521
4 0.18125 0.5023474178403756 0.0171875 0.035211267605633804
4 0.1984375 0.49765258215962443 0.0125 0.03051643192488263
3 0.23203125 0.4800469483568075 0.0265625 0.02112676056338028
3 0.15078125 0.47417840375586856 0.0203125 0.009389671361502348
2 0.11875 0.528169014084507 0.028125 0.035211267605633804
2 0.240625 0.5469483568075117 0.0171875 0.03051643192488263
5 0.215625 0.6220657276995305 0.0171875 0.046948356807511735
5 0.15 0.5985915492957746 0.025 0.03051643192488263
1 0.14375 0.687793427230047 0.0234375 0.035211267605633804
7 0.1328125 0.6431924882629108 0.0109375 0.025821596244131457
4 0.5875 0.4988262910798122 0.040625 0.05868544600938967
4 0.54296875 0.49295774647887325 0.0265625 0.046948356807511735
5 0.675 0.8427230046948356 0.0515625 0.08215962441314555