5 0.284375 0.38562091503267976 0.065625 0.10239651416122005
5 0.1015625 0.4400871459694989 0.0453125 0.12636165577342048
3 0.734375 0.016339869281045753 0.05 0.032679738562091505
3 0.8109375 0.0457516339869281 0.0484375 0.0915032679738562
4 0.7171875 0.07407407407407407 0.05625 0.04139433551198257
5 0.628125 0.23965141612200436 0.04375 0.05664488017429194
2 0.0890625 0.6666666666666666 0.05 0.08061002178649238
6 0.11328125 0.9498910675381264 0.0421875 0.10021786492374728
5 0.74453125 0.971677559912854 0.0546875 0.05664488017429194
5 0.59296875 0.9825708061002179 0.0296875 0.034858387799564274
2 0.8078125 0.8649237472766884 0.03125 0.08496732026143791
2 0.5296875 0.8976034858387799 0.034375 0.06318082788671024
3 0.725 0.7015250544662309 0.0859375 0.04793028322440087