3 0.0515625 0.1921875 0.0796875 0.121875
3 0.1640625 0.1796875 0.10625 0.1140625
3 0.1890625 0.0984375 0.1140625 0.0578125
4 0.01171875 0.3265625 0.0234375 0.065625
2 0.2625 0.375 0.0640625 0.0734375
3 0.590625 0.1375 0.071875 0.0546875
3 0.45859375 0.1390625 0.0390625 0.0625
2 0.078125 0.6796875 0.0453125 0.05
2 0.365625 0.6875 0.0375 0.053125
3 0.2984375 0.5515625 0.065625 0.03125
5 0.31875 0.7640625 0.046875 0.040625
5 0.165625 0.75 0.04375 0.0453125
3 0.51015625 0.5328125 0.0671875 0.046875
3 0.728125 0.52265625 0.05 0.0265625
2 0.5265625 0.66875 0.0515625 0.0875