3 0.08203125 0.13828125 0.04765625 0.04453125
3 0.1625 0.12890625 0.06875 0.053125
3 0.2671875 0.1234375 0.08359375 0.0546875
3 0.38515625 0.11796875 0.11171875 0.0515625
3 0.41171875 0.08125 0.11953125 0.02578125
4 0.21328125 0.184375 0.04921875 0.0296875
2 0.4890625 0.20625 0.0671875 0.0328125
5 0.41328125 0.28671875 0.08046875 0.03046875
5 0.16875 0.32265625 0.05078125 0.0296875
5 0.9234375 0.2234375 0.0609375 0.0578125
2 0.8921875 0.0875 0.0296875 0.0359375
4 0.30625 0.6109375 0.0390625 0.0640625
5 0.390625 0.7875 0.04375 0.0609375
5 0.2515625 0.7734375 0.040625 0.0765625
3 0.384375 0.5546875 0.0578125 0.0578125
6 0.9703125 0.7515625 0.0234375 0.05
2 0.9640625 0.65625 0.028125 0.025