4 0.2015625 0.05625 0.046875 0.065625
2 0.4640625 0.1046875 0.0640625 0.0734375
5 0.3921875 0.284375 0.0765625 0.0671875
5 0.159375 0.3640625 0.0484375 0.065625
2 0.91953125 0.021875 0.0609375 0.04375
5 0.7765625 0.140625 0.075 0.09375
1 0.7078125 0.4 0.1015625 0.0453125
3 0.175 0.6859375 0.0578125 0.0453125
3 0.1734375 0.728125 0.046875 0.0453125
3 0.278125 0.6828125 0.0828125 0.0421875
3 0.259375 0.7265625 0.06875 0.040625
3 0.3640625 0.7015625 0.065625 0.0625
3 0.36875 0.7515625 0.0625 0.040625
4 0.2375 0.76875 0.0359375 0.0609375
2 0.390625 0.8359375 0.059375 0.0546875
2 0.1390625 0.8328125 0.0546875 0.046875
6 0.3890625 0.9515625 0.0359375 0.096875
5 0.1796875 0.8890625 0.0390625 0.046875
5 0.3265625 0.9046875 0.05 0.0515625
3 0.8578125 0.4640625 0.096875 0.0265625
3 0.9453125 0.475 0.059375 0.05
2 0.98203125 0.5734375 0.0359375 0.053125
4 0.85625 0.50625 0.0234375 0.034375
5 0.903125 0.671875 0.040625 0.0546875