3 0.3125 0.26875 0.0484375 0.0578125
3 0.378125 0.25 0.0546875 0.0625
3 0.440625 0.25625 0.0515625 0.0515625
3 0.4875 0.2546875 0.0375 0.06875
5 0.3703125 0.471875 0.0375 0.065625
5 0.503125 0.4734375 0.0265625 0.065625
3 0.69375 0.1171875 0.0484375 0.03125
3 0.765625 0.1109375 0.065625 0.028125
3 0.8484375 0.1203125 0.0734375 0.028125
3 0.784375 0.1453125 0.0625 0.025
3 0.7171875 0.1578125 0.0421875 0.028125
4 0.790625 0.190625 0.021875 0.0515625
4 0.75625 0.2078125 0.0328125 0.0421875
2 0.925 0.259375 0.0328125 0.04375
2 0.621875 0.2640625 0.0390625 0.0390625
5 0.8640625 0.3671875 0.0484375 0.053125
5 0.6984375 0.3703125 0.0421875 0.0640625
3 0.6171875 0.1203125 0.04375 0.0328125
6 0.35625 0.66875 0.021875 0.05
3 0.54296875 0.58984375 0.0265625 0.0265625
3 0.6015625 0.596875 0.065625 0.03125
3 0.57734375 0.57109375 0.0953125 0.0390625
2 0.675 0.7171875 0.05 0.0578125
5 0.596875 0.80625 0.0609375 0.0796875