3 0.4375 0.234375 0.0484375 0.0578125
3 0.48203125 0.215625 0.0140625 0.0625
5 0.4828125 0.4375 0.0125 0.065625
3 0.7046875 0.26953125 0.04765625 0.04765625
3 0.7921875 0.27109375 0.028125 0.0421875
4 0.740625 0.328125 0.01328125 0.034375
2 0.80234375 0.37109375 0.0125 0.0390625
2 0.6921875 0.35625 0.0140625 0.028125
5 0.71875 0.4375 0.021875 0.06015625
5 0.775 0.44140625 0.01875 0.05390625
4 0.1640625 0.69609375 0.071875 0.0328125
2 0.3546875 0.7484375 0.046875 0.0578125
5 0.2609375 0.8703125 0.0609375 0.065625
5 0.053125 0.86875 0.05625 0.0609375
3 0.671875 0.8859375 0.10625 0.10625
3 0.784375 0.8671875 0.096875 0.1140625
3 0.8921875 0.8578125 0.0734375 0.109375
2 0.946875 0.978125 0.05 0.04375
2 0.59296875 0.99375 0.0421875 0.0125