4 0.18125 0.1609375 0.053125 0.0625
3 0.178125 0.1078125 0.1140625 0.0390625
5 0.290625 0.3453125 0.059375 0.1
5 0.09921875 0.38046875 0.0484375 0.0984375
7 0.31484375 0.421875 0.0484375 0.015625
3 0.296875 0.0953125 0.0734375 0.03125
3 0.64375 0.10625 0.0421875 0.0484375
3 0.6875 0.1140625 0.034375 0.0578125
3 0.746875 0.10625 0.0484375 0.0359375
3 0.7953125 0.1 0.040625 0.0609375
4 0.728125 0.1609375 0.021875 0.034375
5 0.671875 0.2484375 0.034375 0.0390625
5 0.7703125 0.246875 0.0265625 0.0375
6 0.6296875 0.2359375 0.0234375 0.0359375
6 0.7921875 0.2734375 0.025 0.0421875
2 0.3484375 0.68125 0.03125 0.0421875
3 0.2625 0.553125 0.053125 0.034375
3 0.3171875 0.575 0.0359375 0.05625
3 0.203125 0.55625 0.0484375 0.03125
5 0.1828125 0.725 0.0359375 0.028125
5 0.3078125 0.7265625 0.0375 0.0359375
3 0.4734375 0.68125 0.046875 0.040625
3 0.5265625 0.6765625 0.046875 0.0421875
3 0.5828125 0.6640625 0.0484375 0.0421875
3 0.6265625 0.653125 0.034375 0.05