5 0.2609375 0.121875 0.059375 0.1
5 0.0703125 0.1578125 0.0484375 0.1
7 0.2859375 0.2265625 0.0484375 0.071875
1 0.1734375 0.2921875 0.0796875 0.0328125
2 0.46328125 0.3328125 0.0265625 0.05
4 0.628125 0.2734375 0.0296875 0.0625
3 0.675 0.21875 0.065625 0.0421875
3 0.2296875 0.5125 0.0640625 0.0484375
3 0.36875 0.5109375 0.0953125 0.046875
4 0.3140625 0.5328125 0.0359375 0.0546875
4 0.2703125 0.5421875 0.0296875 0.05
3 0.39140625 0.4625 0.0765625 0.025
3 0.2953125 0.45859375 0.0875 0.0171875
2 0.1078125 0.6078125 0.059375 0.05625
2 0.43828125 0.6109375 0.0234375 0.0625
5 0.2203125 0.73125 0.040625 0.0890625
7 0.99296875 0.77734375 0.0140625 0.0484375