3 0.259375 0.2578125 0.0875 0.0765625
4 0.2640625 0.3390625 0.0578125 0.05625
2 0.0796875 0.3765625 0.0515625 0.0453125
5 0.6171875 0.0359375 0.0453125 0.04375
5 0.7234375 0.0328125 0.028125 0.0375
1 0.671875 0.1046875 0.0609375 0.03125
4 0.2 0.60859375 0.0171875 0.04453125
0 0.215625 0.65703125 0.0109375 0.0421875
6 0.2640625 0.7453125 0.0171875 0.1328125
7 0.25234375 0.77109375 0.0109375 0.090625
5 0.23671875 0.6953125 0.0203125 0.04609375
7 0.1984375 0.80625 0.01640625 0.06796875
6 0.18046875 0.78046875 0.0171875 0.071875
5 0.696875 0.49375 0.0453125 0.071875
6 0.678125 0.565625 0.04375 0.065625
6 0.9421875 0.5625 0.040625 0.090625