3 0.271875 0.2453125 0.0875 0.0765625
4 0.2765625 0.3265625 0.0578125 0.05625
2 0.0921875 0.3640625 0.0515625 0.0453125
5 0.159375 0.5078125 0.0625 0.0625
5 0.35 0.5125 0.04375 0.053125
3 0.4875 0.1234375 0.0578125 0.0265625
3 0.54375 0.109375 0.0328125 0.053125
3 0.5953125 0.1125 0.046875 0.059375
5 0.5859375 0.2484375 0.0265625 0.034375
5 0.4875 0.246875 0.028125 0.0328125
6 0.6234375 0.2125 0.021875 0.0265625
5 0.040625 0.8328125 0.028125 0.0328125
2 0.7 0.5515625 0.109375 0.025
6 0.7296875 0.678125 0.0734375 0.1046875
6 0.7140625 0.809375 0.075 0.1125
5 0.5796875 0.6703125 0.0734375 0.0671875