2 0.378125 0.21875 0.034375 0.034375
6 0.384375 0.340625 0.0328125 0.0453125
3 0.73984375 0.22265625 0.04140625 0.025
2 0.81171875 0.3046875 0.01953125 0.04375
5 0.0453125 0.7734375 0.0421875 0.0765625
5 0.30625 0.7484375 0.0515625 0.0796875
3 0.834375 0.7828125 0.065625 0.025
3 0.8234375 0.8078125 0.0671875 0.025
3 0.9015625 0.7921875 0.0578125 0.0296875
3 0.9640625 0.796875 0.046875 0.0671875
4 0.9015625 0.8578125 0.0234375 0.053125
2 0.728125 0.93125 0.0421875 0.046875
5 0.9609375 0.990625 0.046875 0.01875