3 0.0546875 0.040625 0.08125 0.03125
3 0.0390625 0.0828125 0.0765625 0.0359375
3 0.13125 0.075 0.0890625 0.04375
3 0.2203125 0.071875 0.08125 0.06875
5 0.2 0.2984375 0.075 0.1
2 0.2609375 0.2 0.0578125 0.0453125
5 0.71640625 0.40078125 0.0109375 0.046875
5 0.80703125 0.42890625 0.0109375 0.05234375
2 0.82890625 0.31015625 0.01796875 0.05
3 0.81015625 0.19921875 0.0265625 0.02578125
3 0.81484375 0.171875 0.0265625 0.0296875
3 0.76875 0.16484375 0.02734375 0.028125
3 0.7671875 0.1421875 0.028125 0.02265625
3 0.353125 0.809375 0.0640625 0.053125
3 0.415625 0.803125 0.04375 0.0515625
3 0.4953125 0.81484375 0.028125 0.0359375
3 0.49921875 0.790625 0.0203125 0.040625
4 0.4609375 0.8484375 0.021875 0.0453125
5 0.371875 0.98125 0.05 0.0375
2 0.3140625 0.9015625 0.0421875 0.040625