5 0.38125 0.159375 0.075 0.1
2 0.4421875 0.0609375 0.0578125 0.0453125
2 0.8296875 0.1734375 0.046875 0.034375
2 0.6140625 0.2375 0.009375 0.0375
6 0.853125 0.25625 0.0296875 0.0765625
7 0.6515625 0.334375 0.0359375 0.0515625
7 0.809375 0.2953125 0.028125 0.040625
6 0.6578125 0.3953125 0.0484375 0.0515625
3 0.1859375 0.5546875 0.028125 0.0484375
3 0.23125 0.50625 0.0671875 0.0328125
3 0.2703125 0.5515625 0.0390625 0.03125
3 0.1171875 0.56875 0.01875 0.046875
3 0.1453125 0.5171875 0.0265625 0.046875
4 0.1640625 0.5859375 0.0203125 0.0359375
4 0.1375 0.584375 0.0203125 0.0375
6 0.2953125 0.6796875 0.0234375 0.046875
3 0.675 0.6328125 0.08125 0.025
3 0.771875 0.6390625 0.0734375 0.05
3 0.7953125 0.6046875 0.0640625 0.0453125
2 0.8265625 0.753125 0.046875 0.04375
5 0.7859375 0.8625 0.0609375 0.0640625
5 0.63125 0.88125 0.03125 0.075
7 0.8140625 0.953125 0.0328125 0.0453125
6 0.846875 0.884375 0.03125 0.06875
1 0.72109375 0.99140625 0.0734375 0.0171875