2 0.1484375 0.3046875 0.0515625 0.05625
2 0.459375 0.26875 0.04375 0.05
4 0.6890625 0.1296875 0.0296875 0.071875
3 0.7921875 0.103125 0.0765625 0.0265625
3 0.7609375 0.0640625 0.090625 0.0359375
3 0.7734375 0.0265625 0.1125 0.03125
3 0.63984375 0.10546875 0.0203125 0.0390625
3 0.6890625 0.0359375 0.0421875 0.0265625
2 0.8828125 0.20625 0.046875 0.0390625
6 0.871875 0.346875 0.025 0.0765625
5 0.8015625 0.35625 0.0515625 0.075
3 0.44609375 0.603125 0.0578125 0.028125
2 0.040625 0.8046875 0.0625 0.071875
2 0.4640625 0.7484375 0.0625 0.084375
5 0.3828125 0.9078125 0.08125 0.0953125
5 0.1375 0.9 0.0640625 0.0703125
2 0.984375 0.7421875 0.03125 0.05