5 0.19765625 0.0140625 0.0421875 0.028125
6 0.4546875 0.228125 0.084375 0.125
4 0.7875 0.0859375 0.025 0.0390625
3 0.79375 0.0546875 0.0265625 0.04375
5 0.7453125 0.1515625 0.028125 0.03125
5 0.8171875 0.1734375 0.01875 0.0421875
3 0.30234375 0.3875 0.0546875 0.0375
3 0.3734375 0.38984375 0.059375 0.0421875
3 0.4375 0.39296875 0.05625 0.0484375
3 0.49765625 0.3890625 0.0515625 0.040625
5 0.3234375 0.5953125 0.0765625 0.059375
1 0.3671875 0.703125 0.075 0.0359375
6 0.259375 0.64375 0.0328125 0.05625
1 0.428125 0.6890625 0.046875 0.034375
5 0.9484375 0.7828125 0.0390625 0.046875
5 0.7703125 0.78125 0.0671875 0.0546875
2 0.690625 0.6640625 0.05 0.046875