0 0.39375 0.1953125 0.040625 0.05
3 0.3234375 0.0296875 0.0578125 0.04375
5 0.259375 0.28125 0.0421875 0.0625
3 0.8515625 0.10625 0.0921875 0.071875
3 0.971875 0.134375 0.05625 0.071875
4 0.8984375 0.2015625 0.028125 0.084375
2 0.728125 0.2640625 0.0515625 0.0734375
5 0.7984375 0.378125 0.06875 0.0890625
5 0.9453125 0.4171875 0.0359375 0.109375
7 0.746875 0.5046875 0.040625 0.0734375
7 0.9265625 0.540625 0.0359375 0.0875
1 0.828125 0.5578125 0.0375 0.05625
1 0.8546875 0.484375 0.0640625 0.040625
3 0.75 0.125 0.0546875 0.059375
3 0.19453125 0.64296875 0.0890625 0.0078125
2 0.096875 0.753125 0.0390625 0.0453125
5 0.171875 0.8296875 0.0390625 0.0734375
5 0.2984375 0.828125 0.04375 0.0671875
7 0.31875 0.9203125 0.034375 0.05
7 0.159375 0.928125 0.040625 0.0515625
3 0.3015625 0.64453125 0.05625 0.0109375
3 0.5984375 0.6625 0.165625 0.0453125
3 0.69375 0.70625 0.096875 0.0375
3 0.490625 0.7015625 0.0828125 0.04375