2 0.0125 0.1484375 0.025 0.071875
2 0.4171875 0.0921875 0.0625 0.084375
5 0.3359375 0.2515625 0.08125 0.0953125
5 0.090625 0.24375 0.0640625 0.0703125
7 0.09375 0.4421875 0.0578125 0.0890625
7 0.3703125 0.41875 0.0703125 0.09375
3 0.6953125 0.128125 0.075 0.05
3 0.7015625 0.078125 0.078125 0.0625
3 0.8046875 0.11875 0.090625 0.0625
3 0.903125 0.1234375 0.0859375 0.05625
3 0.8953125 0.0765625 0.0765625 0.0546875
3 0.7984375 0.071875 0.071875 0.078125
2 0.628125 0.2609375 0.0578125 0.0734375
2 0.9609375 0.2578125 0.040625 0.06875
5 0.909375 0.4015625 0.0625 0.078125
5 0.7046875 0.390625 0.0734375 0.08125
6 0.6515625 0.496875 0.046875 0.0984375
1 0.815625 0.5359375 0.0703125 0.0390625
4 0.034375 0.7921875 0.0671875 0.0859375
7 0.9140625 0.71484375 0.028125 0.0703125