3 0.1765625 0.1390625 0.103125 0.0515625
3 0.3015625 0.1515625 0.0890625 0.0640625
3 0.4046875 0.1265625 0.075 0.0875
3 0.4875 0.1671875 0.0578125 0.071875
2 0.08125 0.390625 0.0625 0.071875
2 0.5046875 0.334375 0.0625 0.084375
5 0.4234375 0.4625 0.08125 0.034375
5 0.17734375 0.46484375 0.0640625 0.0296875
3 0.71796875 0.015625 0.0828125 0.03125
4 0.640625 0.0921875 0.028125 0.0625
4 0.5890625 0.103125 0.040625 0.0609375
4 0.6890625 0.0796875 0.040625 0.0703125
3 0.60546875 0.01953125 0.0921875 0.0390625
5 0.8078125 0.4171875 0.103125 0.1078125
2 0.3203125 0.6328125 0.03125 0.0296875
2 0.525 0.621875 0.0265625 0.0421875
6 0.521875 0.7453125 0.028125 0.0609375
6 0.3578125 0.7546875 0.0421875 0.05625
8 0.4421875 0.728125 0.075 0.01875
6 0.3328125 0.6859375 0.021875 0.05
6 0.5234375 0.6734375 0.0296875 0.0421875
4 0.4140625 0.5828125 0.0203125 0.034375
3 0.3609375 0.5453125 0.034375 0.0328125
4 0.7328125 0.5609375 0.0359375 0.0578125
4 0.7796875 0.5609375 0.0296875 0.0609375
3 0.66171875 0.4921875 0.0796875 0.025
3 0.75859375 0.5046875 0.0796875 0.05
3 0.853125 0.4984375 0.09375 0.0375
5 0.6703125 0.7796875 0.0328125 0.05625
5 0.85 0.7875 0.0515625 0.075
1 0.7546875 0.9453125 0.1125 0.0546875
1 0.8421875 0.97734375 0.0375 0.0453125
7 0.6359375 0.9234375 0.0328125 0.0546875
2 0.9578125 0.6390625 0.0515625 0.0453125