4 0.31796875 0.02265625 0.0234375 0.0453125
4 0.34921875 0.02734375 0.0265625 0.0546875
3 0.725 0.2734375 0.0859375 0.040625
3 0.2984375 0.5 0.10625 0.0640625
3 0.4484375 0.5203125 0.0875 0.0546875
4 0.371875 0.5859375 0.0703125 0.065625
2 0.50625 0.6671875 0.046875 0.0765625
2 0.196875 0.628125 0.084375 0.065625
5 0.4453125 0.7796875 0.0453125 0.084375
5 0.2765625 0.734375 0.0625 0.05625
7 0.4453125 0.85625 0.0375 0.0703125
7 0.246875 0.828125 0.0328125 0.084375
1 0.340625 0.8921875 0.1109375 0.0578125
6 0.184375 0.76875 0.046875 0.140625
6 0.50625 0.8078125 0.0296875 0.06875
6 0.5140625 0.734375 0.046875 0.0765625
0 0.3359375 0.671875 0.0421875 0.053125
3 0.98671875 0.409375 0.0265625 0.059375