4 0.1390625 0.2390625 0.0234375 0.0515625
4 0.1703125 0.24375 0.0265625 0.0609375
3 0.71953125 0.0203125 0.0828125 0.040625
3 0.628125 0.028125 0.0703125 0.0546875
5 0.78125 0.1734375 0.0765625 0.04375
6 0.8703125 0.2 0.0515625 0.053125
3 0.2328125 0.6546875 0.05625 0.0421875
3 0.2921875 0.65625 0.053125 0.05
2 0.1453125 0.803125 0.040625 0.0609375
5 0.2140625 0.871875 0.034375 0.0609375
3 0.246875 0.7078125 0.0484375 0.0296875
2 0.38125 0.7625 0.0265625 0.0421875
2 0.7671875 0.6296875 0.04375 0.0515625
5 0.8453125 0.8453125 0.0890625 0.115625
7 0.8171875 0.98046875 0.05625 0.0390625
8 0.9328125 0.9078125 0.0453125 0.053125