3 0.0265625 0.0359375 0.05 0.0265625
2 0.7484375 0.1328125 0.0515625 0.0875
5 0.675 0.278125 0.0625 0.0984375
5 0.5 0.253125 0.040625 0.09375
3 0.62890625 0.01796875 0.0984375 0.0359375
3 0.08125 0.53125 0.075 0.05625
3 0.1734375 0.5015625 0.0890625 0.05
3 0.175 0.5375 0.0796875 0.0421875
3 0.265625 0.5265625 0.06875 0.0390625
4 0.209375 0.5953125 0.028125 0.0359375
4 0.1671875 0.59375 0.0265625 0.040625
2 0.3328125 0.64375 0.0359375 0.0359375
5 0.2890625 0.75625 0.0484375 0.0453125
3 0.7609375 0.6 0.0765625 0.05
3 0.909375 0.609375 0.059375 0.04375
4 0.8453125 0.6546875 0.0359375 0.03125
5 0.7796875 0.78125 0.0453125 0.0890625
5 0.88125 0.80625 0.03125 0.0625
8 0.8359375 0.8109375 0.0203125 0.046875
7 0.7609375 0.878125 0.0328125 0.0640625
7 0.8765625 0.896875 0.0203125 0.0609375
6 0.7421875 0.840625 0.0234375 0.0796875
2 0.7078125 0.696875 0.0375 0.0359375