3 0.2703125 0.08125 0.053125 0.0375
3 0.3703125 0.0890625 0.05 0.0265625
3 0.321875 0.078125 0.03125 0.040625
3 0.2703125 0.0421875 0.0515625 0.021875
2 0.975 0.1734375 0.0359375 0.0640625
5 0.9390625 0.3125 0.0328125 0.0859375
5 0.7703125 0.2953125 0.040625 0.08125
4 0.8359375 0.103125 0.0578125 0.0359375
3 0.859375 0.034375 0.0609375 0.0375
4 0.3875 0.7109375 0.0828125 0.0640625
3 0.39375 0.628125 0.18125 0.075
3 0.2546875 0.6671875 0.090625 0.0625
2 0.1890625 0.7875 0.0546875 0.0796875
2 0.5546875 0.7984375 0.0515625 0.06875
5 0.2765625 0.9296875 0.0953125 0.075
5 0.4703125 0.9453125 0.05 0.071875
6 0.5625 0.915625 0.0359375 0.0828125
6 0.171875 0.903125 0.046875 0.1171875
3 0.95625 0.5921875 0.0578125 0.0640625