5 0.19296875 0.02109375 0.0765625 0.0421875
6 0.2828125 0.046875 0.0515625 0.053125
2 0.609375 0.0453125 0.0265625 0.040625
6 0.609375 0.1328125 0.0234375 0.0609375
6 0.584375 0.1796875 0.0265625 0.0515625
3 0.35625 0.44296875 0.04375 0.0265625
4 0.509375 0.53125 0.0453125 0.0390625
2 0.340625 0.5859375 0.0421875 0.046875
5 0.4 0.7125 0.06875 0.0734375
1 0.496875 0.878125 0.065625 0.0390625
7 0.3765625 0.7890625 0.04375 0.0640625
3 0.753125 0.521875 0.10625 0.0390625
3 0.7515625 0.5609375 0.109375 0.040625
3 0.653125 0.55625 0.06875 0.0703125