3 0.00859375 0.109375 0.0171875 0.05
5 0.0375 0.2671875 0.075 0.04375
6 0.1265625 0.29375 0.0515625 0.053125
3 0.0171875 0.05703125 0.034375 0.0296875
4 0.56875 0.0515625 0.0828125 0.0640625
2 0.7359375 0.1390625 0.0515625 0.06875
5 0.6515625 0.2859375 0.05 0.071875
6 0.74375 0.25625 0.0359375 0.0828125
7 0.65625 0.403125 0.0359375 0.1
3 0.1921875 0.5703125 0.071875 0.05625
3 0.2890625 0.60625 0.0890625 0.065625
3 0.3734375 0.609375 0.0625 0.096875
5 0.1546875 0.8734375 0.0546875 0.0546875
5 0.3484375 0.8828125 0.0421875 0.071875
2 0.41875 0.7609375 0.0390625 0.0625