3 0.5875 0.08125 0.0359375 0.059375
5 0.6375 0.2140625 0.04375 0.0578125
4 0.6796875 0.1046875 0.034375 0.0453125
3 0.6390625 0.0609375 0.046875 0.0359375
2 0.559375 0.1640625 0.0328125 0.0359375
4 0.1296875 0.61640625 0.0046875 0.0375
2 0.096875 0.66171875 0.0046875 0.034375
2 0.153125 0.69296875 0.00859375 0.04921875
5 0.1421875 0.7984375 0.0109375 0.0609375
5 0.103125 0.78515625 0.0125 0.0671875
6 0.0953125 0.8984375 0.00625 0.04921875
3 0.615625 0.5171875 0.071875 0.04375
3 0.640625 0.559375 0.090625 0.0484375