3 0.4375 0.0078125 0.103125 0.015625
3 0.2984375 0.009375 0.128125 0.01875
2 0.15 0.165625 0.053125 0.0609375
2 0.5828125 0.1703125 0.059375 0.075
5 0.96640625 0.01953125 0.0671875 0.0390625
6 0.9109375 0.096875 0.059375 0.125
3 0.3984375 0.5625 0.05625 0.0328125
3 0.465625 0.571875 0.0625 0.0421875
2 0.5 0.6734375 0.01875 0.034375
2 0.34375 0.659375 0.021875 0.034375
5 0.4625 0.703125 0.034375 0.0359375
5 0.375 0.69375 0.0296875 0.0265625
4 0.421875 0.625 0.0234375 0.03125
2 0.9796875 0.55390625 0.040625 0.0546875
4 0.796875 0.546875 0.0515625 0.046875
6 0.9875 0.64375 0.025 0.090625
7 0.9828125 0.75625 0.034375 0.096875
5 0.925 0.678125 0.065625 0.0609375
5 0.7546875 0.7171875 0.0359375 0.053125
7 0.7703125 0.7921875 0.0453125 0.0671875