3 0.3703125 0.1359375 0.0984375 0.0453125
3 0.5125 0.1359375 0.103125 0.04375
3 0.5046875 0.1796875 0.103125 0.040625
3 0.365625 0.1828125 0.128125 0.0421875
2 0.2171875 0.35 0.053125 0.0609375
2 0.65 0.3546875 0.059375 0.075
3 0.9234375 0.0453125 0.13125 0.090625
4 0.9765625 0.134375 0.040625 0.053125
2 0.74609375 0.19921875 0.0546875 0.0515625
5 0.9828125 0.4484375 0.025 0.1109375
3 0.31640625 0.60546875 0.0640625 0.0265625
3 0.33125 0.56484375 0.05078125 0.03046875
2 0.24609375 0.7328125 0.028125 0.0484375
5 0.3 0.815625 0.028125 0.07890625
5 0.390625 0.81328125 0.03125 0.071875
7 0.40546875 0.9125 0.025 0.05390625
7 0.290625 0.92109375 0.02890625 0.05546875
3 0.39296875 0.60859375 0.040625 0.02890625