5 0.4421875 0.28125 0.015625 0.0875
7 0.4359375 0.3859375 0.028125 0.071875
3 0.4390625 0.06171875 0.021875 0.0328125
3 0.8734375 0.1171875 0.028125 0.0484375
3 0.91875 0.06875 0.0671875 0.0328125
3 0.9578125 0.1140625 0.0390625 0.03125
3 0.8046875 0.13125 0.01875 0.046875
3 0.8328125 0.0796875 0.0265625 0.046875
4 0.8515625 0.1484375 0.0203125 0.0359375
4 0.825 0.146875 0.0203125 0.0375
6 0.9828125 0.2421875 0.0234375 0.046875
3 0.403125 0.6203125 0.059375 0.0296875
4 0.7328125 0.6046875 0.025 0.0453125
4 0.759375 0.59609375 0.028125 0.0328125