3 0.7796875 0.1890625 0.0421875 0.0515625
3 0.846875 0.165625 0.065625 0.0453125
3 0.925 0.153125 0.0625 0.0484375
2 0.9875 0.25859375 0.025 0.0515625
2 0.4703125 0.7578125 0.0390625 0.0578125
6 0.4828125 0.8296875 0.028125 0.05625
5 0.41875 0.85625 0.0265625 0.0578125
5 0.240625 0.8109375 0.0359375 0.0671875
2 0.2234375 0.7203125 0.025 0.0265625
3 0.421875 0.6375 0.078125 0.0375
3 0.85 0.675 0.040625 0.0515625
3 0.859375 0.7328125 0.059375 0.040625
3 0.9046875 0.678125 0.0421875 0.0453125
3 0.94375 0.728125 0.053125 0.0359375
3 0.965625 0.675 0.0609375 0.046875
4 0.946875 0.7640625 0.0515625 0.05
5 0.8734375 0.90625 0.046875 0.059375
2 0.8109375 0.8046875 0.0390625 0.04375
6 0.8125 0.8671875 0.0375 0.0453125