3 0.215625 0.075 0.040625 0.0515625
3 0.278125 0.078125 0.0625 0.0609375
3 0.35625 0.084375 0.075 0.0546875
2 0.4078125 0.2015625 0.04375 0.0625
2 0.165625 0.1890625 0.0359375 0.0421875
5 0.3765625 0.3390625 0.0421875 0.06875
5 0.2078125 0.3234375 0.0390625 0.078125
3 0.709375 0.1515625 0.071875 0.0265625
3 0.696875 0.184375 0.0921875 0.034375
3 0.7140625 0.2359375 0.0734375 0.0546875
3 0.7953125 0.2140625 0.04375 0.0390625
3 0.8125 0.253125 0.0640625 0.0390625
3 0.2796875 0.575 0.071875 0.05625
3 0.3765625 0.6109375 0.0890625 0.065625
3 0.4609375 0.6140625 0.0625 0.096875
5 0.2421875 0.878125 0.0546875 0.0546875
5 0.4359375 0.8875 0.0421875 0.071875
2 0.50625 0.765625 0.0390625 0.0625
3 0.6421875 0.56640625 0.084375 0.0515625
3 0.75 0.584375 0.0828125 0.0546875
4 0.690625 0.6375 0.0265625 0.028125
2 0.784375 0.6671875 0.021875 0.0265625
5 0.61796875 0.72421875 0.0359375 0.0578125
5 0.7359375 0.753125 0.0296875 0.0625