3 0.2578125 0.1484375 0.03203125 0.0296875
3 0.2890625 0.1328125 0.01796875 0.059375
3 0.3171875 0.13671875 0.02578125 0.06640625
5 0.31171875 0.28828125 0.01484375 0.03828125
5 0.2578125 0.28671875 0.015625 0.03671875
6 0.3328125 0.2484375 0.01171875 0.0296875
4 0.63515625 0.02890625 0.0359375 0.0578125
2 0.796875 0.0984375 0.040625 0.034375
5 0.43203125 0.978125 0.0546875 0.04375
5 0.178125 0.9578125 0.084375 0.084375
6 0.51875 0.9140625 0.0390625 0.075
4 0.3453125 0.753125 0.065625 0.034375
2 0.0671875 0.7953125 0.05625 0.0484375
2 0.53203125 0.8359375 0.0359375 0.05
4 0.5546875 0.67265625 0.009375 0.0703125
2 0.7640625 0.79375 0.0609375 0.0890625
5 0.6703125 0.9625 0.078125 0.075
6 0.74453125 0.98046875 0.0390625 0.0390625
3 0.6984375 0.63828125 0.1125 0.0171875