3 0.3046875 0.153125 0.0375 0.03046875
3 0.34140625 0.1375 0.02109375 0.06171875
3 0.375 0.140625 0.03046875 0.06875
5 0.36875 0.29765625 0.0171875 0.03984375
5 0.3046875 0.29609375 0.01796875 0.03828125
6 0.39296875 0.25625 0.0140625 0.03046875
4 0.8671875 0.18125 0.0171875 0.034375
5 0.89375 0.3 0.0296875 0.05
7 0.9078125 0.3671875 0.0234375 0.034375
7 0.7921875 0.3640625 0.0234375 0.0453125
5 0.803125 0.3015625 0.0328125 0.0484375
2 0.5359375 0.703125 0.0359375 0.04375
2 0.2875 0.69375 0.0328125 0.05
5 0.7125 0.8078125 0.053125 0.08125
5 0.865625 0.821875 0.0421875 0.0609375
6 0.65625 0.84921875 0.0125 0.0765625
2 0.66015625 0.70078125 0.0203125 0.0640625