3 0.1875 0.153125 0.0625 0.0625
3 0.2625 0.1578125 0.053125 0.084375
3 0.3328125 0.1734375 0.065625 0.0703125
3 0.40625 0.190625 0.059375 0.08125
2 0.4125 0.3328125 0.040625 0.084375
2 0.1359375 0.296875 0.0515625 0.0625
5 0.35 0.4234375 0.0421875 0.059375
5 0.16875 0.428125 0.0375 0.0625
3 0.7921875 0.13125 0.0609375 0.0546875
3 0.83671875 0.15625 0.01640625 0.04765625
3 0.7953125 0.084375 0.0484375 0.06171875
5 0.7671875 0.39609375 0.0125 0.07734375
5 0.83671875 0.39140625 0.015625 0.0828125
2 0.7484375 0.27734375 0.0140625 0.03359375
3 0.75234375 0.16484375 0.0140625 0.03359375
4 0.390625 0.684375 0.034375 0.040625
6 0.4890625 0.859375 0.021875 0.053125
2 0.303125 0.7515625 0.0203125 0.03125
4 0.7390625 0.765625 0.0265625 0.04375
4 0.7796875 0.7609375 0.0359375 0.040625
3 0.7234375 0.690625 0.059375 0.0265625
3 0.8046875 0.69375 0.0640625 0.0265625
3 0.7203125 0.71875 0.065625 0.03125
3 0.80625 0.71875 0.0640625 0.028125
2 0.8671875 0.815625 0.0359375 0.0375
2 0.6625 0.8 0.0390625 0.0265625
5 0.6734375 0.853125 0.0375 0.0359375
5 0.8234375 0.878125 0.028125 0.046875