3 0.359375 0.00859375 0.059375 0.0171875
2 0.365625 0.11875 0.040625 0.084375
2 0.0890625 0.0828125 0.0515625 0.0625
5 0.303125 0.209375 0.0421875 0.059375
5 0.121875 0.2140625 0.0375 0.0625
5 0.63125 0.1421875 0.0453125 0.084375
5 0.7921875 0.1453125 0.05 0.0828125
4 0.2078125 0.6 0.0171875 0.03125
3 0.15625 0.5453125 0.040625 0.0234375
3 0.1765625 0.5765625 0.0265625 0.025
3 0.8765625 0.49609375 0.20625 0.0328125
4 0.81875 0.5671875 0.0296875 0.0375
2 0.6765625 0.6125 0.040625 0.0390625
2 0.9859375 0.62421875 0.028125 0.0609375
5 0.7453125 0.7296875 0.0515625 0.0828125
5 0.9203125 0.746875 0.046875 0.084375