3 0.1359375 0.1375 0.1234375 0.05
2 0.3171875 0.2828125 0.0734375 0.0640625
4 0.01640625 0.3078125 0.0328125 0.046875
5 0.0859375 0.4125 0.0609375 0.08125
5 0.2796875 0.409375 0.059375 0.0734375
4 0.70390625 0.1921875 0.02109375 0.06640625
3 0.696875 0.11953125 0.0390625 0.03203125
3 0.68828125 0.0828125 0.0515625 0.03046875
2 0.77734375 0.21640625 0.0140625 0.046875
2 0.6453125 0.3015625 0.01953125 0.0609375
3 0.23125 0.7859375 0.06875 0.0828125
3 0.325 0.8125 0.0765625 0.065625
5 0.3359375 0.9734375 0.04375 0.053125
6 0.1828125 0.984375 0.03125 0.03125
8 0.6875 0.803125 0.0859375 0.0546875
8 0.8328125 0.8234375 0.06875 0.05
5 0.8859375 0.8046875 0.0546875 0.128125
5 0.63125 0.7515625 0.084375 0.103125
7 0.5609375 0.85625 0.0484375 0.0921875
7 0.8703125 0.946875 0.0328125 0.0796875
6 0.97109375 0.7078125 0.0390625 0.05625