4 0.25625 0.165625 0.059375 0.0625
5 0.1 0.3453125 0.0890625 0.09375
7 0.04375 0.446875 0.0625 0.0671875
7 0.246875 0.5234375 0.040625 0.08125
2 0.0546875 0.1953125 0.0671875 0.059375
3 0.38125 0.15546875 0.0375 0.0890625
3 0.2328125 0.0859375 0.0453125 0.0578125
4 0.8109375 0.2390625 0.0328125 0.059375
5 0.7265625 0.403125 0.0578125 0.0875
5 0.8671875 0.428125 0.040625 0.0734375
7 0.871875 0.51875 0.04375 0.053125
7 0.703125 0.5078125 0.0375 0.071875
3 0.7359375 0.184375 0.0890625 0.0328125
2 0.1234375 0.6640625 0.0390625 0.0421875
2 0.29921875 0.64921875 0.0234375 0.0390625
5 0.1734375 0.721875 0.0359375 0.0640625
5 0.2796875 0.7171875 0.040625 0.0578125
7 0.1625 0.78125 0.0234375 0.04375
7 0.290625 0.76875 0.0234375 0.046875
3 0.56796875 0.65 0.0296875 0.040625
3 0.609375 0.6546875 0.0375 0.0484375
3 0.6578125 0.66875 0.0453125 0.0453125
5 0.553125 0.81875 0.04375 0.05625
7 0.5125 0.8828125 0.021875 0.04375
5 0.63125 0.8703125 0.021875 0.0640625
6 0.4875 0.8921875 0.0234375 0.075