7 0.34375 0.16015625 0.05 0.0671875
3 0.1109375 0.6 0.096875 0.0703125
3 0.0234375 0.58671875 0.046875 0.0671875
3 0.1671875 0.69375 0.0359375 0.0875
2 0.1609375 0.78125 0.0625 0.0515625
5 0.059375 0.8625 0.046875 0.0609375
6 0.103125 0.95625 0.040625 0.071875
6 0.1796875 0.825 0.046875 0.059375
3 0.7125 0.5921875 0.1484375 0.0515625
4 0.678125 0.6640625 0.0421875 0.0578125
2 0.5375 0.7125 0.0375 0.0359375
2 0.8046875 0.721875 0.034375 0.03125
5 0.73125 0.8234375 0.0515625 0.0609375
6 0.784375 0.8671875 0.01875 0.075
3 0.578125 0.6015625 0.053125 0.053125