2 0.3578125 0.3116370808678501 0.0453125 0.07100591715976332
3 0.49609375 0.1893491124260355 0.0140625 0.05128205128205128
3 0.5375 0.1854043392504931 0.046875 0.05917159763313609
3 0.6125 0.1952662721893491 0.0703125 0.0631163708086785
3 0.1015625 0.6134122287968442 0.0484375 0.0611439842209073
3 0.1546875 0.6370808678500987 0.0375 0.07100591715976332
3 0.2109375 0.650887573964497 0.053125 0.05917159763313609
5 0.1796875 0.873767258382643 0.03125 0.0611439842209073
5 0.0625 0.8284023668639053 0.0375 0.047337278106508875
3 0.89375 0.47928994082840237 0.096875 0.05719921104536489
3 0.7828125 0.4714003944773176 0.0859375 0.055226824457593686
4 0.834375 0.5384615384615384 0.0671875 0.05128205128205128
5 0.915625 0.7238658777120316 0.065625 0.09467455621301775
5 0.771875 0.7416173570019724 0.05 0.09664694280078895
7 0.765625 0.8520710059171598 0.04375 0.1222879684418146
7 0.925 0.854043392504931 0.03125 0.10848126232741617