4 0.2 0.1671875 0.0546875 0.0625
2 0.3734375 0.1875 0.05 0.0546875
2 0.02734375 0.1640625 0.0546875 0.04375
6 0.0140625 0.34453125 0.028125 0.0921875
7 0.0625 0.4015625 0.04375 0.1078125
7 0.2953125 0.3953125 0.0421875 0.071875
4 0.2265625 0.103125 0.0328125 0.0609375
2 0.471875 0.071875 0.034375 0.0296875
2 0.8375 0.0703125 0.0453125 0.046875
2 0.21015625 0.5 0.0671875 0.021875
6 0.1921875 0.64375 0.0578125 0.109375
5 0.290625 0.64375 0.05 0.053125
0 0.3109375 0.559375 0.1203125 0.06875
1 0.2546875 0.8328125 0.0703125 0.096875
1 0.4359375 0.8546875 0.028125 0.084375
0 0.4421875 0.53515625 0.015625 0.0671875
0 0.3953125 0.5328125 0.0578125 0.0546875
4 0.821875 0.7421875 0.0234375 0.0515625
4 0.853125 0.746875 0.0265625 0.0609375