3 0.3890625 0.0421875 0.046875 0.0421875
2 0.415625 0.1359375 0.05 0.046875
7 0.3625 0.303125 0.05 0.0515625
5 0.315625 0.240625 0.053125 0.0609375
5 0.1375 0.2125 0.0484375 0.053125
4 0.85 0.159375 0.0671875 0.05
2 0.6828125 0.2 0.0484375 0.0453125
3 0.9234375 0.071875 0.0640625 0.03125
3 0.7390625 0.0453125 0.0640625 0.0328125
3 0.846875 0.071875 0.03125 0.0578125
4 0.3765625 0.58359375 0.01484375 0.06484375
5 0.2578125 0.8625 0.015625 0.09453125
5 0.43984375 0.8 0.0453125 0.08984375
2 0.23984375 0.6296875 0.02265625 0.05546875
3 0.84375 0.5 0.059375 0.0203125
7 0.98125 0.8578125 0.015625 0.0328125