4 0.3015625 0.1640625 0.028125 0.05
4 0.3328125 0.1578125 0.025 0.0484375
3 0.2484375 0.125 0.059375 0.0265625
5 0.39765625 0.315625 0.0421875 0.05
7 0.246875 0.3734375 0.0328125 0.0515625
2 0.6515625 0.0828125 0.0359375 0.0265625
2 0.9296875 0.0796875 0.0359375 0.0328125
4 0.0875 0.6578125 0.0234375 0.065625
4 0.0953125 0.715625 0.053125 0.0390625
2 0.29375 0.75 0.0484375 0.05
6 0.325 0.903125 0.0359375 0.0984375
7 0.29609375 0.9796875 0.0359375 0.040625
5 0.21875 0.875 0.0640625 0.0625
5 0.0203125 0.91171875 0.040625 0.0765625
6 0.2890625 0.8046875 0.0796875 0.0390625
3 0.0890625 0.5890625 0.0296875 0.046875
3 0.9359375 0.5890625 0.128125 0.078125
3 0.7984375 0.5703125 0.1203125 0.040625
4 0.7375 0.684375 0.0671875 0.046875
2 0.975 0.759375 0.05 0.053125
2 0.584375 0.7390625 0.0203125 0.04375
5 0.84375 0.90625 0.1265625 0.1421875
6 0.98203125 0.8953125 0.0359375 0.10625
5 0.621875 0.9296875 0.040625 0.0859375