5 0.0984375 0.0578125 0.0421875 0.05
7 0.1375 0.0953125 0.0390625 0.0328125
3 0.5890625 0.0796875 0.1140625 0.059375
3 0.6984375 0.096875 0.0671875 0.0578125
4 0.6203125 0.1328125 0.021875 0.040625
4 0.6234375 0.175 0.040625 0.0234375
2 0.48125 0.19375 0.03125 0.0265625
5 0.528125 0.3328125 0.05625 0.0984375
5 0.675 0.3578125 0.0375 0.071875
3 0.5609375 0.0203125 0.090625 0.0296875
4 0.14765625 0.61953125 0.00703125 0.04375
4 0.15546875 0.61953125 0.00703125 0.0421875
2 0.1078125 0.6484375 0.01171875 0.0234375
3 0.13828125 0.5625 0.01875 0.02734375
3 0.1625 0.55078125 0.02109375 0.02734375
3 0.68828125 0.61484375 0.08359375 0.01640625
3 0.5984375 0.6171875 0.05234375 0.0140625
4 0.64453125 0.6453125 0.025 0.01953125
5 0.59375 0.69609375 0.0328125 0.02890625
5 0.709375 0.69140625 0.05703125 0.034375
2 0.55078125 0.66328125 0.0265625 0.01796875
2 0.753125 0.65390625 0.03671875 0.0234375