3 0.22890625 0.0046875 0.0234375 0.009375
3 0.2296875 0.0328125 0.03125 0.0296875
3 0.10234375 0.00234375 0.0671875 0.0046875
4 0.1421875 0.075 0.021875 0.0453125
2 0.2890625 0.1421875 0.0421875 0.05
5 0.0796875 0.234375 0.046875 0.03125
5 0.25234375 0.23671875 0.0484375 0.0265625
2 0.9484375 0.01953125 0.053125 0.0390625
5 0.8765625 0.0890625 0.059375 0.071875
5 0.653125 0.03125 0.0921875 0.0421875
7 0.884375 0.159375 0.034375 0.0640625
6 0.58828125 0.08828125 0.0390625 0.1609375
6 0.9265625 0.1390625 0.0453125 0.0953125
3 0.2765625 0.465625 0.03671875 0.021875
3 0.3171875 0.459375 0.03046875 0.02734375
2 0.7125 0.3296875 0.071875 0.0890625
5 0.6078125 0.4671875 0.05625 0.0859375
6 0.746875 0.4546875 0.0625 0.1015625
7 0.740625 0.5875 0.065625 0.103125
1 0.596875 0.69765625 0.05625 0.0515625