3 0.66875 0.0265625 0.0640625 0.0265625
3 0.5640625 0.0375 0.04375 0.0234375
4 0.6109375 0.053125 0.025 0.046875
2 0.74375 0.0734375 0.03125 0.0484375
5 0.69375 0.146875 0.0421875 0.040625
1 0.6515625 0.2140625 0.0390625 0.021875
7 0.7234375 0.2109375 0.028125 0.0421875
0 0.646875 0.0953125 0.0359375 0.0328125
2 0.071875 0.584375 0.0359375 0.05
2 0.3296875 0.5875 0.0328125 0.0578125
8 0.2 0.703125 0.053125 0.01875
6 0.1 0.7625 0.0390625 0.040625
6 0.3109375 0.7828125 0.04375 0.0484375
4 0.684375 0.5 0.0125 0.0578125
4 0.6984375 0.5 0.01171875 0.05546875
2 0.6171875 0.5375 0.01953125 0.03125
3 0.66875 0.42421875 0.0328125 0.0359375
3 0.7109375 0.409375 0.03671875 0.0359375