3 0.27421875 0.008215962441314555 0.0453125 0.01643192488262911
3 0.3296875 0.009389671361502348 0.05 0.018779342723004695
4 0.303125 0.07746478873239436 0.021875 0.07276995305164319
4 0.328125 0.07746478873239436 0.0203125 0.06103286384976526
2 0.459375 0.15492957746478872 0.0375 0.07276995305164319
2 0.2265625 0.1643192488262911 0.0296875 0.05868544600938967
7 0.4375 0.3145539906103286 0.040625 0.07042253521126761
5 0.2515625 0.2793427230046948 0.040625 0.07042253521126761
2 0.875 0.17370892018779344 0.059375 0.07746478873239436
5 0.96875 0.3145539906103286 0.025 0.09154929577464789
6 0.91796875 0.431924882629108 0.0359375 0.051643192488262914
2 0.1859375 0.5539906103286385 0.040625 0.06103286384976526
2 0.4359375 0.5539906103286385 0.0265625 0.05868544600938967
5 0.38125 0.6995305164319249 0.034375 0.08450704225352113
5 0.2609375 0.7112676056338029 0.0484375 0.0892018779342723
6 0.21875 0.7183098591549296 0.040625 0.07981220657276995
4 0.340625 0.4894366197183099 0.021875 0.06338028169014084
4 0.31640625 0.4859154929577465 0.0234375 0.056338028169014086
2 0.67578125 0.4694835680751174 0.0234375 0.023474178403755867
5 0.5375 0.5375586854460094 0.0359375 0.05868544600938967
5 0.64375 0.5164319248826291 0.0453125 0.06103286384976526
1 0.6515625 0.6150234741784038 0.0234375 0.08215962441314555
8 0.5828125 0.5469483568075117 0.04375 0.025821596244131457