3 0.30703125 0.1359375 0.03515625 0.0421875
3 0.34375 0.1328125 0.028125 0.05859375
3 0.37421875 0.15234375 0.02265625 0.05859375
3 0.40703125 0.15859375 0.0296875 0.05078125
3 0.43515625 0.15859375 0.0171875 0.06015625
2 0.3 0.240625 0.02421875 0.0390625
5 0.33671875 0.3171875 0.02109375 0.05859375
5 0.40703125 0.32734375 0.01875 0.0390625
4 0.3875 0.209375 0.01328125 0.0296875
3 0.86328125 0.18515625 0.01953125 0.05703125
3 0.8890625 0.2125 0.01953125 0.04453125
7 0.846875 0.4109375 0.00625 0.071875
6 0.82578125 0.36953125 0.01328125 0.0984375
4 0.37109375 0.7359375 0.0375 0.02109375
4 0.4140625 0.73515625 0.0265625 0.0234375
3 0.37265625 0.70234375 0.07890625 0.01640625
3 0.3828125 0.715625 0.09375 0.01796875
3 0.2546875 0.728125 0.065625 0.01796875
2 0.52109375 0.7671875 0.04765625 0.02734375
2 0.2203125 0.7640625 0.0578125 0.0234375
5 0.2921875 0.80390625 0.04921875 0.034375
5 0.446875 0.80546875 0.0578125 0.028125
3 0.48828125 0.72421875 0.07265625 0.01328125