3 0.19296875 0.13125 0.021875 0.04140625
3 0.215625 0.128125 0.01796875 0.05703125
3 0.234375 0.146875 0.0140625 0.05703125
3 0.25546875 0.153125 0.01875 0.04921875
3 0.27265625 0.153125 0.0109375 0.05859375
2 0.18828125 0.23203125 0.01484375 0.03828125
5 0.2109375 0.30625 0.01328125 0.05703125
5 0.25546875 0.315625 0.01171875 0.03828125
4 0.24296875 0.20234375 0.00859375 0.028125
3 0.50625 0.0671875 0.05 0.05625
3 0.6 0.0828125 0.0921875 0.0625
3 0.7140625 0.1140625 0.103125 0.0640625
4 0.675 0.1765625 0.028125 0.059375
2 0.50625 0.2515625 0.0515625 0.059375
5 0.590625 0.3828125 0.0453125 0.1078125
7 0.5828125 0.4828125 0.04375 0.0625
1 0.646875 0.4921875 0.078125 0.0421875
5 0.7359375 0.396875 0.0359375 0.0765625
3 0.2375 0.6328125 0.125 0.0875
3 0.38671875 0.66953125 0.1046875 0.0796875
3 0.07578125 0.6046875 0.0890625 0.071875
2 0.42421875 0.89140625 0.0296875 0.0953125
5 0.31796875 0.98203125 0.0765625 0.0359375
8 0.05 0.9515625 0.090625 0.075
3 0.88125 0.6828125 0.065625 0.05
3 0.96484375 0.70078125 0.0703125 0.0796875
4 0.940625 0.765625 0.0515625 0.046875
5 0.871875 0.9015625 0.028125 0.0640625
5 0.99375 0.90703125 0.0125 0.0609375