3 0.2671875 0.13125 0.03046875 0.04140625
3 0.29921875 0.128125 0.025 0.05703125
3 0.32578125 0.146875 0.0203125 0.05703125
3 0.35390625 0.153125 0.02578125 0.04921875
3 0.37890625 0.153125 0.015625 0.05859375
2 0.2609375 0.23203125 0.02109375 0.03828125
5 0.29296875 0.30625 0.01796875 0.05703125
5 0.35390625 0.315625 0.01640625 0.03828125
4 0.33671875 0.20234375 0.01171875 0.028125
3 0.846875 0.240625 0.075 0.03125
3 0.93125 0.23125 0.071875 0.0453125
5 0.7953125 0.4078125 0.04375 0.06875
5 0.9140625 0.415625 0.05 0.0578125
7 0.9328125 0.4828125 0.034375 0.0515625
7 0.778125 0.4765625 0.0390625 0.0453125
2 0.965625 0.3375 0.0421875 0.0390625
2 0.7359375 0.334375 0.034375 0.0375
3 0.1296875 0.9265625 0.1328125 0.06875
3 0.1296875 0.8328125 0.1265625 0.0828125
3 0.2578125 0.8296875 0.090625 0.1078125
3 0.3625 0.825 0.090625 0.1296875
3 0.4546875 0.8609375 0.075 0.11875
4 0.3140625 0.9421875 0.0484375 0.0890625
4 0.275 0.95703125 0.034375 0.0859375
4 0.23671875 0.97109375 0.0390625 0.0578125
3 0.6734375 0.696875 0.0578125 0.021875
4 0.6296875 0.7546875 0.0203125 0.0359375
1 0.621875 0.97578125 0.025 0.0203125