4 0.215625 0.0546875 0.0265625 0.075
4 0.171875 0.0546875 0.0359375 0.0546875
4 0.253125 0.05625 0.046875 0.040625
2 0.4203125 0.13125 0.040625 0.0828125
5 0.31875 0.31875 0.09375 0.0890625
5 0.0625 0.325 0.0796875 0.103125
3 0.36875 0.009375 0.078125 0.01875
3 0.259375 0.0171875 0.04375 0.034375
2 0.7640625 0.2703125 0.0453125 0.0421875
5 0.7390625 0.3671875 0.0515625 0.0578125
4 0.6328125 0.26875 0.059375 0.0328125
3 0.5046875 0.5953125 0.1171875 0.05
2 0.4421875 0.6890625 0.053125 0.0765625
6 0.446875 0.8140625 0.05 0.0953125
5 0.7171875 0.765625 0.028125 0.0484375
5 0.5953125 0.75703125 0.0125 0.0453125
4 0.684375 0.634375 0.021875 0.053125