2 0.2140625 0.2328125 0.0359375 0.0640625
5 0.178125 0.371875 0.0328125 0.0859375
5 0.01484375 0.3546875 0.0296875 0.08125
4 0.075 0.1625 0.0578125 0.0359375
3 0.0984375 0.09375 0.0609375 0.0375
3 0.7453125 0.1578125 0.0390625 0.0796875
2 0.628125 0.3234375 0.046875 0.0375
5 0.7453125 0.44375 0.0390625 0.13125
5 0.89375 0.3859375 0.0390625 0.08125
2 0.1 0.675 0.0734375 0.059375
5 0.2671875 0.80625 0.05 0.1109375
4 0.36328125 0.53671875 0.0671875 0.0546875
2 0.6125 0.778125 0.040625 0.046875
2 0.853125 0.7703125 0.034375 0.0453125
5 0.6609375 0.8625 0.0421875 0.046875
5 0.815625 0.8515625 0.046875 0.0515625
7 0.8234375 0.925 0.028125 0.0546875
7 0.640625 0.93125 0.03125 0.059375
3 0.75 0.6640625 0.08125 0.0359375