2 0.109375 0.21875 0.046875 0.0625
2 0.371875 0.2 0.0359375 0.0640625
5 0.3359375 0.3390625 0.0328125 0.0859375
5 0.1671875 0.321875 0.0421875 0.08125
4 0.2328125 0.1296875 0.0578125 0.0359375
3 0.25625 0.0609375 0.0609375 0.0375
2 0.8015625 0.0890625 0.0578125 0.0734375
5 0.878125 0.21875 0.0734375 0.08125
6 0.825 0.325 0.046875 0.0984375
1 0.9765625 0.36328125 0.046875 0.0390625
3 0.196875 0.528125 0.078125 0.0453125
2 0.1125 0.659375 0.046875 0.05
5 0.3546875 0.778125 0.0421875 0.0609375
6 0.109375 0.79375 0.053125 0.059375
3 0.78125 0.43125 0.0265625 0.0625
4 0.771875 0.503125 0.0421875 0.0265625
5 0.65859375 0.66953125 0.0390625 0.1015625