3 0.1 0.1390625 0.01953125 0.04375
3 0.121875 0.12890625 0.01484375 0.05078125
3 0.14140625 0.1421875 0.01953125 0.0375
3 0.171875 0.17265625 0.01484375 0.05390625
3 0.1578125 0.1578125 0.0125 0.0609375
5 0.09453125 0.3484375 0.01640625 0.04765625
5 0.15234375 0.37265625 0.0140625 0.05390625
4 0.88125 0.2890625 0.0453125 0.04375
3 0.96796875 0.221875 0.0640625 0.05
3 0.8109375 0.2171875 0.06875 0.034375
3 0.8546875 0.1765625 0.075 0.03125
3 0.8890625 0.2046875 0.071875 0.0421875
2 0.721875 0.303125 0.04375 0.0359375
8 0.8015625 0.4546875 0.0515625 0.040625
8 0.91875 0.4703125 0.05 0.0390625
7 0.95 0.5375 0.0421875 0.05
7 0.746875 0.521875 0.040625 0.0609375
1 0.9140625 0.5828125 0.034375 0.04375
5 0.778125 0.4078125 0.05625 0.065625
5 0.946875 0.4296875 0.053125 0.0796875
1 0.7828125 0.5796875 0.046875 0.0421875
3 0.075 0.7171875 0.090625 0.1078125
3 0.1796875 0.7125 0.090625 0.1296875
3 0.271875 0.7484375 0.075 0.11875
4 0.13125 0.8296875 0.0484375 0.0890625
4 0.0921875 0.8453125 0.034375 0.0875
4 0.0546875 0.8671875 0.0390625 0.075
4 0.103125 0.9265625 0.078125 0.0421875
2 0.3078125 0.9046875 0.05 0.0453125
3 0.7078125 0.659375 0.0609375 0.0328125
5 0.6859375 0.8984375 0.0421875 0.065625
2 0.9109375 0.7953125 0.034375 0.0375
4 0.790625 0.75 0.021875 0.0421875