4 0.06875 0.103125 0.03125 0.0421875
4 0.0265625 0.084375 0.025 0.040625
4 0.115625 0.1 0.0296875 0.0578125
3 0.078125 0.0421875 0.0296875 0.0625
3 0.18125 0.034375 0.0515625 0.034375
4 0.88671875 0.0046875 0.0359375 0.009375
0 0.9109375 0.0609375 0.0375 0.0359375
2 0.9890625 0.03046875 0.021875 0.0421875
5 0.9328125 0.1171875 0.028125 0.04375
1 0.9359375 0.2125 0.03125 0.059375
6 0.7984375 0.0671875 0.0296875 0.0609375
8 0.875 0.134375 0.0625 0.0234375
3 0.04375 0.8703125 0.0484375 0.05625
3 0.1421875 0.8875 0.065625 0.0484375
3 0.240625 0.8890625 0.090625 0.0703125
3 0.8984375 0.846875 0.1328125 0.0390625