4 0.1046875 0.07290015847860538 0.03125 0.042789223454833596
4 0.0625 0.05388272583201268 0.025 0.04120443740095087
4 0.1515625 0.06973058637083994 0.0296875 0.058637083993660855
3 0.11328125 0.021394611727416798 0.0296875 0.042789223454833596
3 0.21640625 0.010301109350237718 0.0515625 0.020602218700475437
6 0.6390625 0.1838351822503962 0.0515625 0.061806656101426306
5 0.98203125 0.24722662440570523 0.0359375 0.07606973058637084
4 0.2234375 0.6038034865293186 0.025 0.042789223454833596
5 0.14375 0.7654516640253566 0.0421875 0.06814580031695722
5 0.23125 0.7955625990491284 0.0234375 0.058637083993660855
7 0.115625 0.8510301109350238 0.028125 0.06656101426307448
6 0.0671875 0.7923930269413629 0.0265625 0.07448494453248812
3 0.6796875 0.7274167987321711 0.053125 0.058637083993660855
3 0.7859375 0.722662440570523 0.065625 0.08240887480190175
3 0.6125 0.7496038034865293 0.059375 0.05229793977812995
4 0.7203125 0.7908082408874801 0.06875 0.03645007923930269
2 0.5734375 0.8700475435816165 0.0328125 0.04754358161648178
2 0.8796875 0.8748019017432647 0.0296875 0.04754358161648178
0 0.7859375 0.9160063391442155 0.0328125 0.05388272583201268
0 0.6640625 0.9080824088748018 0.0234375 0.03803486529318542
5 0.6265625 0.9690966719492868 0.040625 0.061806656101426306
5 0.81015625 0.9754358161648178 0.0546875 0.0491283676703645
6 0.56953125 0.9587955625990491 0.0265625 0.08240887480190175