2 0.5515625 0.13125 0.059375 0.08125
4 0.7765625 0.0828125 0.03125 0.071875
3 0.846875 0.0609375 0.075 0.04375
3 0.7015625 0.01953125 0.08125 0.0390625
6 0.5046875 0.328125 0.0546875 0.14375
5 0.6265625 0.2734375 0.059375 0.078125
5 0.815625 0.3390625 0.03125 0.0875
6 0.534375 0.4375 0.0421875 0.0625
4 0.721875 0.1125 0.05 0.0546875
5 0.13125 0.8015625 0.078125 0.0828125
5 0.3921875 0.8421875 0.034375 0.084375
6 0.8125 0.73671875 0.053125 0.0734375
6 0.446875 0.740625 0.05625 0.078125
8 0.625 0.840625 0.14375 0.0515625
5 0.7140625 0.790625 0.059375 0.0859375
5 0.528125 0.7984375 0.040625 0.090625
7 0.7296875 0.9265625 0.040625 0.0828125
7 0.515625 0.925 0.03125 0.08125
1 0.5546875 0.9609375 0.0421875 0.071875
1 0.64375 0.971875 0.078125 0.0546875
6 0.7859375 0.8578125 0.0375 0.078125