3 0.3078125 0.0703125 0.0609375 0.0328125
5 0.2859375 0.309375 0.0421875 0.065625
2 0.5109375 0.20625 0.034375 0.0375
4 0.390625 0.1609375 0.021875 0.0421875
5 0.8265625 0.1046875 0.053125 0.0890625
6 0.796875 0.01640625 0.06875 0.0328125
3 0.1734375 0.7515625 0.053125 0.05
3 0.2078125 0.784375 0.08125 0.0296875
3 0.2828125 0.7515625 0.06875 0.028125
3 0.278125 0.721875 0.1015625 0.03125
3 0.35 0.7828125 0.0578125 0.0328125
3 0.3625 0.75625 0.05 0.0296875
2 0.1546875 0.896875 0.04375 0.046875
2 0.3921875 0.8953125 0.03125 0.046875
5 0.35078125 0.975 0.0328125 0.05
5 0.22734375 0.9703125 0.0390625 0.059375
3 0.284375 0.79375 0.0375 0.046875
4 0.665625 0.625 0.025 0.0421875
5 0.6734375 0.8140625 0.0234375 0.0578125