2 0.2125 0.1375 0.034375 0.0359375
2 0.0359375 0.1453125 0.0203125 0.0296875
5 0.878125 0.3265625 0.0546875 0.0578125
5 0.684375 0.3265625 0.0578125 0.0515625
2 0.9375 0.21875 0.046875 0.0734375
2 0.6203125 0.228125 0.0328125 0.0515625
4 0.1875 0.5765625 0.028125 0.040625
5 0.271875 0.671875 0.0453125 0.04375
7 0.290625 0.71875 0.034375 0.05
5 0.171875 0.703125 0.040625 0.06875
7 0.1765625 0.75625 0.04375 0.0625
2 0.115625 0.646875 0.028125 0.05
3 0.2046875 0.5375 0.1 0.0359375
4 0.8125 0.528125 0.1109375 0.134375
5 0.7 0.9078125 0.0625 0.115625
0 0.8828125 0.7609375 0.0484375 0.0734375