3 0.253125 0.0171875 0.0625 0.034375
3 0.33046875 0.025 0.0765625 0.05
3 0.43125 0.0125 0.078125 0.025
2 0.6296875 0.0140625 0.053125 0.028125
6 0.65 0.1671875 0.046875 0.096875
4 0.1140625 0.6578125 0.0359375 0.0625
4 0.1578125 0.640625 0.0359375 0.065625
3 0.04375 0.609375 0.059375 0.04375
3 0.1203125 0.5671875 0.05625 0.059375
3 0.228125 0.565625 0.096875 0.0390625
2 0.3703125 0.6828125 0.0578125 0.06875
2 0.009375 0.78359375 0.01875 0.0484375
5 0.2890625 0.8203125 0.0765625 0.0828125
5 0.06875 0.8828125 0.040625 0.103125
6 0.4109375 0.7953125 0.0609375 0.078125
0 0.20625 0.753125 0.0359375 0.040625
2 0.98359375 0.51796875 0.0328125 0.0359375
6 0.5640625 0.646875 0.0515625 0.0609375
5 0.915625 0.709375 0.0515625 0.075