3 0.17890625 0.04140625 0.021875 0.0515625
3 0.20546875 0.05703125 0.0140625 0.05
5 0.175 0.2375 0.01171875 0.04453125
5 0.21875 0.2765625 0.01171875 0.0625
6 0.165625 0.35 0.00625 0.0484375
3 0.8484375 0.0953125 0.0390625 0.0421875
3 0.8921875 0.09375 0.028125 0.0453125
3 0.9234375 0.090625 0.025 0.04375
2 0.7953125 0.1859375 0.03125 0.0265625
5 0.834375 0.2421875 0.0359375 0.0328125
3 0.0328125 0.690625 0.0546875 0.0828125
3 0.1 0.671875 0.0625 0.0859375
3 0.1984375 0.65 0.109375 0.0890625
4 0.065625 0.78125 0.025 0.0546875
5 0.23203125 0.97109375 0.0953125 0.0578125
5 0.8265625 0.6796875 0.0390625 0.075