2 0.1640625 0.0703125 0.0375 0.0359375
2 0.4203125 0.0171875 0.04375 0.034375
5 0.3828125 0.1265625 0.05625 0.04375
5 0.2453125 0.13125 0.03125 0.0453125
4 0.271875 0.0265625 0.04375 0.03125
4 0.715625 0.1390625 0.0265625 0.075
4 0.671875 0.1390625 0.0359375 0.0546875
4 0.753125 0.140625 0.046875 0.040625
2 0.9203125 0.215625 0.040625 0.0828125
5 0.81875 0.403125 0.09375 0.0890625
3 0.7 0.03125 0.1 0.040625
3 0.86875 0.06875 0.078125 0.06875
3 0.69609375 0.00703125 0.0921875 0.0140625
3 0.759375 0.0890625 0.04375 0.0609375
5 0.3328125 0.7671875 0.053125 0.0640625