2 0.13125 0.228125 0.04375 0.0453125
5 0.09375 0.3421875 0.05625 0.04375
3 0.05625 0.14375 0.0703125 0.034375
3 0.0828125 0.1140625 0.0703125 0.04375
3 0.5828125 0.0578125 0.0328125 0.0625
3 0.6265625 0.0375 0.0359375 0.0484375
4 0.6328125 0.09375 0.021875 0.0484375
3 0.671875 0.03125 0.034375 0.0578125
3 0.7234375 0.0234375 0.04375 0.046875
4 0.6671875 0.1046875 0.0203125 0.0375
3 0.7859375 0.1 0.0375 0.05
5 0.7328125 0.296875 0.046875 0.0578125
5 0.60625 0.3203125 0.028125 0.0421875
1 0.7671875 0.3921875 0.0296875 0.0375
3 0.1890625 0.6265625 0.0640625 0.0546875
3 0.275 0.653125 0.065625 0.0421875
7 0.1328125 0.8421875 0.021875 0.06875
6 0.0640625 0.803125 0.04375 0.09375
2 0.4828125 0.69375 0.0359375 0.05
2 0.740625 0.696875 0.0328125 0.0578125
8 0.6109375 0.8125 0.053125 0.01875
6 0.5109375 0.871875 0.0390625 0.040625
6 0.721875 0.8921875 0.04375 0.0484375