3 0.01484375 0.115625 0.0296875 0.03125
5 0.00625 0.2953125 0.0125 0.046875
7 0.0109375 0.353125 0.021875 0.053125
5 0.5640625 0.0171875 0.04375 0.034375
5 0.73359375 0.01328125 0.0578125 0.0265625
4 0.16015625 0.45625 0.0453125 0.034375
2 0.3453125 0.509375 0.0546875 0.05625
5 0.26875 0.6203125 0.0671875 0.075
3 0.7140625 0.6296875 0.05 0.03125
3 0.759375 0.64375 0.0296875 0.0359375
3 0.8296875 0.653125 0.046875 0.034375
4 0.79375 0.6890625 0.028125 0.021875
5 0.7421875 0.7796875 0.034375 0.059375
5 0.834375 0.7828125 0.028125 0.0546875
7 0.7265625 0.853125 0.01875 0.04375
6 0.6796875 0.7734375 0.03125 0.06875
2 0.684375 0.7078125 0.025 0.028125
6 0.871875 0.75 0.021875 0.040625