5 0.0296875 0.014190317195325543 0.0375 0.028380634390651086
7 0.0453125 0.0651085141903172 0.025 0.05676126878130217
3 0.49296875 0.027545909849749584 0.0828125 0.05509181969949917
3 0.5921875 0.018363939899833055 0.090625 0.03672787979966611
3 0.696875 0.02003338898163606 0.084375 0.04006677796327212
4 0.6046875 0.08848080133555926 0.0359375 0.05008347245409015
2 0.759375 0.14858096828046743 0.0578125 0.04006677796327212
2 0.44921875 0.18196994991652754 0.0390625 0.0667779632721202
6 0.49609375 0.2929883138564274 0.0453125 0.09181969949916527
6 0.7515625 0.24040066777963273 0.053125 0.07178631051752922
6 0.759375 0.31969949916527546 0.021875 0.038397328881469114
5 0.6953125 0.27545909849749584 0.053125 0.06176961602671119
5 0.53984375 0.31552587646076796 0.0265625 0.04674457429048414
3 0.3125 0.37061769616026713 0.078125 0.04006677796327212
3 0.359375 0.4273789649415693 0.078125 0.03672787979966611
3 0.3921875 0.3989983305509182 0.0578125 0.04674457429048414
4 0.415625 0.5166944908180301 0.028125 0.05843071786310518
2 0.2328125 0.5876460767946577 0.0578125 0.04340567612687813
3 0.28125 0.4590984974958264 0.065625 0.03005008347245409
3 0.584375 0.4674457429048414 0.1 0.08347245409015025
3 0.7015625 0.48580968280467446 0.059375 0.05676126878130217
2 0.8015625 0.6310517529215359 0.053125 0.07011686143572621
2 0.4578125 0.5876460767946577 0.05 0.08013355592654424
5 0.70625 0.7479131886477463 0.065625 0.08013355592654424
6 0.7390625 0.8697829716193656 0.06875 0.10350584307178631
6 0.815625 0.8614357262103506 0.0515625 0.10517529215358931
6 0.4546875 0.8013355592654424 0.0375 0.12687813021702837