3 0.409375 0.121875 0.0453125 0.0296875
3 0.4609375 0.1265625 0.0328125 0.0265625
3 0.503125 0.1234375 0.0125 0.03125
5 0.50390625 0.303125 0.0109375 0.046875
5 0.4 0.29375 0.040625 0.046875
7 0.38046875 0.3375 0.0265625 0.025
2 0.35 0.2265625 0.028125 0.0484375
3 0.4609375 0.10625 0.046875 0.0234375
2 0.81875 0.0421875 0.0671875 0.0703125
5 0.9390625 0.128125 0.028125 0.053125
8 0.98359375 0.16953125 0.0328125 0.0359375
7 0.90625 0.228125 0.021875 0.0515625
6 0.8265625 0.1515625 0.025 0.0765625
6 0.8796875 0.1703125 0.05625 0.046875
4 0.3046875 0.634375 0.0453125 0.0734375
5 0.3828125 0.8296875 0.0625 0.103125
5 0.228125 0.8296875 0.053125 0.0953125
7 0.1953125 0.9078125 0.05625 0.090625
7 0.4328125 0.8640625 0.034375 0.0421875
3 0.6109375 0.4875 0.053125 0.05
3 0.6453125 0.5203125 0.08125 0.0296875
3 0.7203125 0.4875 0.06875 0.028125
3 0.715625 0.4578125 0.1015625 0.03125
3 0.7875 0.51875 0.0578125 0.0328125
3 0.8 0.4921875 0.05 0.0296875
2 0.5921875 0.6328125 0.04375 0.046875
2 0.8296875 0.63125 0.03125 0.046875
5 0.7890625 0.7125 0.0328125 0.053125
5 0.665625 0.7078125 0.0390625 0.0609375
3 0.721875 0.5296875 0.0375 0.046875