3 0.29296875 0.0078125 0.0515625 0.015625
3 0.36328125 0.003125 0.0734375 0.00625
2 0.1859375 0.146875 0.0328125 0.0453125
5 0.259375 0.225 0.0546875 0.05625
7 0.4421875 0.296875 0.028125 0.05
7 0.24375 0.321875 0.03125 0.059375
5 0.4390625 0.23125 0.028125 0.053125
6 0.1796875 0.2484375 0.04375 0.071875
5 0.7984375 0.284375 0.0515625 0.059375
5 0.634375 0.26875 0.05 0.046875
6 0.8515625 0.371875 0.034375 0.09375
2 0.25625 0.6375 0.040625 0.040625
2 0.50625 0.6375 0.0265625 0.0390625
5 0.4515625 0.734375 0.034375 0.05625
5 0.33125 0.7421875 0.0484375 0.059375
6 0.2890625 0.746875 0.040625 0.053125
4 0.4109375 0.5875 0.021875 0.05625
4 0.3875 0.5859375 0.0234375 0.0515625
2 0.9046875 0.69375 0.05625 0.05
5 0.61328125 0.80390625 0.0265625 0.0828125
5 0.8625 0.8453125 0.0625 0.084375
4 0.6984375 0.6109375 0.0421875 0.0640625
4 0.7578125 0.6109375 0.0296875 0.05625