3 0.0375 0.04375 0.0515625 0.0234375
3 0.1078125 0.0328125 0.0734375 0.0265625
3 0.1640625 0.01171875 0.05625 0.0234375
5 0.01484375 0.2640625 0.0296875 0.05625
7 0.1859375 0.3359375 0.028125 0.05
5 0.1828125 0.2703125 0.028125 0.053125
7 0.7484375 0.01171875 0.03125 0.0234375
5 0.1109375 0.4578125 0.028125 0.015625
6 0.075 0.4765625 0.025 0.053125
1 0.1140625 0.5140625 0.03125 0.0359375
3 0.609375 0.609375 0.0890625 0.025
4 0.6609375 0.69375 0.0265625 0.059375
5 0.721875 0.8859375 0.0328125 0.046875
5 0.5828125 0.9015625 0.0359375 0.0453125
7 0.55625 0.96875 0.0203125 0.0328125
7 0.746875 0.965625 0.025 0.0328125