3 0.2890625 0.096875 0.0421875 0.0390625
3 0.3359375 0.1203125 0.0390625 0.05
3 0.375 0.103125 0.028125 0.025
3 0.37109375 0.1296875 0.0359375 0.025
2 0.2015625 0.1625 0.0265625 0.0359375
5 0.3359375 0.26875 0.034375 0.0390625
5 0.2328125 0.2484375 0.0453125 0.028125
3 0.240625 0.0546875 0.04375 0.021875
3 0.59453125 0.025 0.1453125 0.05
3 0.7296875 0.01953125 0.0875 0.0390625
4 0.725 0.1140625 0.0765625 0.1109375
2 0.46875 0.184375 0.06875 0.0546875
2 0.9640625 0.1796875 0.04375 0.059375
0 0.7859375 0.25625 0.0625 0.0671875
0 0.671875 0.265625 0.0671875 0.071875
5 0.584375 0.34375 0.0625 0.071875
5 0.85859375 0.3453125 0.0765625 0.06875
6 0.94453125 0.35859375 0.0390625 0.0421875
3 0.05625 0.471875 0.05 0.05625
3 0.15 0.4875 0.0921875 0.0625
3 0.2640625 0.51875 0.103125 0.0640625
4 0.225 0.58125 0.028125 0.059375
2 0.05625 0.65625 0.0515625 0.059375
5 0.140625 0.7875 0.0453125 0.1078125
7 0.1328125 0.8875 0.04375 0.0625
1 0.196875 0.896875 0.078125 0.0421875
5 0.2859375 0.8015625 0.0359375 0.0765625
3 0.6671875 0.6296875 0.1328125 0.0390625