4 0.6515625 0.075 0.0640625 0.0375
5 0.7171875 0.2171875 0.0390625 0.0546875
5 0.5875 0.2140625 0.0421875 0.0546875
7 0.7375 0.3046875 0.0328125 0.053125
3 0.2265625 0.5359375 0.0828125 0.0328125
4 0.225 0.609375 0.0203125 0.05
5 0.109375 0.7390625 0.05625 0.0671875
2 0.584375 0.56875 0.059375 0.08125
4 0.809375 0.5203125 0.03125 0.071875
3 0.8796875 0.4984375 0.075 0.04375
3 0.734375 0.4578125 0.08125 0.0375
6 0.5375 0.765625 0.0546875 0.14375
5 0.659375 0.7109375 0.059375 0.078125
5 0.8484375 0.7765625 0.03125 0.0875
6 0.5671875 0.875 0.0421875 0.0625
4 0.7546875 0.55 0.05 0.0546875