3 0.1796875 0.010321100917431193 0.059375 0.020642201834862386
3 0.29765625 0.01261467889908257 0.0578125 0.02522935779816514
2 0.1515625 0.1834862385321101 0.0578125 0.08027522935779817
5 0.9078125 0.5665137614678899 0.0375 0.06651376146788991
3 0.9421875 0.22935779816513763 0.05 0.03211009174311927
3 0.9859375 0.2545871559633027 0.028125 0.04128440366972477
2 0.865625 0.4243119266055046 0.034375 0.06651376146788991
4 0.2796875 0.8073394495412844 0.021875 0.05963302752293578
4 0.3046875 0.8073394495412844 0.0203125 0.05733944954128441
2 0.1609375 0.8463302752293578 0.034375 0.03211009174311927
4 0.9890625 0.9059633027522935 0.0203125 0.06192660550458716
3 0.9546875 0.8463302752293578 0.0390625 0.06880733944954129