3 0.4390625 0.26875 0.165625 0.0546875
4 0.4671875 0.3203125 0.021875 0.0546875
2 0.2671875 0.3578125 0.075 0.078125
3 0.240625 0.3125 0.0515625 0.0734375
6 0.2703125 0.425 0.0609375 0.0578125
0 0.4421875 0.4046875 0.021875 0.04375
0 0.40625 0.4078125 0.0421875 0.046875
4 0.796875 0.1015625 0.00625 0.04296875
4 0.80859375 0.1 0.0078125 0.04140625
3 0.7578125 0.1265625 0.01171875 0.04921875
3 0.76640625 0.0671875 0.01875 0.04296875
3 0.7859375 0.04296875 0.01640625 0.03125
3 0.809375 0.0578125 0.0140625 0.0265625
2 0.76171875 0.1859375 0.015625 0.034375
8 0.8109375 0.2828125 0.01953125 0.028125
1 0.8078125 0.33671875 0.0265625 0.03125
1 0.78828125 0.36953125 0.0109375 0.04453125
5 0.7828125 0.32578125 0.00859375 0.0375
3 0.22890625 0.584375 0.0765625 0.03125
3 0.32109375 0.5828125 0.0890625 0.028125
3 0.4109375 0.5875 0.08125 0.0375
5 0.390625 0.7984375 0.075 0.1
2 0.4515625 0.7 0.0578125 0.0453125
2 0.8125 0.6046875 0.034375 0.03125
5 0.7390625 0.70625 0.0515625 0.0609375
6 0.7921875 0.75 0.01875 0.075