2 0.26875 0.0265625 0.075 0.053125
6 0.271875 0.08125 0.0609375 0.0578125
0 0.44140625 0.0609375 0.0171875 0.04375
0 0.4078125 0.0640625 0.0421875 0.046875
4 0.665625 0.2015625 0.028125 0.065625
4 0.69375 0.20625 0.0328125 0.071875
3 0.6390625 0.1203125 0.078125 0.028125
3 0.6328125 0.0796875 0.084375 0.034375
2 0.52421875 0.25 0.0421875 0.01875
3 0.2984375 0.49375 0.0203125 0.0703125
3 0.2765625 0.47734375 0.0171875 0.08828125
3 0.2515625 0.46953125 0.01796875 0.0640625
3 0.2359375 0.5203125 0.0171875 0.078125
5 0.3140625 0.8109375 0.015625 0.0453125
6 0.33203125 0.8765625 0.021875 0.05546875
4 0.74453125 0.45546875 0.01171875 0.0484375
4 0.7609375 0.45390625 0.0140625 0.05234375
3 0.70859375 0.37265625 0.0296875 0.0640625
3 0.7421875 0.3546875 0.02578125 0.075
3 0.775 0.35703125 0.0296875 0.07109375