7 0.2734375 0.00859375 0.025 0.0171875
7 0.17578125 0.0109375 0.0234375 0.021875
1 0.22890625 0.00703125 0.0546875 0.0140625
5 0.553125 0.26875 0.0515625 0.0796875
5 0.721875 0.271875 0.0328125 0.0734375
2 0.7609375 0.15 0.040625 0.0515625
4 0.621875 0.1 0.0578125 0.046875
4 0.0875 0.546875 0.0484375 0.06875
4 0.034375 0.565625 0.05 0.0625
2 0.4046875 0.6328125 0.078125 0.078125
5 0.3203125 0.8296875 0.1203125 0.0765625
5 0.015625 0.9359375 0.03125 0.09375
7 0.421875 0.915625 0.0546875 0.09375
4 0.0875 0.61875 0.0828125 0.046875
3 0.07265625 0.49453125 0.0421875 0.0109375
3 0.165625 0.49453125 0.0875 0.0109375
3 0.7421875 0.6203125 0.078125 0.0328125
2 0.625 0.7421875 0.05 0.0671875
6 0.584375 0.8484375 0.04375 0.0875
7 0.634375 0.940625 0.040625 0.1046875
5 0.8578125 0.875 0.03125 0.078125
1 0.68203125 0.9734375 0.0359375 0.053125