3 0.6765625 0.2546875 0.2140625 0.0296875
2 0.80625 0.3265625 0.034375 0.03125
2 0.5671875 0.3640625 0.0265625 0.03125
0 0.690625 0.3640625 0.0359375 0.0390625
5 0.74375 0.4296875 0.0671875 0.0578125
5 0.615625 0.45625 0.0296875 0.053125
7 0.78125 0.5 0.025 0.0484375
1 0.76484375 0.54296875 0.0265625 0.0140625
3 0.1015625 0.7140625 0.0515625 0.0265625
3 0.16875 0.703125 0.046875 0.0359375
3 0.234375 0.68125 0.0609375 0.0453125
2 0.2921875 0.7703125 0.0328125 0.0359375
2 0.08125 0.8015625 0.028125 0.034375
6 0.09375 0.8734375 0.028125 0.0453125
5 0.246875 0.859375 0.0265625 0.0375
3 0.74296875 0.5859375 0.1328125 0.071875
3 0.60234375 0.5671875 0.1203125 0.034375
4 0.5421875 0.678125 0.0671875 0.046875
2 0.7859375 0.753125 0.0625 0.053125
2 0.3890625 0.7328125 0.0203125 0.04375
5 0.6484375 0.9 0.1265625 0.1421875
6 0.8109375 0.8890625 0.084375 0.10625
6 0.85078125 0.99296875 0.0640625 0.0140625
6 0.9203125 0.97734375 0.046875 0.0453125
5 0.4265625 0.9234375 0.040625 0.0859375