4 0.3265625 0.0609375 0.028125 0.05
4 0.36875 0.0578125 0.0234375 0.040625
3 0.25546875 0.01015625 0.0640625 0.0203125
5 0.4109375 0.2515625 0.0390625 0.0625
5 0.240625 0.2484375 0.05 0.0484375
7 0.4515625 0.3265625 0.0375 0.05
6 0.1828125 0.1859375 0.0453125 0.053125
2 0.4890625 0.1265625 0.0484375 0.0421875
3 0.9109375 0.0953125 0.1203125 0.034375
2 0.6515625 0.5484375 0.0390625 0.0484375
2 0.865625 0.553125 0.0328125 0.0421875
5 0.7078125 0.6140625 0.0421875 0.0359375
5 0.8375 0.615625 0.0359375 0.0328125
4 0.7765625 0.5109375 0.021875 0.046875
3 0.703125 0.478125 0.0578125 0.0296875