4 0.175 0.07394366197183098 0.028125 0.056338028169014086
4 0.2171875 0.07042253521126761 0.0234375 0.045774647887323945
3 0.10390625 0.014084507042253521 0.0640625 0.028169014084507043
5 0.259375 0.2887323943661972 0.0390625 0.07042253521126761
5 0.0890625 0.2852112676056338 0.05 0.05457746478873239
7 0.3 0.3732394366197183 0.0375 0.056338028169014086
6 0.03125 0.2147887323943662 0.0453125 0.05985915492957746
2 0.3375 0.14788732394366197 0.0484375 0.04753521126760563
3 0.7671875 0.1602112676056338 0.0890625 0.0528169014084507
3 0.8765625 0.1795774647887324 0.0890625 0.06690140845070422
5 0.69375 0.34683098591549294 0.053125 0.061619718309859156
5 0.8734375 0.42077464788732394 0.034375 0.061619718309859156
7 0.6625 0.4630281690140845 0.0375 0.10387323943661972
7 0.846875 0.5070422535211268 0.040625 0.08098591549295775
2 0.653125 0.24295774647887325 0.0484375 0.03873239436619718
2 0.9375 0.31161971830985913 0.034375 0.045774647887323945
3 0.221875 0.9137323943661971 0.128125 0.0897887323943662
3 0.39375 0.948943661971831 0.0640625 0.07042253521126761
4 0.328125 0.9903169014084507 0.0375 0.01936619718309859
2 0.784375 0.6919014084507042 0.0484375 0.07042253521126761
6 0.771875 0.7869718309859155 0.04375 0.08450704225352113
5 0.8796875 0.8573943661971831 0.0609375 0.06514084507042253