3 0.73203125 0.15 0.04453125 0.0328125
3 0.67109375 0.16640625 0.02890625 0.03671875
2 0.76015625 0.2234375 0.015625 0.0328125
2 0.64609375 0.23984375 0.02109375 0.03828125
5 0.6796875 0.3078125 0.021875 0.053125
5 0.7375 0.2875 0.028125 0.05859375
6 0.65703125 0.36640625 0.02109375 0.075
6 0.7578125 0.3625 0.015625 0.06015625
3 0.203125 0.640625 0.0421875 0.0484375
3 0.246875 0.6484375 0.034375 0.0578125
3 0.30625 0.640625 0.0484375 0.0359375
3 0.3546875 0.634375 0.040625 0.0609375
4 0.2875 0.6953125 0.021875 0.034375
5 0.23125 0.7828125 0.034375 0.0390625
5 0.3296875 0.78125 0.0265625 0.0375
6 0.1890625 0.7703125 0.0234375 0.0359375
6 0.3515625 0.8078125 0.025 0.0421875
5 0.728125 0.628125 0.078125 0.071875
5 0.5375 0.6515625 0.040625 0.084375
6 0.803125 0.6921875 0.0296875 0.1125
6 0.4953125 0.69375 0.040625 0.1234375