3 0.0953125 0.065625 0.0734375 0.0421875
3 0.175 0.071875 0.053125 0.0328125
3 0.240625 0.071875 0.046875 0.0515625
2 0.0375 0.165625 0.0359375 0.04375
2 0.278125 0.175 0.0265625 0.046875
4 0.1640625 0.14375 0.0453125 0.0328125
4 0.928125 0.121875 0.0234375 0.0390625
4 0.9515625 0.121875 0.025 0.0453125
2 0.8171875 0.190625 0.03125 0.04375
3 0.9765625 0.075 0.046875 0.025
3 0.8640625 0.090625 0.0796875 0.0234375
3 0.8765625 0.059375 0.0734375 0.0265625
3 0.946875 0.05625 0.046875 0.028125
3 0.9921875 0.05390625 0.015625 0.0296875
3 0.9375 0.034375 0.0625 0.0265625
5 0.9953125 0.26640625 0.009375 0.0546875
5 0.8890625 0.2609375 0.0296875 0.0515625
7 0.2 0.784375 0.0234375 0.0375
7 0.028125 0.8109375 0.028125 0.0359375
3 0.55 0.5453125 0.0625 0.025
2 0.8265625 0.6453125 0.04375 0.05625
2 0.490625 0.6609375 0.0359375 0.0421875
5 0.740625 0.7265625 0.059375 0.0609375
5 0.53125 0.75625 0.040625 0.0625