2 0.275 0.0328125 0.0390625 0.0375
2 0.9640625 0.034375 0.05 0.05
2 0.615625 0.03125 0.034375 0.040625
5 0.878125 0.1875 0.046875 0.078125
5 0.6875 0.228125 0.021875 0.0484375
3 0.24609375 0.39453125 0.0734375 0.0109375
3 0.3265625 0.3953125 0.053125 0.0125
3 0.3921875 0.4 0.046875 0.021875
2 0.1890625 0.4796875 0.0359375 0.04375
2 0.4296875 0.4890625 0.0265625 0.046875
4 0.315625 0.4578125 0.0453125 0.0328125
3 0.690625 0.590625 0.0703125 0.059375
3 0.765625 0.575 0.0515625 0.06875
3 0.83125 0.575 0.05625 0.0609375
3 0.9125 0.590625 0.0625 0.071875
4 0.8296875 0.6375 0.028125 0.0453125
4 0.796875 0.6390625 0.025 0.046875
2 0.646875 0.7078125 0.05625 0.04375
2 0.9375 0.696875 0.0515625 0.0390625
5 0.7234375 0.7859375 0.046875 0.0640625
5 0.875 0.7875 0.0484375 0.090625