2 0.1390625 0.1497005988023952 0.0359375 0.04590818363273453
3 0.0234375 0.008982035928143712 0.046875 0.017964071856287425
3 0.609375 0.04790419161676647 0.015625 0.03992015968063872
4 0.6484375 0.07984031936127745 0.0265625 0.0499001996007984
3 0.63125 0.015968063872255488 0.0640625 0.029940119760479042
5 0.5890625 0.24750499001996007 0.0296875 0.06387225548902195
5 0.740625 0.2554890219560878 0.0453125 0.04590818363273453
4 0.1390625 0.8143712574850299 0.040625 0.06387225548902195
3 0.134375 0.7365269461077845 0.05625 0.06387225548902195
5 0.8171875 0.6007984031936128 0.0625 0.08383233532934131
6 0.8765625 0.7125748502994012 0.0328125 0.11976047904191617