3 0.2109375 0.20422535211267606 0.0359375 0.06807511737089202
3 0.26875 0.20422535211267606 0.0390625 0.046948356807511735
4 0.271875 0.2676056338028169 0.03125 0.04929577464788732
3 0.3265625 0.215962441314554 0.0609375 0.03990610328638498
3 0.321875 0.2535211267605634 0.05 0.03286384976525822
2 0.1796875 0.2981220657276995 0.025 0.05868544600938967
2 0.3609375 0.33098591549295775 0.0296875 0.0539906103286385
5 0.3109375 0.42488262910798125 0.0296875 0.05868544600938967
5 0.2125 0.4061032863849765 0.034375 0.06572769953051644
4 0.7359375 0.13615023474178403 0.015625 0.056338028169014086
4 0.715625 0.1572769953051643 0.0203125 0.03990610328638498
3 0.8 0.11267605633802817 0.0578125 0.03990610328638498
3 0.7265625 0.07042253521126761 0.0734375 0.035211267605633804
2 0.625 0.2112676056338028 0.028125 0.06103286384976526
2 0.8484375 0.22300469483568075 0.028125 0.03755868544600939
5 0.7828125 0.3591549295774648 0.0328125 0.08450704225352113
5 0.66875 0.36384976525821594 0.0328125 0.1056338028169014
7 0.6484375 0.4518779342723005 0.03125 0.035211267605633804
7 0.79765625 0.45774647887323944 0.0203125 0.023474178403755867
3 0.4875 0.4835680751173709 0.04375 0.028169014084507043
2 0.3265625 0.6173708920187794 0.0328125 0.07276995305164319
6 0.3390625 0.7746478873239436 0.03125 0.107981220657277
5 0.3609375 0.7629107981220657 0.025 0.06807511737089202
5 0.509375 0.7535211267605634 0.0234375 0.07981220657276995