2 0.5609375 0.315625 0.0390625 0.0375
2 0.8046875 0.3671875 0.0359375 0.0359375
3 0.6765625 0.2453125 0.0734375 0.0390625
3 0.759375 0.2359375 0.0515625 0.03125
3 0.6859375 0.196875 0.0625 0.03125
3 0.753125 0.2125 0.0625 0.0375
3 0.13359375 0.6046875 0.02890625 0.0515625
3 0.1828125 0.60625 0.021875 0.0375
5 0.1390625 0.76875 0.01015625 0.06328125
5 0.1734375 0.77421875 0.0109375 0.05625
3 0.51328125 0.57890625 0.06953125 0.02734375
3 0.59921875 0.553125 0.05859375 0.0203125
3 0.7609375 0.5359375 0.06484375 0.02265625
3 0.6828125 0.5140625 0.07890625 0.02265625
2 0.88984375 0.64765625 0.053125 0.05546875
2 0.47421875 0.6515625 0.06953125 0.04375
6 0.4546875 0.73046875 0.0453125 0.06328125
6 0.8984375 0.7265625 0.053125 0.07265625
6 0.8703125 0.7984375 0.06484375 0.04921875
5 0.51328125 0.75 0.04375 0.04921875
5 0.84921875 0.74453125 0.0515625 0.0390625