3 0.31875 0.11875 0.053125 0.040625
3 0.3765625 0.13125 0.040625 0.0375
3 0.4421875 0.140625 0.0546875 0.0484375
3 0.6953125 0.1796875 0.0734375 0.0421875
3 0.775 0.1859375 0.053125 0.0328125
3 0.840625 0.1859375 0.046875 0.0515625
2 0.6375 0.2796875 0.0359375 0.04375
2 0.878125 0.2890625 0.0265625 0.046875
4 0.7640625 0.2578125 0.0453125 0.0328125
2 0.1546875 0.68125 0.05625 0.059375
5 0.434375 0.8078125 0.05625 0.0625
5 0.228125 0.8078125 0.034375 0.0765625
3 0.7515625 0.64453125 0.109375 0.0296875
4 0.684375 0.7578125 0.05 0.0265625
5 0.8015625 0.8671875 0.071875 0.0625
5 0.6125 0.9015625 0.0515625 0.0765625
6 0.8953125 0.8734375 0.05 0.121875
6 0.575 0.9578125 0.0515625 0.059375
2 0.8546875 0.771875 0.0265625 0.06875