3 0.35703125 0.18125 0.0234375 0.040625
4 0.6625 0.03125 0.053125 0.0625
2 0.50625 0.128125 0.0421875 0.06875
2 0.8234375 0.121875 0.046875 0.0578125
5 0.284375 0.73671875 0.03125 0.0359375
3 0.5921875 0.734375 0.05 0.03125
3 0.60625 0.771875 0.05625 0.03125
3 0.8046875 0.728125 0.06875 0.01875
4 0.7375 0.7984375 0.0375 0.065625
4 0.6875 0.80625 0.0296875 0.0625
2 0.571875 0.9234375 0.053125 0.059375
2 0.890625 0.8515625 0.046875 0.05
5 0.87578125 0.97421875 0.0734375 0.0515625
5 0.634375 0.99296875 0.046875 0.0140625