3 0.225 0.05625 0.065625 0.0203125
3 0.2140625 0.0765625 0.0515625 0.0265625
3 0.28125 0.08125 0.05 0.0234375
3 0.3484375 0.10625 0.040625 0.021875
4 0.26875 0.1296875 0.028125 0.034375
4 0.3015625 0.1359375 0.025 0.034375
2 0.403125 0.2 0.03125 0.05
2 0.1796875 0.1765625 0.028125 0.04375
5 0.3484375 0.271875 0.0375 0.059375
5 0.2109375 0.2484375 0.0375 0.04375
6 0.421875 0.2625 0.03125 0.040625
3 0.6046875 0.00625 0.034375 0.0125
2 0.8640625 0.0453125 0.0453125 0.0546875
2 0.6046875 0.0984375 0.0453125 0.053125
7 0.86875 0.1734375 0.0390625 0.05625
3 0.303125 0.6078125 0.040625 0.075
3 0.8890625 0.484375 0.0828125 0.03125
3 0.97109375 0.478125 0.0578125 0.0375