3 0.146875 0.06074766355140187 0.065625 0.030373831775700934
3 0.1359375 0.0911214953271028 0.0515625 0.0397196261682243
3 0.203125 0.09813084112149532 0.05 0.035046728971962614
3 0.2703125 0.13551401869158877 0.040625 0.03271028037383177
4 0.190625 0.1705607476635514 0.028125 0.0514018691588785
4 0.2234375 0.17990654205607476 0.025 0.0514018691588785
2 0.32421875 0.2733644859813084 0.0296875 0.07009345794392523
2 0.1015625 0.24065420560747663 0.028125 0.06542056074766354
3 0.678125 0.15654205607476634 0.09375 0.07476635514018691
3 0.8359375 0.1588785046728972 0.071875 0.053738317757009345
2 0.003125 0.5759345794392523 0.00625 0.053738317757009345
3 0.5296875 0.4766355140186916 0.0421875 0.07242990654205607
3 0.5734375 0.4883177570093458 0.034375 0.08644859813084112
3 0.6328125 0.4766355140186916 0.0484375 0.053738317757009345
3 0.68125 0.4672897196261682 0.040625 0.0911214953271028
4 0.6140625 0.5584112149532711 0.021875 0.0514018691588785
5 0.5578125 0.6892523364485982 0.034375 0.05841121495327103
5 0.65625 0.6869158878504673 0.0265625 0.056074766355140186
6 0.515625 0.6705607476635514 0.0234375 0.053738317757009345
6 0.678125 0.7266355140186916 0.025 0.0630841121495327