4 0.3828125 0.1765625 0.025 0.046875
2 0.2734375 0.2375 0.034375 0.0359375
3 0.315625 0.159375 0.05 0.0234375
3 0.328125 0.1375 0.05625 0.0390625
3 0.375 0.1109375 0.0609375 0.0265625
3 0.3234375 0.47109375 0.053125 0.059375
3 0.3890625 0.4921875 0.053125 0.075
5 0.2796875 0.6796875 0.03203125 0.06875
5 0.3875 0.76328125 0.0203125 0.06875
7 0.2609375 0.81015625 0.02265625 0.11640625
7 0.37109375 0.86015625 0.02421875 0.090625
2 0.2546875 0.56328125 0.02890625 0.04375
2 0.42578125 0.640625 0.0203125 0.0515625
3 0.896875 0.3296875 0.0703125 0.059375
3 0.97109375 0.31875 0.0515625 0.059375
4 0.9953125 0.378125 0.009375 0.046875
2 0.853125 0.446875 0.05625 0.04375
5 0.9296875 0.525 0.046875 0.0640625