2 0.1 0.20774647887323944 0.0625 0.07394366197183098
2 0.353125 0.15140845070422534 0.04375 0.06690140845070422
3 0.1765625 0.07746478873239436 0.078125 0.03873239436619718
4 0.25 0.09507042253521127 0.0328125 0.07394366197183098
5 0.321875 0.23943661971830985 0.0453125 0.06514084507042253
5 0.1921875 0.2658450704225352 0.046875 0.06866197183098592
3 0.6609375 0.2640845070422535 0.0546875 0.045774647887323945
3 0.7171875 0.25880281690140844 0.046875 0.04753521126760563
3 0.7734375 0.24471830985915494 0.0484375 0.04753521126760563
3 0.8171875 0.2323943661971831 0.034375 0.056338028169014086
2 0.11875 0.704225352112676 0.0421875 0.04401408450704225
2 0.465625 0.6919014084507042 0.0390625 0.0528169014084507
5 0.196875 0.8257042253521126 0.046875 0.0897887323943662
4 0.6265625 0.6883802816901409 0.03125 0.058098591549295774