2 0.0328125 0.33098591549295775 0.0625 0.07394366197183098
2 0.2859375 0.2746478873239437 0.04375 0.06690140845070422
3 0.109375 0.2007042253521127 0.078125 0.03873239436619718
4 0.1828125 0.21830985915492956 0.0328125 0.07394366197183098
5 0.2546875 0.3626760563380282 0.0453125 0.06514084507042253
5 0.125 0.3890845070422535 0.046875 0.06866197183098592
2 0.859375 0.34507042253521125 0.0453125 0.04929577464788732
5 0.9484375 0.4841549295774648 0.0484375 0.07922535211267606
3 0.98125 0.18661971830985916 0.0234375 0.056338028169014086
3 0.928125 0.22887323943661972 0.03125 0.0528169014084507
5 0.3015625 0.8679577464788732 0.0546875 0.0528169014084507
5 0.18125 0.9137323943661971 0.0328125 0.07042253521126761
5 0.6359375 0.846830985915493 0.0125 0.07394366197183098
5 0.803125 0.8362676056338029 0.05 0.0528169014084507