3 0.25 0.0890625 0.0859375 0.0609375
3 0.2765625 0.16875 0.08125 0.0796875
3 0.1640625 0.146875 0.09375 0.0609375
3 0.02890625 0.1734375 0.0578125 0.034375
3 0.025 0.10625 0.05 0.04375
2 0.30625 0.3046875 0.06875 0.0609375
7 0.7765625 0.340625 0.015625 0.0421875
7 0.6828125 0.325 0.021875 0.046875
4 0.3125 0.634375 0.0375 0.0484375
3 0.2046875 0.6109375 0.0625 0.0296875
3 0.253125 0.5796875 0.065625 0.0453125
3 0.396875 0.5921875 0.0609375 0.0359375
3 0.396875 0.559375 0.0703125 0.0546875
3 0.3296875 0.56875 0.0625 0.059375
3 0.2 0.5703125 0.0453125 0.0515625
2 0.4515625 0.703125 0.0421875 0.0421875
2 0.1671875 0.7125 0.0453125 0.0375
3 0.615625 0.55234375 0.053125 0.0453125
3 0.671875 0.521875 0.046875 0.05
3 0.728125 0.4921875 0.0515625 0.0578125
3 0.753125 0.4390625 0.0609375 0.040625