3 0.3328125 0.26875 0.0859375 0.0609375
3 0.359375 0.33359375 0.08125 0.0515625
3 0.246875 0.3265625 0.09375 0.0609375
3 0.103125 0.34765625 0.075 0.0234375
3 0.1046875 0.2859375 0.0578125 0.04375
2 0.70859375 0.01015625 0.0453125 0.0203125
5 0.734375 0.190625 0.03125 0.0859375
6 0.70625 0.209375 0.028125 0.0953125
6 0.6921875 0.109375 0.0234375 0.0953125
3 0.125 0.4625 0.059375 0.053125
3 0.209375 0.440625 0.0640625 0.0390625
3 0.2 0.3921875 0.0671875 0.0421875
3 0.29375 0.4296875 0.0625 0.053125
3 0.3734375 0.434375 0.059375 0.071875
4 0.2890625 0.5078125 0.05 0.065625
2 0.0796875 0.5640625 0.06875 0.053125
2 0.3984375 0.5953125 0.034375 0.040625
0 0.225 0.6234375 0.040625 0.0421875
5 0.1515625 0.69375 0.05 0.0609375
6 0.0734375 0.778125 0.0421875 0.125
7 0.1015625 0.784375 0.0328125 0.0640625
4 0.878125 0.5125 0.0234375 0.05625
7 0.9421875 0.7640625 0.0171875 0.078125
7 0.759375 0.734375 0.0171875 0.0484375