5 0.1671875 0.008928571428571428 0.053125 0.017857142857142856
7 0.1734375 0.07142857142857142 0.0359375 0.078125
1 0.01328125 0.20200892857142858 0.0265625 0.06919642857142858
3 0.1671875 0.4419642857142857 0.0390625 0.06919642857142858
3 0.253125 0.4799107142857143 0.05 0.046875
3 0.3296875 0.515625 0.0484375 0.09375
4 0.2359375 0.5446428571428571 0.05625 0.04241071428571429
5 0.146875 0.7142857142857143 0.04375 0.05803571428571429
2 0.6859375 0.453125 0.034375 0.049107142857142856
2 0.5328125 0.43080357142857145 0.0234375 0.046875
5 0.6375 0.53125 0.025 0.060267857142857144
5 0.5609375 0.5223214285714286 0.028125 0.05803571428571429