5 0.16252821670428894 0.2140625 0.0835214446952596 0.1171875
5 0.34875846501128666 0.3921875 0.03837471783295711 0.05625
3 0.5711060948081265 0.53125 0.09255079006772009 0.06875
3 0.6839729119638827 0.5296875 0.11963882618510158 0.0921875
3 0.8148984198645598 0.525 0.11512415349887133 0.0921875
3 0.9492099322799097 0.53203125 0.10158013544018059 0.0953125
4 0.7765237020316027 0.6421875 0.09029345372460497 0.0578125
2 0.5056433408577878 0.690625 0.09029345372460497 0.05625
5 0.9209932279909706 0.81875 0.11738148984198646 0.06875
5 0.6410835214446953 0.821875 0.0835214446952596 0.0984375
1 0.9345372460496614 0.9546875 0.06772009029345373 0.090625
1 0.6410835214446953 0.9703125 0.09029345372460497 0.059375
6 0.5079006772009029 0.8375 0.09029345372460497 0.09375