2 0.2734375 0.0703125 0.034375 0.0421875
6 0.2921875 0.1234375 0.0265625 0.05
6 0.265625 0.1796875 0.025 0.0609375
5 0.1078125 0.121875 0.034375 0.0453125
5 0.2203125 0.125 0.0375 0.05
6 0.8640625 0.0875 0.028125 0.053125
3 0.2703125 0.5890625 0.02578125 0.04921875
3 0.296875 0.596875 0.02109375 0.059375
3 0.33359375 0.5890625 0.0296875 0.03671875
3 0.3625 0.5828125 0.025 0.0625
4 0.321875 0.6453125 0.01328125 0.03515625
5 0.2875 0.734375 0.02109375 0.03984375
5 0.34765625 0.7328125 0.01640625 0.03828125
6 0.26171875 0.721875 0.0140625 0.03671875
6 0.3609375 0.76015625 0.015625 0.04296875
2 0.82890625 0.5546875 0.01953125 0.059375
2 0.971875 0.55 0.0125 0.04140625
6 0.8390625 0.7734375 0.01640625 0.09296875
7 0.95390625 0.73984375 0.015625 0.0625