2 0.2078125 0.1079429735234216 0.034375 0.054989816700611
6 0.2265625 0.17718940936863545 0.0265625 0.06517311608961303
6 0.2 0.2505091649694501 0.025 0.07942973523421588
5 0.0421875 0.17515274949083504 0.034375 0.059063136456211814
5 0.1546875 0.17922606924643583 0.0375 0.06517311608961303
2 0.98125 0.18635437881873726 0.0375 0.059063136456211814
6 0.98515625 0.395112016293279 0.0296875 0.13441955193482688
4 0.090625 0.6720977596741344 0.0296875 0.07331975560081466
4 0.109375 0.659877800407332 0.028125 0.05295315682281059
2 0.278125 0.7311608961303462 0.046875 0.054989816700611
3 0.196875 0.5906313645621182 0.06875 0.04684317718940937
3 0.0375 0.6130346232179226 0.05625 0.026476578411405296
3 0.0765625 0.5621181262729125 0.1109375 0.028513238289205704
2 0.84375 0.6232179226069247 0.05 0.07535641547861507
5 0.9625 0.8024439918533605 0.059375 0.11608961303462322
6 0.89765625 0.9572301425661914 0.0609375 0.0855397148676171