5 0.384375 0.1751054852320675 0.05 0.08227848101265822
5 0.2125 0.2088607594936709 0.0421875 0.08016877637130802
6 0.109375 0.22784810126582278 0.05 0.08016877637130802
5 0.76015625 0.043248945147679324 0.0453125 0.08649789029535865
4 0.3265625 0.33755274261603374 0.053125 0.04430379746835443
2 0.075 0.35654008438818563 0.0625 0.07172995780590717
5 0.1984375 0.5780590717299579 0.05 0.14556962025316456
5 0.453125 0.6054852320675106 0.053125 0.13291139240506328
3 0.8609375 0.3818565400843882 0.0515625 0.05485232067510549
3 0.9421875 0.37763713080168776 0.0609375 0.052742616033755275
3 0.99453125 0.41455696202531644 0.0109375 0.07383966244725738
3 0.98828125 0.35548523206751054 0.0234375 0.052742616033755275
4 0.9421875 0.4873417721518987 0.0484375 0.07383966244725738
5 0.8515625 0.6434599156118144 0.0390625 0.09282700421940929