5 0.3234375 0.1640625 0.05 0.0609375
5 0.1515625 0.1890625 0.0421875 0.059375
7 0.1390625 0.3078125 0.03125 0.075
7 0.3671875 0.2671875 0.0328125 0.0578125
6 0.0484375 0.2140625 0.05 0.0796875
4 0.6859375 0.059375 0.0609375 0.034375
4 0.68046875 0.01484375 0.0828125 0.0296875
2 0.8953125 0.11875 0.05 0.0578125
5 0.7875 0.2703125 0.05 0.09375
7 0.83046875 0.38984375 0.0265625 0.0390625
5 0.8296875 0.3453125 0.0421875 0.046875
1 0.65625 0.39453125 0.034375 0.0296875
1 0.7359375 0.3921875 0.084375 0.034375
8 0.69375 0.33125 0.025 0.04375
3 0.446875 0.55625 0.0609375 0.046875
3 0.503125 0.565625 0.0390625 0.0296875
3 0.65390625 0.4359375 0.0296875 0.053125
3 0.7546875 0.44609375 0.11875 0.0734375
3 0.89375 0.459375 0.1140625 0.090625
4 0.79375 0.5359375 0.0640625 0.078125
2 0.9703125 0.6203125 0.0546875 0.071875
5 0.6921875 0.7390625 0.0734375 0.0953125
5 0.890625 0.7328125 0.06875 0.096875
6 0.6453125 0.87578125 0.0125 0.0953125
1 0.8046875 0.890625 0.09375 0.0421875
6 0.946875 0.8578125 0.03125 0.103125