4 0.2 0.3640625 0.01015625 0.06328125
5 0.2359375 0.5328125 0.02265625 0.09765625
5 0.17734375 0.53984375 0.01875 0.07109375
3 0.2078125 0.30234375 0.03046875 0.02890625
3 0.1828125 0.2703125 0.028125 0.02890625
3 0.1796875 0.31015625 0.0125 0.05546875
3 0.73984375 0.2046875 0.0234375 0.03671875
3 0.75703125 0.24609375 0.03046875 0.046875
3 0.73125 0.25703125 0.01875 0.0421875
3 0.7640625 0.31171875 0.02734375 0.05234375
2 0.77421875 0.40390625 0.0265625 0.08671875
6 0.77421875 0.53203125 0.0265625 0.11015625
6 0.78828125 0.634375 0.0203125 0.09140625
6 0.76328125 0.71328125 0.01953125 0.096875
6 0.82578125 0.66328125 0.02578125 0.08671875
5 0.74765625 0.58203125 0.0171875 0.08125
4 0.70625 0.35625 0.01171875 0.0578125
3 0.1875 0.9734375 0.0703125 0.0375
3 0.2796875 0.9671875 0.0625 0.0296875
3 0.359375 0.9625 0.06875 0.04375
3 0.3390625 0.934375 0.06875 0.0421875
5 0.5 0.8921875 0.053125 0.0546875
5 0.6796875 0.9578125 0.034375 0.0546875
7 0.46875 0.97421875 0.0375 0.0515625
2 0.74375 0.8609375 0.034375 0.040625