4 0.2296875 0.0484375 0.0234375 0.0515625
5 0.3109375 0.1859375 0.0515625 0.0796875
5 0.1765625 0.1921875 0.0421875 0.0578125
3 0.246875 0.0046875 0.06875 0.009375
3 0.1828125 0.01328125 0.028125 0.0265625
5 0.496875 0.215625 0.0328125 0.078125
5 0.6734375 0.2015625 0.05 0.0703125
2 0.7359375 0.1015625 0.0453125 0.034375
2 0.4484375 0.1109375 0.0359375 0.0390625
3 0.36640625 0.41328125 0.0828125 0.0265625
3 0.37109375 0.44140625 0.0765625 0.0359375
3 0.290625 0.43125 0.0578125 0.0375
5 0.203125 0.665625 0.04375 0.06875
3 0.64375 0.5328125 0.0703125 0.059375
3 0.71875 0.5171875 0.0515625 0.06875
3 0.784375 0.5171875 0.05625 0.0609375
3 0.865625 0.5328125 0.0625 0.071875
4 0.7828125 0.5796875 0.028125 0.0453125
4 0.75 0.58125 0.025 0.046875
2 0.6 0.65 0.05625 0.04375
2 0.890625 0.6390625 0.0515625 0.0390625
5 0.6765625 0.728125 0.046875 0.0640625
5 0.828125 0.7296875 0.0484375 0.090625