3 0.20546875 0.14921875 0.0328125 0.0265625
3 0.2609375 0.1265625 0.0453125 0.01640625
3 0.31328125 0.10859375 0.071875 0.01796875
3 0.42890625 0.1078125 0.071875 0.01875
3 0.46796875 0.1484375 0.0390625 0.03046875
2 0.471875 0.17421875 0.04921875 0.02578125
2 0.20234375 0.18671875 0.05078125 0.0203125
4 0.31640625 0.153125 0.03125 0.01953125
5 0.4046875 0.22265625 0.05390625 0.02734375
5 0.27578125 0.23046875 0.0453125 0.03125
7 0.43359375 0.265625 0.0421875 0.01796875
6 0.24296875 0.26015625 0.0296875 0.03125
4 0.928125 0.0796875 0.0171875 0.0375
4 0.9375 0.0671875 0.0234375 0.0375
4 0.9546875 0.0796875 0.0203125 0.0453125
3 0.8890625 0.0515625 0.040625 0.0234375
5 0.98828125 0.14921875 0.0234375 0.0453125
5 0.909375 0.171875 0.0328125 0.0453125
7 0.9078125 0.221875 0.021875 0.0328125
3 0.5265625 0.5171875 0.0640625 0.021875
3 0.596875 0.5265625 0.04375 0.0546875
3 0.459375 0.5203125 0.040625 0.0515625
3 0.6375 0.540625 0.021875 0.065625
5 0.471875 0.675 0.0265625 0.0328125
2 0.434375 0.6015625 0.0171875 0.0296875