3 0.1140625 0.2796875 0.03125 0.0546875
3 0.1671875 0.2328125 0.04375 0.034375
3 0.2171875 0.1953125 0.06875 0.0375
3 0.328125 0.19375 0.06875 0.0390625
3 0.365625 0.278125 0.0375 0.0640625
2 0.36875 0.33125 0.046875 0.053125
2 0.1109375 0.3578125 0.0484375 0.0421875
4 0.2203125 0.2875 0.0296875 0.040625
5 0.3046875 0.4328125 0.0515625 0.05625
5 0.18125 0.4484375 0.04375 0.065625
7 0.3328125 0.521875 0.040625 0.0375
6 0.15 0.5109375 0.028125 0.065625
2 0.93125 0.2171875 0.059375 0.0578125
2 0.5046875 0.7921875 0.05 0.0578125
6 0.52890625 0.9796875 0.0421875 0.040625
4 0.9546875 0.7796875 0.021875 0.040625
4 0.928125 0.79375 0.021875 0.05
4 0.8953125 0.8015625 0.0234375 0.0546875
4 0.8671875 0.784375 0.0234375 0.040625
3 0.9828125 0.759375 0.034375 0.034375
3 0.84375 0.7515625 0.0640625 0.028125
3 0.9140625 0.725 0.0671875 0.0234375
3 0.8234375 0.7296875 0.05 0.0296875
3 0.9765625 0.70625 0.046875 0.0375
3 0.9015625 0.7 0.0625 0.034375
3 0.825 0.7015625 0.078125 0.03125
2 0.7546875 0.8515625 0.04375 0.04375
5 0.98125 0.975 0.0375 0.05
5 0.81796875 0.9734375 0.0515625 0.053125
6 0.7671875 0.9078125 0.0359375 0.0453125