2 0.06875 0.0734375 0.0578125 0.05
2 0.4703125 0.0640625 0.0453125 0.0484375
5 0.3890625 0.221875 0.0515625 0.0875
5 0.1421875 0.2265625 0.0640625 0.08125
3 0.8453125 0.065625 0.0828125 0.046875
3 0.9453125 0.05625 0.0828125 0.059375
7 0.8765625 0.390625 0.028125 0.0359375
2 0.1734375 0.659375 0.0453125 0.0578125
5 0.21875 0.7859375 0.028125 0.075
5 0.4125 0.7546875 0.059375 0.053125
2 0.4390625 0.625 0.0390625 0.040625
3 0.33125 0.5640625 0.0296875 0.040625
3 0.2265625 0.5703125 0.0765625 0.025