3 0.665625 0.284375 0.078125 0.034375
2 0.5109375 0.425 0.059375 0.071875
2 0.85625 0.4125 0.065625 0.0640625
4 0.7265625 0.3359375 0.03125 0.0375
3 0.6046875 0.25 0.0921875 0.03125
3 0.01640625 0.609375 0.0328125 0.0375
3 0.075 0.6125 0.0671875 0.0328125
3 0.065625 0.6375 0.075 0.0296875
2 0.1234375 0.7171875 0.0390625 0.0390625
7 0.0734375 0.8671875 0.0296875 0.04375
4 0.0078125 0.7015625 0.015625 0.03125
3 0.01796875 0.63671875 0.0359375 0.0296875
3 0.7734375 0.6203125 0.0578125 0.0484375
3 0.6359375 0.60625 0.0453125 0.04375
4 0.7046875 0.6640625 0.025 0.046875
5 0.6453125 0.75625 0.034375 0.05
5 0.74375 0.765625 0.0265625 0.0390625
2 0.7828125 0.71875 0.0203125 0.03125
2 0.60625 0.7 0.025 0.025