4 0.409375 0.08125 0.0171875 0.0375
4 0.41875 0.06875 0.0234375 0.0375
4 0.4359375 0.08125 0.0203125 0.0453125
3 0.3703125 0.053125 0.040625 0.0234375
5 0.471875 0.1515625 0.0265625 0.0453125
5 0.390625 0.1734375 0.0328125 0.0453125
7 0.3890625 0.2234375 0.021875 0.0328125
5 0.75 0.11875 0.0609375 0.090625
5 0.5328125 0.1046875 0.0515625 0.0875
7 0.753125 0.221875 0.0421875 0.0875
7 0.5328125 0.21875 0.046875 0.0828125
3 0.225 0.609375 0.0328125 0.0328125
3 0.2640625 0.6109375 0.03125 0.0359375
3 0.303125 0.6125 0.0328125 0.0421875
2 0.3265625 0.678125 0.034375 0.034375
2 0.1734375 0.6625 0.0234375 0.0328125
5 0.278125 0.7328125 0.025 0.0421875
5 0.2015625 0.7265625 0.028125 0.040625
3 0.6203125 0.5828125 0.0875 0.0484375
3 0.721875 0.5546875 0.075 0.05
3 0.809375 0.559375 0.0765625 0.059375
3 0.8296875 0.6078125 0.0703125 0.05
4 0.74375 0.653125 0.0296875 0.0453125
2 0.5078125 0.6875 0.0375 0.046875
2 0.8890625 0.696875 0.0375 0.0359375
5 0.5734375 0.84375 0.071875 0.05625
5 0.821875 0.8625 0.0390625 0.05