3 0.0953125 0.0625 0.0484375 0.03125
3 0.1671875 0.05625 0.065625 0.028125
3 0.25 0.065625 0.0734375 0.028125
3 0.1859375 0.090625 0.0625 0.025
3 0.11875 0.103125 0.0421875 0.028125
4 0.1921875 0.1359375 0.021875 0.0515625
4 0.1578125 0.153125 0.0328125 0.0421875
2 0.3265625 0.2046875 0.0328125 0.04375
2 0.0234375 0.209375 0.0390625 0.0390625
5 0.265625 0.3125 0.0484375 0.053125
5 0.1 0.315625 0.0421875 0.0640625
3 0.0203125 0.06484375 0.040625 0.0328125
2 0.8328125 0.040625 0.0375 0.0453125
4 0.9671875 0.0203125 0.046875 0.0390625
3 0.48359375 0.5375 0.0328125 0.015625
3 0.5234375 0.5390625 0.03125 0.01875
3 0.56171875 0.54140625 0.0328125 0.0234375
2 0.5859375 0.5984375 0.034375 0.034375
2 0.4328125 0.5828125 0.0234375 0.0328125
5 0.5375 0.653125 0.025 0.0421875
5 0.4609375 0.646875 0.028125 0.040625