3 0.4125 0.121875 0.0484375 0.03125
3 0.46015625 0.115625 0.0171875 0.028125
3 0.4359375 0.1625 0.0421875 0.028125
4 0.46328125 0.21171875 0.0109375 0.0421875
2 0.340625 0.26875 0.0390625 0.0390625
5 0.4171875 0.375 0.0421875 0.0640625
3 0.3359375 0.125 0.04375 0.0328125
3 0.68125 0.240625 0.09375 0.034375
3 0.584375 0.28125 0.0875 0.0421875
5 0.74375 0.465625 0.0515625 0.0609375
5 0.6125 0.4578125 0.05 0.06875
2 0.23203125 0.6609375 0.0203125 0.021875
5 0.203125 0.6984375 0.03125 0.034375
5 0.1375 0.715625 0.021875 0.0421875
7 0.2171875 0.734375 0.0140625 0.025
7 0.1359375 0.7484375 0.0171875 0.025
1 0.171875 0.7609375 0.0390625 0.0171875
6 0.2390625 0.6984375 0.021875 0.028125
3 0.85625 0.684375 0.0515625 0.0609375
4 0.9328125 0.765625 0.0390625 0.04375
5 0.8578125 0.875 0.0421875 0.046875
6 0.75 0.9265625 0.0453125 0.0828125
6 0.803125 0.915625 0.0328125 0.090625
7 0.971875 0.965625 0.028125 0.0671875