3 0.334375 0.021875 0.053125 0.028125
3 0.340625 0.040625 0.078125 0.021875
3 0.325 0.0734375 0.0515625 0.028125
3 0.4 0.0171875 0.0578125 0.0203125
3 0.4296875 0.04375 0.08125 0.0265625
3 0.515625 0.05 0.065625 0.03125
3 0.4890625 0.025 0.1015625 0.0390625
4 0.40625 0.0796875 0.028125 0.0453125
2 0.5890625 0.1703125 0.05 0.0578125
2 0.315625 0.165625 0.0296875 0.0546875
5 0.5109375 0.259375 0.0609375 0.0796875
3 0.8671875 0.03828125 0.01640625 0.0296875
3 0.89140625 0.0453125 0.01875 0.0484375
3 0.915625 0.06875 0.01953125 0.05
2 0.9234375 0.18046875 0.0125 0.0546875
2 0.85078125 0.121875 0.01171875 0.0484375
5 0.89765625 0.240625 0.01171875 0.06875
5 0.85703125 0.20703125 0.0109375 0.0515625
1 0.88984375 0.33671875 0.01015625 0.0484375
3 0.028125 0.784375 0.05625 0.084375
3 0.1671875 0.846875 0.1125 0.0984375
3 0.3828125 0.896875 0.1015625 0.1171875
5 0.89296875 0.621875 0.0359375 0.065625