5 0.27890625 0.39921875 0.0390625 0.0203125
5 0.10078125 0.39609375 0.0671875 0.0265625
2 0.0234375 0.29375 0.046875 0.046875
2 0.38125 0.3015625 0.0375 0.0515625
2 0.7578125 0.05625 0.0421875 0.034375
6 0.784375 0.2546875 0.040625 0.0765625
1 0.196875 0.80625 0.0625 0.065625
1 0.3140625 0.8359375 0.0875 0.0890625
7 0.3703125 0.865625 0.0375 0.0859375
5 0.3765625 0.7046875 0.05625 0.128125
5 0.2 0.640625 0.0421875 0.059375
4 0.928125 0.7265625 0.034375 0.0796875
3 0.8125 0.65 0.1171875 0.0421875
3 0.9390625 0.6265625 0.0796875 0.0703125
3 0.8125 0.6078125 0.1171875 0.0375
3 0.89375 0.5578125 0.065625 0.0484375
2 0.7015625 0.8 0.059375 0.08125
6 0.7203125 0.98359375 0.04375 0.0328125