2 0.1296875 0.4107981220657277 0.05 0.03755868544600939
3 0.5484375 0.22065727699530516 0.0421875 0.056338028169014086
3 0.6015625 0.2300469483568075 0.05 0.05868544600938967
3 0.65 0.23943661971830985 0.0375 0.06572769953051644
3 0.6921875 0.2347417840375587 0.0359375 0.06572769953051644
2 0.521875 0.323943661971831 0.0375 0.04929577464788732
2 0.7078125 0.34507042253521125 0.0328125 0.04929577464788732
5 0.6640625 0.41784037558685444 0.028125 0.023474178403755867
5 0.5609375 0.4119718309859155 0.03125 0.035211267605633804
2 0.99375 0.6901408450704225 0.0125 0.06103286384976526
3 0.91875 0.5328638497652582 0.0875 0.03051643192488263
3 0.8328125 0.5516431924882629 0.0546875 0.028169014084507043