2 0.27265625 0.2453125 0.03359375 0.06796875
2 0.4890625 0.28125 0.03046875 0.053125
5 0.2953125 0.35859375 0.03203125 0.05
5 0.4546875 0.396875 0.02109375 0.0546875
1 0.365625 0.4765625 0.059375 0.02890625
1 0.2875 0.46953125 0.01796875 0.046875
6 0.26015625 0.36171875 0.02265625 0.08046875
2 0.21796875 0.746875 0.0671875 0.03359375
2 0.609375 0.7515625 0.05546875 0.02421875
3 0.53828125 0.69765625 0.07421875 0.0140625
5 0.55 0.80078125 0.059375 0.02734375
3 0.8296875 0.653125 0.090625 0.028125
3 0.934375 0.6203125 0.1171875 0.021875
4 0.8453125 0.703125 0.0328125 0.0578125
2 0.98671875 0.7109375 0.0265625 0.034375
5 0.8078125 0.8515625 0.0359375 0.059375
5 0.9375 0.828125 0.0453125 0.0640625