2 0.190625 0.26171875 0.0234375 0.07265625
2 0.340625 0.3 0.021875 0.05703125
5 0.20625 0.3828125 0.02265625 0.053125
5 0.3171875 0.42421875 0.01484375 0.05859375
1 0.2546875 0.50859375 0.04140625 0.03125
1 0.2 0.5015625 0.0125 0.05
6 0.18125 0.3859375 0.015625 0.0859375
3 0.7453125 0.06875 0.0578125 0.065625
3 0.8046875 0.0484375 0.046875 0.0640625
4 0.875 0.1046875 0.034375 0.0734375
3 0.865625 0.01875 0.0515625 0.025
3 0.93125 0.053125 0.0609375 0.05
2 0.70625 0.215625 0.0375 0.05
6 0.8015625 0.253125 0.0359375 0.0484375
5 0.825 0.3234375 0.034375 0.0796875
1 0.9265625 0.4625 0.0625 0.03125
1 0.83125 0.45625 0.040625 0.0390625
1 0.9265625 0.425 0.0296875 0.04375
6 0.6796875 0.4296875 0.05 0.046875
3 0.3140625 0.6296875 0.096875 0.021875
4 0.315625 0.6875 0.0296875 0.046875
2 0.15 0.7328125 0.0390625 0.0328125
2 0.465625 0.75 0.0359375 0.0359375
5 0.196875 0.859375 0.065625 0.0421875
6 0.4453125 0.9203125 0.025 0.10625
6 0.1578125 0.9234375 0.025 0.06875