2 0.16171875 0.25390625 0.01953125 0.0703125
2 0.28984375 0.290625 0.01796875 0.05546875
5 0.175 0.37109375 0.01875 0.0515625
5 0.26953125 0.4109375 0.0125 0.05703125
1 0.21640625 0.49296875 0.03515625 0.03046875
1 0.1703125 0.48671875 0.0109375 0.0484375
6 0.15390625 0.37421875 0.01328125 0.08359375
3 0.96328125 0.14375 0.0734375 0.071875
3 0.790625 0.1921875 0.1 0.065625
4 0.9078125 0.2203125 0.040625 0.053125
2 0.7765625 0.33125 0.053125 0.059375
5 0.98984375 0.39609375 0.0203125 0.0828125
5 0.8453125 0.4484375 0.0390625 0.09375
7 0.865625 0.534375 0.034375 0.06875
1 0.959375 0.55 0.08125 0.0328125
3 0.88125 0.140625 0.0265625 0.078125
3 0.0109375 0.684375 0.021875 0.046875
3 0.08125 0.675 0.0828125 0.059375
7 0.18359375 0.98203125 0.0234375 0.0359375
7 0.01328125 0.9953125 0.0265625 0.009375
5 0.9 0.61015625 0.04375 0.0203125
6 0.65 0.684375 0.0578125 0.10625
6 0.903125 0.678125 0.053125 0.1