2 0.378125 0.23125 0.0359375 0.0390625
2 0.1546875 0.2359375 0.028125 0.0453125
4 0.2390625 0.190625 0.0171875 0.0328125
4 0.2625 0.1859375 0.015625 0.0265625
6 0.378125 0.3 0.0328125 0.0546875
7 0.36875 0.3484375 0.034375 0.053125
5 0.3171875 0.30625 0.03125 0.046875
5 0.2078125 0.3125 0.03125 0.0375
6 0.16875 0.3484375 0.01875 0.0609375
6 0.1578125 0.3 0.0265625 0.0546875
3 0.3046875 0.4921875 0.053125 0.028125
3 0.3109375 0.5109375 0.078125 0.021875
3 0.2953125 0.54375 0.0515625 0.028125
3 0.3703125 0.4875 0.0578125 0.0203125
3 0.4 0.5140625 0.08125 0.0265625
3 0.4859375 0.5203125 0.065625 0.03125
3 0.459375 0.4953125 0.1015625 0.0390625
4 0.3765625 0.55 0.028125 0.0453125
2 0.559375 0.640625 0.05 0.0578125
2 0.2859375 0.6359375 0.0296875 0.0546875
5 0.48125 0.7296875 0.0609375 0.0796875
2 0.79375 0.6375 0.059375 0.0578125