3 0.553125 0.04513064133016627 0.034375 0.03800475059382423
3 0.5640625 0.0855106888361045 0.0390625 0.0332541567695962
3 0.7015625 0.030878859857482184 0.0484375 0.035629453681710214
3 0.71171875 0.010688836104513063 0.0484375 0.021377672209026127
4 0.6546875 0.11401425178147269 0.0265625 0.0688836104513064
4 0.6203125 0.12114014251781473 0.0203125 0.0665083135391924
2 0.5390625 0.24465558194774348 0.0375 0.06175771971496437
2 0.7609375 0.171021377672209 0.0328125 0.052256532066508314
5 0.7515625 0.3016627078384798 0.05 0.05463182897862233
5 0.5828125 0.33966745843230406 0.0328125 0.057007125890736345
7 0.6078125 0.4821852731591449 0.0328125 0.07600950118764846
7 0.7546875 0.42280285035629456 0.01875 0.07125890736342043