3 0.08515625 0.021875 0.0578125 0.04375
3 0.084375 0.0640625 0.046875 0.0453125
3 0.18828125 0.01953125 0.0828125 0.0390625
3 0.1703125 0.0625 0.06875 0.040625
3 0.275 0.0375 0.065625 0.0625
3 0.2796875 0.0875 0.0625 0.040625
4 0.1484375 0.1046875 0.0359375 0.0609375
2 0.3015625 0.171875 0.059375 0.0546875
2 0.05 0.16875 0.0546875 0.046875
6 0.3 0.2875 0.0359375 0.096875
5 0.090625 0.225 0.0390625 0.046875
5 0.2375 0.240625 0.05 0.0515625
3 0.6359375 0.17578125 0.02734375 0.04765625
4 0.640625 0.23515625 0.01875 0.040625
5 0.70078125 0.35625 0.0375 0.06484375
5 0.6375 0.4 0.01484375 0.040625
7 0.7265625 0.4171875 0.015625 0.04375
4 0.065625 0.64453125 0.05625 0.0296875
2 0.228125 0.671875 0.05625 0.0640625
6 0.2453125 0.8109375 0.046875 0.0890625
5 0.146875 0.7921875 0.040625 0.0609375
2 0.7234375 0.65859375 0.059375 0.0578125
5 0.8171875 0.7125 0.0421875 0.0703125
5 0.975 0.6890625 0.05 0.053125