3 0.234375 0.2484375 0.11875 0.0359375
3 0.2609375 0.29375 0.1203125 0.046875
3 0.321875 0.33125 0.1046875 0.0359375
3 0.134375 0.3109375 0.0765625 0.0390625
3 0.16015625 0.3484375 0.0828125 0.021875
2 0.68984375 0.00859375 0.0328125 0.0171875
6 0.703125 0.0984375 0.03125 0.071875
5 0.725 0.090625 0.025 0.0453125
5 0.8734375 0.084375 0.0234375 0.053125
3 0.1125 0.4953125 0.0609375 0.046875
3 0.16875 0.5046875 0.0390625 0.0296875
4 0.75546875 0.63359375 0.009375 0.0640625
6 0.69140625 0.821875 0.01640625 0.07265625