3 0.0359375 0.04609375 0.071875 0.0359375
3 0.04921875 0.0921875 0.0984375 0.046875
3 0.1 0.1296875 0.1046875 0.0359375
4 0.0375 0.2265625 0.05625 0.065625
5 0.115625 0.3765625 0.0546875 0.0859375
3 0.81640625 0.03359375 0.2390625 0.0671875
3 0.1328125 0.578125 0.046875 0.025
3 0.225 0.5984375 0.053125 0.0265625
4 0.1921875 0.66875 0.03125 0.046875
5 0.1015625 0.790625 0.046875 0.0515625
5 0.246875 0.809375 0.0203125 0.0390625
2 0.0640625 0.7046875 0.0390625 0.0328125
2 0.284375 0.7296875 0.025 0.0328125
4 0.78125 0.546875 0.0234375 0.040625
3 0.7140625 0.5078125 0.0484375 0.034375