3 0.4765625 0.04801670146137787 0.021875 0.016701461377870562
3 0.53125 0.04384133611691023 0.03125 0.018789144050104383
4 0.503125 0.07933194154488518 0.0078125 0.018789144050104383
2 0.4640625 0.09603340292275574 0.0109375 0.016701461377870562
2 0.546875 0.09394572025052192 0.0109375 0.029227557411273485
5 0.525 0.1315240083507307 0.0171875 0.033402922755741124
5 0.4828125 0.13569937369519833 0.0140625 0.031315240083507306
7 0.5359375 0.17536534446764093 0.0078125 0.020876826722338204
4 0.90625 0.6524008350730689 0.034375 0.027139874739039668
2 0.7375 0.7661795407098121 0.0375 0.06680584551148225
6 0.8328125 0.8162839248434238 0.0359375 0.06471816283924843
5 0.85625 0.9102296450939458 0.034375 0.10647181628392484