5 0.2796875 0.3171875 0.0203125 0.1
5 0.390625 0.29921875 0.03125 0.08984375
2 0.4296875 0.171875 0.02890625 0.04375
2 0.24921875 0.18359375 0.02265625 0.05
4 0.8796875 0.2421875 0.0390625 0.0578125
5 0.9796875 0.3875 0.040625 0.075
5 0.8125 0.3984375 0.0515625 0.0890625
3 0.96953125 0.17109375 0.0609375 0.0328125
2 0.475 0.6890625 0.05 0.0703125
2 0.121875 0.7125 0.0421875 0.05625
5 0.21875 0.84375 0.05 0.08125
5 0.39375 0.8484375 0.059375 0.0765625
7 0.1984375 0.925 0.053125 0.071875
6 0.4609375 0.8125 0.040625 0.1109375
6 0.1515625 0.8890625 0.028125 0.0890625
6 0.1375 0.7828125 0.053125 0.04375
6 0.446875 0.753125 0.0875 0.05
1 0.2546875 0.971875 0.0296875 0.0484375
1 0.3796875 0.95625 0.028125 0.0375