3 0.209375 0.096875 0.03125 0.0421875
3 0.259375 0.09375 0.0375 0.040625
3 0.30390625 0.12265625 0.03203125 0.05625
3 0.29453125 0.07734375 0.02890625 0.040625
4 0.259375 0.17734375 0.0296875 0.05625
5 0.20390625 0.29609375 0.0234375 0.07109375
2 0.83125 0.234375 0.0359375 0.0359375
3 0.703125 0.1125 0.0734375 0.0390625
3 0.7859375 0.103125 0.0515625 0.03125
3 0.7125 0.0640625 0.0625 0.03125
3 0.7796875 0.0796875 0.0625 0.0375
2 0.44375 0.9421875 0.04375 0.053125
2 0.159375 0.99453125 0.046875 0.0109375
4 0.275 0.9046875 0.0546875 0.0671875
3 0.33125 0.846875 0.04375 0.0453125