3 0.0125 0.09161793372319688 0.025 0.050682261208576995
3 0.08125 0.08771929824561403 0.0609375 0.04873294346978557
3 0.1546875 0.12280701754385964 0.053125 0.0682261208576998
3 0.1390625 0.0682261208576998 0.046875 0.04873294346978557
4 0.08125 0.18908382066276802 0.0484375 0.0682261208576998
5 0.0046875 0.3333333333333333 0.009375 0.08576998050682261
6 0.7 0.1968810916179337 0.0359375 0.08576998050682261
4 0.52890625 0.6247563352826511 0.0203125 0.03313840155945419
2 0.25625 0.6764132553606238 0.0421875 0.0682261208576998
5 0.34375 0.8596491228070176 0.0921875 0.07407407407407407
6 0.246875 0.9298245614035088 0.025 0.08187134502923976
6 0.91640625 0.956140350877193 0.0453125 0.08771929824561403
6 0.96953125 0.9473684210526315 0.0328125 0.10526315789473684