3 0.0296875 0.090625 0.059375 0.025
3 0.115625 0.096875 0.0734375 0.05
3 0.1390625 0.0625 0.0640625 0.0453125
2 0.1703125 0.2109375 0.046875 0.04375
5 0.1296875 0.3203125 0.0609375 0.0640625
6 0.190625 0.33359375 0.03125 0.0515625
2 0.60078125 0.015625 0.0546875 0.03125
5 0.90625 0.0796875 0.09375 0.1234375
5 0.665625 0.1125 0.059375 0.1171875
7 0.6703125 0.21875 0.0578125 0.084375
7 0.953125 0.215625 0.0546875 0.1
1 0.95390625 0.31953125 0.0421875 0.0796875
1 0.796875 0.2890625 0.1296875 0.0421875
1 0.68125 0.31640625 0.065625 0.0859375
3 0.1421875 0.5390625 0.0546875 0.0625
3 0.3546875 0.4875 0.09375 0.08125
2 0.4765625 0.6609375 0.06875 0.0625
8 0.2953125 0.8484375 0.1375 0.046875
7 0.41875 0.8921875 0.046875 0.0671875
7 0.2 0.9328125 0.040625 0.090625
6 0.4765625 0.7453125 0.0734375 0.059375
4 0.2546875 0.625 0.0625 0.0296875
0 0.275 0.6921875 0.0625 0.053125
4 0.2546875 0.5625 0.040625 0.0578125
3 0.2390625 0.5125 0.115625 0.0359375
3 0.8140625 0.553125 0.04375 0.0453125