3 0.184375 0.096875 0.05625 0.0359375
3 0.1984375 0.13125 0.08125 0.0546875
3 0.290625 0.1421875 0.06875 0.0578125
3 0.3875 0.1375 0.0859375 0.053125
3 0.3875 0.0734375 0.0890625 0.0625
3 0.2859375 0.0734375 0.0875 0.0390625
2 0.1546875 0.2734375 0.0671875 0.0484375
5 0.19375 0.378125 0.0453125 0.071875
6 0.175 0.45 0.04375 0.065625
6 0.42890625 0.4453125 0.0203125 0.0875
4 0.3078125 0.2359375 0.059375 0.0375
4 0.725 0.075 0.0171875 0.040625
4 0.75625 0.0734375 0.0203125 0.0390625
3 0.6234375 0.0984375 0.03125 0.046875
3 0.6453125 0.0421875 0.0484375 0.040625
3 0.696875 0.01875 0.04375 0.0296875
3 0.7578125 0.0328125 0.0359375 0.025
2 0.6328125 0.1546875 0.040625 0.0328125
8 0.7609375 0.246875 0.0515625 0.0265625
1 0.753125 0.2984375 0.0703125 0.0296875
1 0.7015625 0.3296875 0.028125 0.0421875
5 0.6890625 0.2875 0.0234375 0.0359375
3 0.0390625 0.6171875 0.040625 0.040625
3 0.11875 0.6125 0.0609375 0.0296875
4 0.0765625 0.6703125 0.0375 0.0328125
2 0.19375 0.7125 0.025 0.0390625
5 0.1359375 0.790625 0.0328125 0.0390625
6 0.1875 0.8375 0.021875 0.046875
6 0.1921875 0.790625 0.028125 0.040625
3 0.48046875 0.575 0.0828125 0.1125
3 0.45234375 0.7203125 0.0265625 0.08125
8 0.7671875 0.7703125 0.046875 0.06875
8 0.7171875 0.859375 0.053125 0.065625
4 0.5203125 0.690625 0.059375 0.040625
7 0.70625 0.9203125 0.05625 0.05625
7 0.8421875 0.7265625 0.065625 0.025