4 0.3 0.23125 0.021875 0.0484375
4 0.33125 0.2234375 0.0234375 0.0453125
5 0.4015625 0.3921875 0.028125 0.0328125
3 0.7296875 0.009375 0.096875 0.01875
6 0.6890625 0.309375 0.059375 0.10625
5 0.9359375 0.234375 0.053125 0.075
2 0.184375 0.86875 0.046875 0.0484375
3 0.3171875 0.796875 0.0921875 0.0515625
4 0.67890625 0.5671875 0.0359375 0.015625
4 0.72578125 0.56796875 0.0296875 0.0171875
5 0.6171875 0.765625 0.0328125 0.05625
5 0.796875 0.7734375 0.0515625 0.075
1 0.7015625 0.93125 0.1125 0.0546875
1 0.7890625 0.965625 0.0375 0.0484375
7 0.5828125 0.909375 0.0328125 0.0546875
2 0.9046875 0.625 0.0515625 0.0453125