5 0.2546875 0.3578125 0.021875 0.0421875
3 0.5171875 0.1046875 0.0765625 0.0359375
3 0.68125 0.046875 0.09375 0.0421875
4 0.6125 0.1484375 0.053125 0.0453125
5 0.546875 0.3390625 0.0390625 0.090625
5 0.75625 0.3 0.078125 0.075
2 0.8046875 0.165625 0.0453125 0.05
2 0.4828125 0.2515625 0.04375 0.0296875
1 0.6703125 0.465625 0.0734375 0.0328125
6 0.8078125 0.4296875 0.0421875 0.071875
6 0.5515625 0.4515625 0.0390625 0.065625
2 0.9328125 0.70625 0.0359375 0.046875
2 0.6671875 0.7203125 0.028125 0.046875
5 0.86875 0.784375 0.0578125 0.0390625
5 0.7046875 0.796875 0.0546875 0.034375