5 0.0640625 0.3609375 0.021875 0.0421875
5 0.2484375 0.3859375 0.021875 0.046875
2 0.29375 0.2796875 0.0359375 0.0453125
3 0.2546875 0.1796875 0.0546875 0.0234375
3 0.2640625 0.1546875 0.0546875 0.0265625
3 0.1703125 0.1484375 0.05625 0.025
3 0.1671875 0.128125 0.0578125 0.0203125
5 0.39375 0.4484375 0.05 0.04375
6 0.4703125 0.475 0.0515625 0.053125
3 0.1421875 0.671875 0.065625 0.0640625
3 0.3453125 0.659375 0.046875 0.059375
3 0.246875 0.69375 0.1140625 0.0421875
4 0.25 0.734375 0.0265625 0.0515625
2 0.09375 0.84375 0.0390625 0.0453125
3 0.6890625 0.6828125 0.0453125 0.040625
4 0.7265625 0.73125 0.028125 0.05625
5 0.8046875 0.890625 0.0578125 0.0671875
5 0.6640625 0.89375 0.028125 0.059375
1 0.73984375 0.98984375 0.0390625 0.0203125
7 0.82421875 0.9765625 0.0421875 0.046875