4 0.125 0.159375 0.0328125 0.03125
5 0.0203125 0.2828125 0.03125 0.05625
7 0.00703125 0.321875 0.0140625 0.03125
3 0.1015625 0.1234375 0.0421875 0.0328125
3 0.153125 0.1234375 0.0453125 0.0203125
3 0.9125 0.2640625 0.165625 0.0546875
4 0.940625 0.315625 0.021875 0.0546875
2 0.740625 0.353125 0.075 0.078125
3 0.7140625 0.3078125 0.0515625 0.0734375
6 0.74375 0.4203125 0.0609375 0.0578125
0 0.915625 0.4 0.021875 0.04375
0 0.8796875 0.403125 0.0421875 0.046875
3 0.4171875 0.56875 0.084375 0.0390625
4 0.4390625 0.6125 0.0234375 0.0296875
3 0.4984375 0.565625 0.05 0.025
3 0.67578125 0.55625 0.0421875 0.034375
3 0.715625 0.5609375 0.0234375 0.0359375
2 0.7296875 0.6125 0.0296875 0.028125
5 0.7015625 0.6484375 0.0375 0.0375
4 0.6671875 0.6078125 0.0234375 0.0359375