3 0.4703125 0.1328125 0.103125 0.059375
3 0.6046875 0.1640625 0.1109375 0.05625
4 0.515625 0.2234375 0.025 0.0421875
2 0.6859375 0.296875 0.053125 0.05625
6 0.709375 0.3703125 0.0421875 0.0546875
8 0.5171875 0.409375 0.0734375 0.0296875
7 0.42734375 0.4625 0.0171875 0.078125
7 0.6203125 0.490625 0.0234375 0.06875
5 0.609375 0.3921875 0.05625 0.053125
5 0.4390625 0.36640625 0.040625 0.0609375
4 0.5296875 0.25 0.0453125 0.0359375
3 0.88046875 0.55390625 0.0546875 0.0296875
2 0.925 0.653125 0.040625 0.05
4 0.79375 0.6359375 0.0359375 0.0359375
5 0.8640625 0.7265625 0.05 0.046875
5 0.75 0.759375 0.0328125 0.059375