7 0.3328125 0.140625 0.0390625 0.0921875
1 0.46171875 0.20703125 0.1140625 0.0296875
2 0.728125 0.046875 0.046875 0.028125
3 0.22421875 0.34609375 0.0421875 0.0328125
4 0.25390625 0.4171875 0.02421875 0.0484375
3 0.28984375 0.35234375 0.04765625 0.04453125
5 0.28515625 0.58671875 0.01484375 0.07421875
5 0.215625 0.57734375 0.0203125 0.08359375
2 0.31796875 0.4578125 0.01796875 0.04296875
2 0.19296875 0.43984375 0.0140625 0.05
4 0.7734375 0.5609375 0.025 0.0421875
4 0.80625 0.5578125 0.025 0.0390625
2 0.9265625 0.625 0.04375 0.059375
2 0.6578125 0.6203125 0.03125 0.0515625
5 0.6953125 0.7140625 0.034375 0.0734375
5 0.8640625 0.7125 0.0421875 0.06875
5 0.8734375 0.7796875 0.0296875 0.0453125
6 0.6625 0.7640625 0.03125 0.0609375