2 0.178125 0.03958333333333333 0.046875 0.07916666666666666
7 0.234375 0.28958333333333336 0.0390625 0.12291666666666666
1 0.3375 0.378125 0.0625 0.03958333333333333
2 0.696875 0.33958333333333335 0.040625 0.075
4 0.465625 0.3416666666666667 0.0328125 0.07291666666666667
3 0.4453125 0.17291666666666666 0.0546875 0.04583333333333333
3 0.4390625 0.22291666666666668 0.0546875 0.035416666666666666
3 0.01328125 0.6885416666666667 0.0265625 0.08125
3 0.05625 0.6979166666666666 0.040625 0.052083333333333336
2 0.0984375 0.8 0.0359375 0.06458333333333334
6 0.1375 0.8895833333333333 0.046875 0.09375
6 0.12734375 0.9729166666666667 0.0296875 0.05416666666666667
5 0.075 0.9041666666666667 0.0515625 0.04375
3 0.58046875 0.6552083333333333 0.0359375 0.09375
2 0.575 0.7604166666666666 0.0625 0.06875
5 0.4734375 0.86875 0.046875 0.08125
6 0.5171875 0.9729166666666667 0.040625 0.05416666666666667
6 0.59375 0.81875 0.046875 0.07916666666666666
4 0.3984375 0.6854166666666667 0.05 0.03125