3 0.39375 0.009375 0.103125 0.01875
5 0.371875 0.23125 0.0453125 0.05625
2 0.67734375 0.01015625 0.0546875 0.0203125
5 0.96796875 0.06796875 0.0640625 0.1234375
5 0.7421875 0.1015625 0.059375 0.1171875
7 0.746875 0.2078125 0.0578125 0.084375
1 0.8734375 0.278125 0.1296875 0.0421875
1 0.7578125 0.309375 0.065625 0.09375
2 0.3265625 0.4421875 0.0890625 0.08125
6 0.315625 0.6375 0.0671875 0.0765625
3 0.98359375 0.63125 0.0328125 0.05
7 0.99453125 0.90859375 0.0109375 0.0640625
6 0.9875 0.871875 0.0234375 0.0796875
2 0.953125 0.728125 0.0375 0.0359375