3 0.35 0.2328125 0.084375 0.04375
3 0.4578125 0.24765625 0.021875 0.0421875
5 0.4609375 0.48125 0.015625 0.05625
4 0.734375 0.109375 0.040625 0.0375
5 0.78125 0.2046875 0.040625 0.0640625
5 0.684375 0.215625 0.03125 0.053125
7 0.6703125 0.275 0.025 0.040625
7 0.8 0.2796875 0.0265625 0.053125
3 0.734375 0.0640625 0.075 0.034375
6 0.8265625 0.184375 0.034375 0.04375
4 0.0109375 0.7078125 0.0203125 0.0359375
2 0.1078125 0.78125 0.034375 0.046875
5 0.0625 0.88125 0.0421875 0.0578125
3 0.721875 0.7875 0.0609375 0.0703125
2 0.740625 0.884375 0.0265625 0.0453125
5 0.696875 0.959375 0.0546875 0.05