3 0.16875 0.3453125 0.1109375 0.05
3 0.425 0.3640625 0.075 0.0484375
3 0.3703125 0.371875 0.0328125 0.075
2 0.0953125 0.475 0.06875 0.0828125
2 0.46484375 0.49609375 0.0484375 0.0453125
3 0.64375 0.01171875 0.06875 0.0234375
2 0.7 0.1359375 0.046875 0.0515625
3 0.6234375 0.03828125 0.028125 0.0203125
3 0.4015625 0.53984375 0.13125 0.0421875
4 0.4546875 0.6046875 0.040625 0.053125
3 0.50078125 0.55390625 0.0546875 0.0703125
6 0.1734375 0.97421875 0.05 0.0515625
2 0.2171875 0.6703125 0.06875 0.0515625
5 0.4609375 0.91875 0.025 0.1109375
3 0.61796875 0.5375 0.0171875 0.021875
3 0.615625 0.57578125 0.0125 0.0328125
3 0.665625 0.5453125 0.05625 0.0453125
3 0.66875 0.5984375 0.053125 0.0359375
4 0.61171875 0.6234375 0.0046875 0.040625
2 0.7265625 0.6984375 0.028125 0.0296875
5 0.653125 0.7734375 0.0390625 0.0796875