3 0.2125 0.59609375 0.0328125 0.0421875
3 0.246875 0.60078125 0.02578125 0.04765625
3 0.27890625 0.5703125 0.02265625 0.03359375
3 0.3109375 0.5703125 0.03046875 0.03359375
3 0.27578125 0.61484375 0.02265625 0.040625
3 0.3046875 0.609375 0.028125 0.04375
3 0.2109375 0.6296875 0.03984375 0.025
4 0.26640625 0.65703125 0.01875 0.0453125
4 0.25078125 0.65859375 0.0125 0.04921875
5 0.29921875 0.80078125 0.02265625 0.05234375
5 0.2265625 0.80078125 0.01953125 0.05546875
1 0.25234375 0.92734375 0.025 0.025
3 0.675 0.39140625 0.0984375 0.0421875
4 0.6625 0.47265625 0.0125 0.04609375
2 0.778125 0.5421875 0.03203125 0.04609375
5 0.6484375 0.77421875 0.01875 0.09921875
5 0.73125 0.709375 0.028125 0.0734375
6 0.8625 0.73203125 0.0265625 0.1375