4 0.240625 0.1171875 0.028125 0.05
2 0.390625 0.2125 0.053125 0.0640625
5 0.1625 0.296875 0.034375 0.065625
3 0.28125 0.0515625 0.0671875 0.034375
3 0.865625 0.2546875 0.08125 0.05
3 0.8765625 0.296875 0.084375 0.046875
2 0.8125 0.465625 0.053125 0.0671875
6 0.225 0.8015625 0.0203125 0.071875
5 0.38125 0.8078125 0.0296875 0.0546875
5 0.240625 0.803125 0.01875 0.0484375
3 0.3265625 0.625 0.06875 0.0265625
2 0.2140625 0.7015625 0.025 0.034375
6 0.90078125 0.60234375 0.0578125 0.0265625
1 0.9640625 0.75 0.0703125 0.096875