3 0.2421875 0.28125 0.0828125 0.0515625
2 0.1640625 0.3859375 0.0390625 0.04375
5 0.3390625 0.45625 0.0453125 0.0515625
5 0.20625 0.4640625 0.05625 0.0421875
3 0.88203125 0.1171875 0.03203125 0.04375
3 0.87578125 0.15546875 0.0296875 0.03125
3 0.82265625 0.1609375 0.0234375 0.02578125
4 0.846875 0.18671875 0.0171875 0.0328125
2 0.896875 0.22890625 0.0140625 0.0546875
2 0.80859375 0.234375 0.01015625 0.04609375
5 0.87578125 0.3125 0.01953125 0.0625
5 0.82421875 0.32578125 0.0140625 0.053125
7 0.8859375 0.3765625 0.01015625 0.04921875
7 0.8265625 0.3875 0.009375 0.0546875
1 0.87265625 0.40078125 0.01640625 0.02890625
1 0.853125 0.40234375 0.0171875 0.0234375
1 0.8359375 0.40390625 0.0140625 0.02890625
6 0.89765625 0.32578125 0.01015625 0.08984375
6 0.815625 0.3640625 0.0140625 0.07109375
3 0.403125 0.609375 0.05625 0.0359375
3 0.4171875 0.64375 0.08125 0.0546875
3 0.50703125 0.65390625 0.0640625 0.0578125
3 0.5 0.58671875 0.078125 0.0359375
2 0.3734375 0.7859375 0.0671875 0.0484375
5 0.4125 0.890625 0.0453125 0.071875
6 0.39375 0.9625 0.04375 0.065625
4 0.51796875 0.7484375 0.0421875 0.0375
5 0.9140625 0.5890625 0.053125 0.040625
5 0.74609375 0.5890625 0.0515625 0.040625