5 0.9234375 0.0796875 0.0671875 0.0453125
5 0.771875 0.0859375 0.0671875 0.053125
3 0.1453125 0.6 0.075 0.05625
3 0.2375 0.5703125 0.0890625 0.05
3 0.2390625 0.60625 0.0796875 0.0421875
3 0.3296875 0.5953125 0.06875 0.0390625
4 0.2734375 0.6640625 0.028125 0.0359375
4 0.23125 0.6625 0.0265625 0.040625
2 0.396875 0.7125 0.0359375 0.0359375
5 0.353125 0.825 0.0484375 0.0453125
3 0.7875 0.471875 0.0296875 0.0640625
3 0.8171875 0.47734375 0.021875 0.08203125
3 0.84453125 0.48125 0.0265625 0.0625
2 0.76796875 0.58671875 0.0140625 0.04296875
2 0.8578125 0.60390625 0.0140625 0.0640625
5 0.83984375 0.7328125 0.01015625 0.06640625
5 0.7890625 0.70546875 0.0234375 0.0796875
1 0.81484375 0.8203125 0.0203125 0.03671875