3 0.2609375 0.01953125 0.165625 0.0390625
3 0.35625 0.0609375 0.096875 0.0375
3 0.153125 0.05625 0.0828125 0.04375
4 0.203125 0.58125 0.0296875 0.084375
4 0.246875 0.5875 0.0390625 0.1046875
4 0.28125 0.625 0.0328125 0.0703125
4 0.3203125 0.5953125 0.0359375 0.078125
3 0.0625 0.5234375 0.0984375 0.034375
3 0.05859375 0.4890625 0.0828125 0.01875
5 0.103125 0.915625 0.059375 0.1125
3 0.80703125 0.4953125 0.0453125 0.03125
4 0.8453125 0.5390625 0.028125 0.05625
5 0.9234375 0.6984375 0.0578125 0.0671875
5 0.7828125 0.7015625 0.028125 0.059375
1 0.859375 0.8125 0.0390625 0.0484375
7 0.94375 0.7859375 0.0421875 0.05