3 0.240625 0.103125 0.040625 0.0515625
3 0.25 0.1609375 0.059375 0.040625
3 0.2953125 0.10625 0.0421875 0.0453125
3 0.334375 0.15625 0.053125 0.0359375
3 0.35625 0.103125 0.0609375 0.046875
3 0.41875 0.1046875 0.05 0.05625
3 0.425 0.153125 0.078125 0.0515625
4 0.3375 0.1921875 0.0515625 0.05
5 0.4203125 0.33125 0.046875 0.059375
5 0.2640625 0.334375 0.046875 0.059375
2 0.471875 0.228125 0.0375 0.05
2 0.2015625 0.2328125 0.0390625 0.04375
6 0.203125 0.2953125 0.0375 0.0453125
5 0.778125 0.1328125 0.0421875 0.053125
5 0.96875 0.140625 0.0515625 0.075
2 0.6765625 0.00703125 0.0375 0.0140625
4 0.2328125 0.603125 0.034375 0.053125
3 0.23125 0.5328125 0.0921875 0.03125
3 0.2265625 0.496875 0.075 0.0265625
3 0.3140625 0.4890625 0.05625 0.040625
2 0.3984375 0.675 0.04375 0.0578125
6 0.3921875 0.834375 0.046875 0.1109375
6 0.1359375 0.8546875 0.040625 0.09375
5 0.346875 0.7984375 0.04375 0.0546875
6 0.1109375 0.7328125 0.0390625 0.065625
6 0.3890625 0.7359375 0.0609375 0.0546875
3 0.94375 0.53125 0.0875 0.0265625
3 0.8765625 0.5421875 0.05 0.0328125