3 0.31796875 0.2125 0.08359375 0.028125
3 0.325 0.184375 0.0875 0.03515625
3 0.43984375 0.20703125 0.1015625 0.03515625
3 0.55 0.209375 0.09609375 0.03125
3 0.54140625 0.18359375 0.08515625 0.03046875
3 0.4328125 0.18125 0.08046875 0.04375
2 0.24296875 0.28671875 0.06484375 0.04140625
2 0.61484375 0.28515625 0.0453125 0.03828125
5 0.55703125 0.365625 0.06953125 0.04375
5 0.328125 0.359375 0.08203125 0.0453125
6 0.26875 0.41875 0.05234375 0.0546875
1 0.45234375 0.440625 0.07890625 0.021875
4 0.3859375 0.65 0.025 0.05625
4 0.4296875 0.6609375 0.0203125 0.046875
2 0.221875 0.7125 0.053125 0.0515625
2 0.5875 0.7328125 0.0453125 0.059375
5 0.3046875 0.846875 0.0765625 0.0765625
7 0.2921875 0.9609375 0.034375 0.075
7 0.53125 0.934375 0.034375 0.075
5 0.5296875 0.871875 0.0375 0.0390625
6 0.809375 0.775 0.021875 0.084375