2 0.2734375 0.27291666666666664 0.03125 0.05625
2 0.4921875 0.275 0.040625 0.04375
5 0.45 0.3625 0.053125 0.05625
5 0.321875 0.3625 0.04375 0.05416666666666667
3 0.4859375 0.14166666666666666 0.0296875 0.07291666666666667
3 0.3296875 0.11458333333333333 0.04375 0.029166666666666667
3 0.303125 0.07291666666666667 0.059375 0.029166666666666667
3 0.440625 0.07291666666666667 0.040625 0.0375
4 0.378125 0.21458333333333332 0.0390625 0.07916666666666666
3 0.646875 0.009375 0.040625 0.01875
2 0.1046875 0.7708333333333334 0.040625 0.052083333333333336
2 0.4046875 0.7666666666666667 0.0390625 0.058333333333333334
5 0.3421875 0.88125 0.0453125 0.07291666666666667
5 0.1828125 0.8895833333333333 0.0359375 0.08333333333333333
4 0.2546875 0.69375 0.0234375 0.06666666666666667
5 0.7421875 0.6885416666666667 0.034375 0.07708333333333334