2 0.1921875 0.2421875 0.03125 0.0421875
2 0.4109375 0.24375 0.040625 0.0328125
5 0.36875 0.309375 0.053125 0.0421875
5 0.240625 0.309375 0.04375 0.040625
3 0.4046875 0.14375 0.0296875 0.0546875
3 0.2484375 0.1234375 0.04375 0.021875
3 0.221875 0.0921875 0.059375 0.021875
3 0.359375 0.0921875 0.040625 0.028125
4 0.296875 0.1984375 0.0390625 0.059375
3 0.90546875 0.0234375 0.0921875 0.046875
4 0.953125 0.10625 0.028125 0.084375
2 0.7828125 0.16875 0.0515625 0.0734375
5 0.853125 0.2828125 0.06875 0.0890625
5 0.990625 0.321875 0.01875 0.109375
7 0.8015625 0.409375 0.040625 0.0734375
7 0.98125 0.4453125 0.0359375 0.0875
1 0.8828125 0.4625 0.0375 0.05625
1 0.909375 0.3890625 0.0640625 0.040625
3 0.8046875 0.0296875 0.0546875 0.059375
3 0.2046875 0.65625 0.034375 0.040625
3 0.259375 0.6359375 0.0421875 0.040625
3 0.31875 0.6390625 0.0609375 0.0609375
3 0.3828125 0.6578125 0.05 0.0625
4 0.290625 0.7109375 0.046875 0.0578125
5 0.3703125 0.8375 0.0375 0.065625
5 0.2140625 0.8453125 0.040625 0.0765625
2 0.4234375 0.7546875 0.0375 0.0546875
2 0.16875 0.7546875 0.0375 0.0375
6 0.1953125 0.91875 0.0328125 0.05
4 0.940625 0.5765625 0.0265625 0.04375
4 0.98125 0.571875 0.0359375 0.040625
3 0.921875 0.53203125 0.065625 0.0265625
3 0.9875 0.53125 0.025 0.025
2 0.8640625 0.6109375 0.0390625 0.0265625
5 0.875 0.6640625 0.0375 0.0359375