4 0.303125 0.25625 0.034375 0.053125
3 0.3015625 0.1859375 0.0921875 0.03125
3 0.296875 0.15 0.075 0.0265625
3 0.384375 0.1421875 0.05625 0.040625
2 0.46875 0.328125 0.04375 0.0578125
6 0.4625 0.4875 0.046875 0.1109375
6 0.20625 0.5078125 0.040625 0.09375
5 0.4171875 0.4515625 0.04375 0.0546875
6 0.18125 0.3859375 0.0390625 0.065625
6 0.459375 0.3890625 0.0609375 0.0546875
2 0.96796875 0.33515625 0.0640625 0.0703125
6 0.98828125 0.440625 0.0234375 0.0875
6 0.9828125 0.59921875 0.034375 0.0890625
3 0.2390625 0.8140625 0.13125 0.0953125
4 0.2921875 0.9046875 0.040625 0.053125
3 0.3390625 0.84375 0.0546875 0.090625
2 0.0546875 0.9703125 0.06875 0.0515625
2 0.94375 0.6859375 0.021875 0.034375
5 0.975 0.7203125 0.0296875 0.0265625