6 0.01796875 0.11171875 0.0359375 0.1109375
6 0.01953125 0.0203125 0.0390625 0.040625
3 0.65390625 0.01953125 0.0359375 0.0390625
2 0.6484375 0.0828125 0.0625 0.0515625
5 0.546875 0.1640625 0.046875 0.0609375
5 0.3671875 0.1234375 0.0671875 0.046875
7 0.36015625 0.20078125 0.0484375 0.0578125
6 0.6671875 0.1265625 0.046875 0.059375
4 0.471875 0.0265625 0.05 0.0234375
4 0.14609375 0.5078125 0.009375 0.06484375
3 0.13984375 0.44296875 0.02265625 0.03046875
3 0.10859375 0.44296875 0.0140625 0.02890625
2 0.09921875 0.62734375 0.0125 0.0453125
2 0.19765625 0.540625 0.0125 0.05078125
5 0.18984375 0.72890625 0.0109375 0.06171875
5 0.1265625 0.75625 0.015625 0.103125
3 0.61875 0.4609375 0.05078125 0.02734375
3 0.61015625 0.4953125 0.065625 0.03515625
3 0.62265625 0.5484375 0.05234375 0.05625
3 0.6796875 0.52578125 0.03125 0.03984375
3 0.6921875 0.565625 0.0453125 0.03984375