4 0.31875 0.0828125 0.0296875 0.071875
3 0.421875 0.05625 0.0765625 0.0265625
3 0.390625 0.0171875 0.090625 0.034375
3 0.23125 0.015625 0.0875 0.03125
3 0.2359375 0.059375 0.0875 0.0390625
2 0.5125 0.159375 0.046875 0.0390625
6 0.5015625 0.3 0.025 0.0765625
5 0.240625 0.3015625 0.0421875 0.053125
5 0.43125 0.309375 0.0515625 0.075
2 0.1390625 0.1578125 0.0375 0.0515625
5 0.7625 0.1125 0.0765625 0.0765625
7 0.79375 0.2046875 0.0328125 0.0640625
3 0.3 0.86875 0.0703125 0.028125
4 0.440625 0.915625 0.03125 0.046875
2 0.21875 0.9828125 0.046875 0.028125