3 0.3203125 0.0234375 0.053125 0.046875
3 0.3546875 0.0546875 0.08125 0.0296875
3 0.4296875 0.021875 0.06875 0.028125
3 0.42421875 0.00390625 0.1015625 0.0078125
3 0.496875 0.053125 0.0578125 0.0328125
3 0.509375 0.0265625 0.05 0.0296875
2 0.3015625 0.1671875 0.04375 0.046875
2 0.5390625 0.165625 0.03125 0.046875
5 0.4984375 0.246875 0.0328125 0.053125
5 0.375 0.2421875 0.0390625 0.0609375
3 0.43125 0.0640625 0.0375 0.046875
2 0.7125 0.0203125 0.0375 0.040625
5 0.6671875 0.0828125 0.05625 0.0390625
1 0.6296875 0.1921875 0.0734375 0.0203125
6 0.7171875 0.1390625 0.0203125 0.0828125
4 0.23125 0.571875 0.025 0.0453125
2 0.0671875 0.690625 0.0375 0.05
3 0.296875 0.4578125 0.05 0.0328125
3 0.2390625 0.45625 0.059375 0.028125
3 0.2484375 0.49375 0.053125 0.021875
4 0.8359375 0.62421875 0.015625 0.03359375
2 0.78203125 0.5921875 0.0125 0.03359375
2 0.878125 0.67734375 0.0109375 0.03046875