3 0.33125 0.10546875 0.075 0.03515625
3 0.4359375 0.11328125 0.096875 0.046875
3 0.50703125 0.1240234375 0.0234375 0.041015625
3 0.2953125 0.14453125 0.0609375 0.033203125
3 0.4359375 0.158203125 0.071875 0.033203125
3 0.51171875 0.1650390625 0.0140625 0.037109375
4 0.4296875 0.240234375 0.046875 0.03125
2 0.2765625 0.28515625 0.0484375 0.052734375
5 0.4953125 0.4482421875 0.046875 0.126953125
5 0.3296875 0.43359375 0.0671875 0.109375
6 0.2765625 0.4951171875 0.021875 0.068359375
4 0.8625 0.052734375 0.0265625 0.068359375
4 0.8953125 0.048828125 0.021875 0.060546875
5 0.934375 0.265625 0.034375 0.076171875
5 0.8125 0.2578125 0.034375 0.080078125
3 0.82109375 0.0107421875 0.0328125 0.021484375
3 0.0765625 0.6328125 0.0765625 0.103515625
3 0.1796875 0.603515625 0.1015625 0.0859375
3 0.2921875 0.58984375 0.1 0.087890625
3 0.415625 0.5625 0.10625 0.056640625