5 0.14140625 0.01328125 0.0578125 0.0265625
5 0.6640625 0.03515625 0.0375 0.0703125
5 0.8390625 0.01953125 0.059375 0.0390625
7 0.8640625 0.0984375 0.034375 0.0421875
7 0.64375 0.1203125 0.040625 0.065625
4 0.3046875 0.45625 0.03125 0.0703125
4 0.2578125 0.4625 0.0390625 0.0515625
2 0.0875 0.5 0.0546875 0.0609375
5 0.3578125 0.6453125 0.084375 0.1125
5 0.146875 0.628125 0.0921875 0.0796875
1 0.3609375 0.8046875 0.0515625 0.078125
1 0.221875 0.8234375 0.075 0.0390625
6 0.0671875 0.6859375 0.0515625 0.090625
3 0.38984375 0.41171875 0.0796875 0.0296875
3 0.2015625 0.38828125 0.0875 0.0390625
3 0.5015625 0.5734375 0.071875 0.0359375
4 0.578125 0.634375 0.0328125 0.053125
6 0.6671875 0.8859375 0.0328125 0.0625
6 0.45625 0.8859375 0.0328125 0.0734375
3 0.671875 0.5953125 0.059375 0.0265625