2 0.13046875 0.21328125 0.0203125 0.06328125
2 0.27734375 0.31953125 0.01953125 0.06640625
3 0.215625 0.16640625 0.02265625 0.06015625
3 0.2484375 0.18125 0.0328125 0.053125
3 0.17421875 0.13984375 0.03515625 0.04140625
3 0.265625 0.15 0.0234375 0.0484375
3 0.234375 0.11484375 0.02890625 0.04296875
3 0.20234375 0.096875 0.0234375 0.06015625
3 0.165625 0.1046875 0.03203125 0.0453125
3 0.27578125 0.121875 0.0203125 0.0484375
5 0.15078125 0.39765625 0.0296875 0.08125
5 0.2328125 0.46484375 0.02109375 0.09296875
5 0.13203125 0.48125 0.01015625 0.0515625
5 0.23984375 0.54296875 0.0109375 0.046875
7 0.225 0.57265625 0.01015625 0.06171875
2 0.653125 0.2171875 0.034375 0.02578125
2 0.47578125 0.22265625 0.0203125 0.02109375
3 0.0765625 0.86875 0.096875 0.0390625
3 0.084375 0.83125 0.090625 0.03125
3 0.3015625 0.834375 0.075 0.0390625
3 0.30625 0.871875 0.0671875 0.0484375
4 0.184375 0.9109375 0.05 0.053125
2 0.01796875 0.9625 0.0359375 0.040625
2 0.3421875 0.965625 0.034375 0.0390625
3 0.8703125 0.765625 0.040625 0.0453125
3 0.921875 0.75625 0.0390625 0.0484375
3 0.9625 0.75 0.0359375 0.0453125