2 0.1765625 0.11363636363636363 0.05 0.07851239669421488
3 0.384375 0.05578512396694215 0.05625 0.0743801652892562
3 0.28203125 0.023760330578512397 0.0859375 0.047520661157024795
3 0.41640625 0.009297520661157025 0.0453125 0.01859504132231405
5 0.22578125 0.32541322314049587 0.0734375 0.06818181818181818
3 0.49375 0.09917355371900827 0.078125 0.049586776859504134
3 0.540625 0.16942148760330578 0.078125 0.045454545454545456
3 0.69375 0.18181818181818182 0.0890625 0.05165289256198347
3 0.6515625 0.1384297520661157 0.0859375 0.045454545454545456
3 0.5734375 0.13429752066115702 0.0578125 0.05785123966942149
4 0.609375 0.2809917355371901 0.0515625 0.07231404958677685
3 0.4671875 0.20867768595041322 0.05625 0.0371900826446281
3 0.2609375 0.5371900826446281 0.121875 0.08264462809917356
5 0.41484375 0.893595041322314 0.0484375 0.12603305785123967
5 0.265625 0.8491735537190083 0.040625 0.1012396694214876
6 0.19296875 0.9462809917355371 0.0265625 0.10743801652892562
3 0.5921875 0.53099173553719 0.028125 0.06818181818181818
2 0.6484375 0.6508264462809917 0.040625 0.0640495867768595
5 0.4828125 0.7892561983471075 0.0375 0.10537190082644628
6 0.65 0.8264462809917356 0.025 0.10330578512396695