3 0.1140625 0.1796875 0.075 0.05625
3 0.2125 0.1671875 0.0734375 0.0421875
3 0.2046875 0.20625 0.0828125 0.05
3 0.309375 0.1859375 0.075 0.0421875
4 0.2125 0.2671875 0.075 0.0484375
5 0.303125 0.4484375 0.0578125 0.08125
5 0.125 0.4390625 0.05625 0.0796875
2 0.3625 0.3328125 0.0609375 0.0484375
2 0.0546875 0.34375 0.0546875 0.0609375
3 0.721875 0.134375 0.0671875 0.034375
3 0.803125 0.1609375 0.075 0.0359375
3 0.878125 0.1640625 0.059375 0.0421875
2 0.90625 0.2625 0.0375 0.0390625
2 0.6640625 0.24375 0.0390625 0.0390625
5 0.853125 0.3328125 0.0328125 0.0390625
5 0.7234375 0.33125 0.0453125 0.0359375
4 0.23828125 0.57890625 0.0328125 0.0390625
2 0.446875 0.59453125 0.04375 0.0453125
2 0.09375 0.6453125 0.0453125 0.04375
5 0.3859375 0.7 0.0734375 0.046875
5 0.1734375 0.73125 0.0453125 0.071875
4 0.515625 0.6 0.0515625 0.0296875
3 0.5015625 0.56796875 0.025 0.0171875
3 0.57421875 0.5625 0.0546875 0.00625
5 0.590625 0.7234375 0.0375 0.0625
5 0.4734375 0.75078125 0.009375 0.0703125
7 0.471875 0.84375 0.00625 0.053125
7 0.603125 0.8234375 0.040625 0.053125
6 0.6453125 0.7140625 0.0390625 0.0546875
2 0.628125 0.6203125 0.03125 0.040625