3 0.3703125 0.08125 0.0703125 0.03125
3 0.4609375 0.07109375 0.0375 0.0390625
3 0.45234375 0.09609375 0.0546875 0.0484375
2 0.3171875 0.2078125 0.0453125 0.0546875
5 0.3546875 0.3421875 0.0484375 0.0734375
5 0.353125 0.4109375 0.0421875 0.0609375
4 0.7125 0.29921875 0.01171875 0.0546875
6 0.77734375 0.52265625 0.02109375 0.059375
2 0.1921875 0.8765625 0.0234375 0.0359375
2 0.3625 0.88125 0.0234375 0.04375
5 0.2234375 0.940625 0.0359375 0.0390625
5 0.3296875 0.9265625 0.0453125 0.040625
1 0.33671875 0.98203125 0.0234375 0.0359375
8 0.26875 0.946875 0.04375 0.0171875
4 0.26875 0.8640625 0.0296875 0.01875
3 0.225 0.81875 0.046875 0.015625
4 0.9078125 0.746875 0.0421875 0.0125
4 0.9078125 0.7734375 0.0421875 0.0328125
0 0.890625 0.7921875 0.03125 0.034375
2 0.9953125 0.7765625 0.009375 0.046875
2 0.815625 0.759375 0.0265625 0.0375
5 0.9640625 0.8484375 0.0375 0.0484375
5 0.85 0.83125 0.040625 0.05
7 0.834375 0.8828125 0.015625 0.0421875
6 0.8140625 0.871875 0.025 0.053125