3 0.0453125 0.23125 0.0703125 0.03125
3 0.1546875 0.221875 0.0734375 0.0390625
3 0.153125 0.246875 0.1046875 0.0484375
3 0.2421875 0.2421875 0.0796875 0.0421875
4 0.853125 0.0203125 0.0359375 0.0359375
2 0.9390625 0.0546875 0.025 0.0484375
2 0.7578125 0.065625 0.025 0.0359375
5 0.80625 0.140625 0.040625 0.0546875
5 0.9046875 0.14375 0.025 0.046875
6 0.9328125 0.1578125 0.015625 0.0546875
1 0.884375 0.2140625 0.0375 0.0296875
1 0.803125 0.209375 0.046875 0.0375
6 0.7453125 0.178125 0.0234375 0.0578125
3 0.90390625 0.00390625 0.0421875 0.0078125
3 0.134375 0.5015625 0.1375 0.0875
3 0.2671875 0.515625 0.0828125 0.090625
3 0.3703125 0.5234375 0.0984375 0.1078125
4 0.215625 0.6109375 0.0375 0.06875
2 0.4265625 0.7046875 0.053125 0.08125
2 0.0484375 0.7109375 0.0453125 0.046875
5 0.1421875 0.865625 0.0578125 0.13125
5 0.3453125 0.8578125 0.0703125 0.1046875
3 0.6625 0.6109375 0.06875 0.0515625
3 0.8609375 0.609375 0.125 0.0453125
3 0.759375 0.63125 0.1109375 0.05
4 0.81875 0.690625 0.0328125 0.0453125
4 0.7765625 0.709375 0.0453125 0.046875
5 0.7140625 0.859375 0.0515625 0.1046875
5 0.86875 0.8625 0.0375 0.1140625
2 0.640625 0.74375 0.053125 0.046875
2 0.934375 0.7375 0.0390625 0.0453125