3 0.1578125 0.240625 0.0640625 0.0609375
3 0.24375 0.240625 0.078125 0.059375
3 0.3296875 0.246875 0.0765625 0.0640625
3 0.4046875 0.259375 0.0578125 0.0625
4 0.253125 0.2890625 0.028125 0.0546875
6 0.3390625 0.453125 0.0546875 0.046875
6 0.165625 0.4390625 0.0453125 0.059375
2 0.878125 0.0390625 0.0453125 0.0453125
4 0.5953125 0.9890625 0.04375 0.021875
3 0.59921875 0.94140625 0.0390625 0.0828125
4 0.9671875 0.6328125 0.065625 0.028125
5 0.884375 0.7953125 0.05625 0.0796875
2 0.8140625 0.7 0.0546875 0.0609375