3 0.27890625 0.00859375 0.0578125 0.0171875
4 0.128125 0.02109375 0.028125 0.0421875
6 0.2140625 0.1796875 0.0546875 0.046875
6 0.040625 0.165625 0.0453125 0.059375
4 0.67578125 0.196875 0.0375 0.028125
4 0.71796875 0.1953125 0.02578125 0.03203125
3 0.67734375 0.15234375 0.078125 0.02265625
3 0.6875 0.16953125 0.0921875 0.02421875
3 0.5609375 0.1859375 0.06484375 0.02421875
2 0.8234375 0.2390625 0.046875 0.0359375
2 0.5265625 0.23359375 0.05703125 0.03203125
5 0.59765625 0.28671875 0.0484375 0.0453125
5 0.75 0.28984375 0.05703125 0.0375
3 0.790625 0.18125 0.07109375 0.01796875
3 0.00859375 0.8328125 0.0171875 0.059375
3 0.0828125 0.8453125 0.0875 0.0953125
3 0.19375 0.8671875 0.0859375 0.0828125
3 0.27890625 0.903125 0.0609375 0.109375
5 0.690625 0.56328125 0.046875 0.0265625