4 0.09375 0.2984375 0.0484375 0.0625
4 0.5828125 0.134375 0.0265625 0.0546875
4 0.615625 0.13125 0.021875 0.0484375
3 0.6015625 0.0734375 0.06875 0.025
5 0.6546875 0.3046875 0.034375 0.0609375
5 0.5328125 0.2984375 0.034375 0.0640625
3 0.5421875 0.090625 0.0328125 0.0390625
2 0.0921875 0.478125 0.0296875 0.0296875
5 0.0640625 0.528125 0.05 0.0296875
2 0.4875 0.640625 0.0234375 0.0359375
2 0.6578125 0.6453125 0.0234375 0.04375
5 0.51875 0.7046875 0.0359375 0.0390625
5 0.625 0.690625 0.0453125 0.040625
1 0.6328125 0.75625 0.0234375 0.0546875
8 0.5640625 0.7109375 0.04375 0.0171875
4 0.5640625 0.628125 0.0296875 0.01875
3 0.5203125 0.5828125 0.046875 0.015625