4 0.2734375 0.11875 0.0484375 0.0625
5 0.3375 0.265625 0.046875 0.0828125
5 0.2125 0.271875 0.046875 0.090625
7 0.346875 0.3625 0.034375 0.0578125
7 0.1921875 0.3734375 0.0296875 0.0625
3 0.8234375 0.184375 0.05625 0.0703125
3 0.96875 0.17109375 0.0625 0.0578125
4 0.90625 0.2328125 0.053125 0.0328125
2 0.796875 0.290625 0.040625 0.046875
5 0.98046875 0.3765625 0.0390625 0.05
5 0.8640625 0.3859375 0.0390625 0.0421875
6 0.821875 0.41875 0.0265625 0.059375
6 0.81875 0.3390625 0.0421875 0.0328125
6 0.44453125 0.71875 0.0296875 0.090625