4 0.33125 0.11875 0.0484375 0.0625
5 0.3953125 0.265625 0.046875 0.0828125
5 0.2703125 0.271875 0.046875 0.090625
7 0.4046875 0.34609375 0.034375 0.0265625
7 0.24921875 0.35078125 0.0296875 0.0171875
3 0.68984375 0.225 0.1203125 0.103125
3 0.8125 0.2203125 0.0875 0.090625
3 0.93125 0.1984375 0.1109375 0.090625
4 0.80703125 0.321875 0.0765625 0.075
3 0.2546875 0.58828125 0.03046875 0.034375
3 0.34921875 0.59375 0.03671875 0.025
4 0.321875 0.66015625 0.0125 0.04140625
1 0.30703125 0.9140625 0.03671875 0.0234375
3 0.8640625 0.40390625 0.03359375 0.06015625
3 0.8875 0.475 0.0125 0.05859375
2 0.88828125 0.528125 0.02109375 0.04453125
5 0.87109375 0.64375 0.0234375 0.0640625
4 0.83046875 0.48046875 0.0078125 0.0484375
3 0.81796875 0.434375 0.01484375 0.053125