4 0.3453125 0.2015625 0.03125 0.0703125
4 0.2984375 0.2078125 0.0390625 0.0515625
2 0.4859375 0.3109375 0.05 0.0765625
2 0.128125 0.2453125 0.0546875 0.0609375
5 0.3984375 0.38203125 0.084375 0.0953125
5 0.1875 0.3734375 0.0921875 0.0796875
6 0.10703125 0.4078125 0.0515625 0.04375
3 0.4328125 0.1578125 0.0828125 0.0296875
3 0.2421875 0.1328125 0.0875 0.040625
5 0.7796875 0.1609375 0.0625 0.103125
5 0.625 0.1609375 0.053125 0.0953125
7 0.5921875 0.2390625 0.05625 0.090625
7 0.8296875 0.1953125 0.034375 0.0421875
3 0.2171875 0.6453125 0.05625 0.0453125
3 0.3359375 0.690625 0.034375 0.025
3 0.271875 0.665625 0.0390625 0.05
2 0.9140625 0.671875 0.0375 0.05