4 0.3890625 0.2203125 0.03125 0.0703125
4 0.3421875 0.2265625 0.0390625 0.0515625
2 0.5296875 0.3296875 0.05 0.0765625
2 0.171875 0.2640625 0.0546875 0.0609375
5 0.4421875 0.409375 0.084375 0.1125
5 0.23125 0.3921875 0.0921875 0.0796875
1 0.4453125 0.56875 0.0515625 0.078125
1 0.30625 0.5875 0.075 0.0390625
6 0.1515625 0.45 0.0515625 0.090625
3 0.4765625 0.1765625 0.0828125 0.0296875
3 0.2859375 0.1515625 0.0875 0.040625
3 0.66875 0.01328125 0.0375 0.0265625
3 0.71953125 0.0109375 0.0390625 0.021875
3 0.76015625 0.01640625 0.0390625 0.0328125
5 0.75 0.15625 0.0296875 0.04375
5 0.6625 0.1609375 0.0265625 0.0421875
7 0.759375 0.209375 0.025 0.0375
7 0.6625 0.209375 0.0234375 0.046875
1 0.715625 0.215625 0.0546875 0.0203125
2 0.790625 0.096875 0.025 0.04375
4 0.7078125 0.075 0.025 0.0390625
3 0.56796875 0.86484375 0.0421875 0.0578125
3 0.50625 0.8875 0.059375 0.0515625
2 0.46640625 0.99140625 0.0328125 0.0171875
5 0.7953125 0.8203125 0.0796875 0.06875