3 0.321875 0.059375 0.0765625 0.0421875
3 0.4171875 0.0578125 0.090625 0.0375
5 0.3171875 0.265625 0.0515625 0.05
2 0.2609375 0.1546875 0.0375 0.0296875
2 0.5046875 0.153125 0.0390625 0.0484375
3 0.7765625 0.0953125 0.084375 0.0609375
3 0.896875 0.10625 0.084375 0.0578125
5 0.7578125 0.2671875 0.059375 0.0578125
5 0.89375 0.275 0.05 0.0625
6 0.71875 0.33125 0.0296875 0.059375
2 0.378125 0.875 0.04375 0.05
0 0.4625 0.8875 0.04375 0.025
3 0.4921875 0.7859375 0.034375 0.028125
6 0.365625 0.9578125 0.034375 0.0703125
3 0.7890625 0.7421875 0.1734375 0.0375
3 0.8109375 0.7015625 0.175 0.03125
3 0.8484375 0.6671875 0.1515625 0.0296875
3 0.8375 0.63125 0.096875 0.03125
4 0.7671875 0.7984375 0.0328125 0.0515625
2 0.9765625 0.81953125 0.046875 0.0453125
2 0.621875 0.8703125 0.0453125 0.04375
5 0.9140625 0.925 0.0734375 0.046875
5 0.7015625 0.95625 0.0453125 0.071875