3 0.3046875 0.103125 0.0765625 0.0421875
3 0.4 0.1015625 0.090625 0.0375
5 0.3 0.309375 0.0515625 0.05
2 0.24375 0.1984375 0.0375 0.0296875
3 0.8578125 0.0765625 0.084375 0.0546875
3 0.75625 0.0546875 0.046875 0.09375
3 0.8296875 0.01953125 0.04375 0.0390625
4 0.865625 0.14375 0.0421875 0.0515625
2 0.684375 0.2203125 0.0640625 0.05625
6 0.6390625 0.30625 0.046875 0.0796875
5 0.7359375 0.3578125 0.0375 0.071875
1 0.7390625 0.45 0.0546875 0.0421875
3 0.1765625 0.74375 0.084375 0.0609375
3 0.296875 0.7546875 0.084375 0.0578125
5 0.1578125 0.915625 0.059375 0.0578125
5 0.29375 0.9234375 0.05 0.0625
6 0.11796875 0.975 0.0296875 0.05
3 0.690625 0.653125 0.05625 0.0390625
3 0.6328125 0.6609375 0.034375 0.046875
3 0.5859375 0.675 0.040625 0.04375
3 0.7109375 0.6328125 0.04375 0.0390625
5 0.53125 0.9109375 0.05 0.05
5 0.665625 0.921875 0.0546875 0.0578125
1 0.6484375 0.9921875 0.0375 0.015625
1 0.575 0.990625 0.059375 0.01875
2 0.7125 0.7984375 0.0296875 0.034375