3 0.346875 0.03203125 0.04375 0.0328125
3 0.2734375 0.03125 0.046875 0.021875
3 0.2140625 0.025 0.0390625 0.025
2 0.18125 0.13125 0.0265625 0.03125
5 0.3375 0.1890625 0.0359375 0.046875
5 0.2265625 0.2078125 0.0296875 0.0609375
7 0.35625 0.27890625 0.025 0.0390625
7 0.225 0.2734375 0.028125 0.046875
3 0.8890625 0.00625 0.090625 0.0125
3 0.953125 0.0484375 0.034375 0.0515625
2 0.9546875 0.0953125 0.05625 0.0390625
5 0.9078125 0.196875 0.0640625 0.05625
4 0.7984375 0.053125 0.0203125 0.0421875
3 0.76328125 0.01796875 0.0390625 0.0359375
2 0.2328125 0.6859375 0.03125 0.03125
6 0.259375 0.8390625 0.046875 0.0640625
8 0.34765625 0.78671875 0.0421875 0.0234375
2 0.575 0.6 0.0640625 0.084375
2 0.9671875 0.6453125 0.040625 0.0703125
5 0.646875 0.7421875 0.1296875 0.0734375
3 0.92265625 0.4890625 0.0734375 0.01875