2 0.2109375 0.325 0.059375 0.08125
3 0.3546875 0.2125 0.06875 0.040625
6 0.16328125 0.48984375 0.0546875 0.0796875
5 0.2859375 0.4671875 0.059375 0.078125
4 0.37265625 0.30546875 0.0328125 0.0546875
3 0.96171875 0.1328125 0.0765625 0.028125
2 0.8515625 0.24375 0.040625 0.0390625
5 0.08125 0.86875 0.0609375 0.0421875
2 0.1015625 0.7421875 0.0484375 0.0625
8 0.06875 0.915625 0.0515625 0.0265625
8 0.015625 0.94375 0.03125 0.025
1 0.13125 0.9375 0.05 0.0375
6 0.4578125 0.6234375 0.0515625 0.0609375
5 0.809375 0.6859375 0.0515625 0.075