2 0.2234375 0.359375 0.059375 0.08125
4 0.4484375 0.3109375 0.03125 0.071875
3 0.3734375 0.246875 0.08125 0.040625
6 0.1765625 0.55625 0.0546875 0.14375
5 0.2984375 0.5015625 0.059375 0.078125
5 0.48046875 0.5671875 0.0171875 0.0875
4 0.39375 0.340625 0.05 0.0546875
4 0.7703125 0.2828125 0.0359375 0.0515625
4 0.8109375 0.2796875 0.025 0.0578125
3 0.771875 0.2015625 0.075 0.040625
3 0.78125 0.2328125 0.0890625 0.04375
3 0.659375 0.2625 0.0625 0.04375
2 0.9125 0.359375 0.0453125 0.065625
2 0.6265625 0.35 0.0546875 0.0578125
5 0.6953125 0.446875 0.046875 0.0828125
5 0.8421875 0.4515625 0.0546875 0.06875
3 0.88125 0.2546875 0.06875 0.0328125
4 0.1 0.690625 0.03125 0.0640625
5 0.2546875 0.8953125 0.0640625 0.0890625
5 0.09375 0.9375 0.053125 0.0984375
3 0.28515625 0.66171875 0.0734375 0.0453125
2 0.3390625 0.7421875 0.0640625 0.053125
3 0.8625 0.671875 0.065625 0.028125