6 0.2765625 0.075 0.0359375 0.109375
5 0.321875 0.0375 0.05 0.06875
1 0.425 0.103125 0.059375 0.034375
3 0.528125 0.1015625 0.0328125 0.0625
3 0.571875 0.08125 0.0359375 0.0484375
4 0.578125 0.1375 0.021875 0.0484375
3 0.6171875 0.075 0.034375 0.0578125
3 0.66875 0.0640625 0.04375 0.053125
4 0.6125 0.1484375 0.0203125 0.0375
3 0.73125 0.14375 0.0375 0.05
3 0.1421875 0.43125 0.0609375 0.0328125
5 0.1203125 0.6703125 0.0421875 0.065625
2 0.3453125 0.5671875 0.034375 0.0375
4 0.225 0.521875 0.021875 0.0421875
3 0.5265625 0.484375 0.1203125 0.0765625
3 0.6703125 0.5046875 0.10625 0.059375