4 0.290625 0.24166666666666667 0.0421875 0.016666666666666666
4 0.290625 0.27708333333333335 0.0421875 0.04375
0 0.2734375 0.3020833333333333 0.03125 0.04583333333333333
2 0.3890625 0.28125 0.03125 0.0625
2 0.1984375 0.25833333333333336 0.0265625 0.05
5 0.346875 0.3770833333333333 0.0375 0.06458333333333334
5 0.2328125 0.3541666666666667 0.040625 0.06666666666666667
7 0.2171875 0.42291666666666666 0.015625 0.05625
6 0.196875 0.4083333333333333 0.025 0.07083333333333333
3 0.328125 0.13125 0.0515625 0.029166666666666667
3 0.6484375 0.009375 0.06875 0.01875
5 0.65625 0.26458333333333334 0.040625 0.08125
4 0.3921875 0.6916666666666667 0.0234375 0.07083333333333333
2 0.2421875 0.7833333333333333 0.046875 0.052083333333333336
5 0.4546875 0.925 0.0359375 0.13541666666666666
5 0.3015625 0.9083333333333333 0.040625 0.09166666666666666
7 0.290625 0.9854166666666667 0.03125 0.029166666666666667
3 0.4578125 0.6270833333333333 0.0625 0.04375
4 0.65625 0.65625 0.03125 0.058333333333333334
5 0.6984375 0.7479166666666667 0.0234375 0.04583333333333333
5 0.625 0.75625 0.021875 0.06666666666666667
2 0.7421875 0.6875 0.0234375 0.03333333333333333