4 0.0375 0.2234375 0.0421875 0.0125
4 0.0375 0.25 0.0421875 0.0328125
0 0.0203125 0.26875 0.03125 0.034375
2 0.1359375 0.253125 0.03125 0.046875
5 0.09375 0.325 0.0375 0.0484375
3 0.075 0.140625 0.0515625 0.021875
3 0.7328125 0.09375 0.1171875 0.0734375
3 0.5609375 0.1171875 0.09375 0.028125
4 0.6296875 0.18125 0.0296875 0.0671875
5 0.7265625 0.3671875 0.053125 0.0640625
4 0.353125 0.778125 0.0359375 0.0625
4 0.3890625 0.7609375 0.021875 0.065625
3 0.2828125 0.7296875 0.059375 0.04375
3 0.359375 0.6875 0.05625 0.059375
2 0.2359375 0.9046875 0.04375 0.0484375
5 0.3078125 0.97578125 0.040625 0.0484375
3 0.5484375 0.71875 0.05 0.03125
3 0.59375 0.7328125 0.0296875 0.0359375
3 0.6640625 0.7421875 0.046875 0.034375
4 0.628125 0.778125 0.028125 0.021875
5 0.5765625 0.86875 0.034375 0.059375
5 0.66875 0.871875 0.028125 0.0546875
7 0.5609375 0.9421875 0.01875 0.04375
6 0.5140625 0.8625 0.03125 0.06875
2 0.51875 0.796875 0.025 0.028125
6 0.70625 0.8390625 0.021875 0.040625