3 0.0296875 0.02235294117647059 0.046875 0.04470588235294118
3 0.084375 0.009411764705882352 0.040625 0.018823529411764704
4 0.0484375 0.2211764705882353 0.0375 0.06823529411764706
0 0.0875 0.25882352941176473 0.0328125 0.09411764705882353
0 0.0515625 0.26823529411764707 0.040625 0.07058823529411765
5 0.1796875 0.30823529411764705 0.0609375 0.06352941176470588
2 0.2 0.11764705882352941 0.0484375 0.09411764705882353
8 0.1671875 0.3788235294117647 0.0515625 0.04
8 0.0984375 0.4211764705882353 0.0625 0.03764705882352941
1 0.1046875 0.5294117647058824 0.03125 0.06352941176470588
1 0.2296875 0.4117647058823529 0.05 0.05647058823529412
2 0.56875 0.25882352941176473 0.021875 0.05647058823529412
5 0.703125 0.3270588235294118 0.040625 0.07529411764705882
5 0.596875 0.35294117647058826 0.0296875 0.07294117647058823
7 0.725 0.4164705882352941 0.0234375 0.07058823529411765
7 0.6078125 0.4376470588235294 0.025 0.06823529411764706
2 0.74375 0.24705882352941178 0.0265625 0.07529411764705882
3 0.6765625 0.11058823529411765 0.053125 0.04
3 0.609375 0.11529411764705882 0.0453125 0.03294117647058824
3 0.6390625 0.14823529411764705 0.053125 0.04
5 0.065625 0.8117647058823529 0.0546875 0.12705882352941175
2 0.6890625 0.6952941176470588 0.046875 0.09176470588235294
2 0.940625 0.7223529411764706 0.0328125 0.08235294117647059
6 0.678125 0.8470588235294118 0.0359375 0.11294117647058824
5 0.7515625 0.8329411764705882 0.0421875 0.08235294117647059
6 0.6515625 0.7458823529411764 0.028125 0.08