2 0.0109375 0.190625 0.021875 0.0625
1 0.028125 0.3859375 0.05 0.0375
4 0.6484375 0.175 0.0234375 0.0484375
2 0.5 0.2171875 0.0390625 0.0421875
2 0.7328125 0.284375 0.0265625 0.040625
5 0.66875 0.35625 0.034375 0.071875
5 0.5328125 0.3078125 0.065625 0.0640625
7 0.6625 0.4390625 0.021875 0.053125
3 0.5421875 0.1546875 0.0640625 0.0328125
4 0.6515625 0.2125 0.025 0.034375
3 0.70625 0.203125 0.0203125 0.0296875
3 0.5421875 0.68828125 0.07734375 0.02109375
3 0.62890625 0.67109375 0.06796875 0.0140625
4 0.64453125 0.7046875 0.03125 0.02109375
3 0.71171875 0.66796875 0.07734375 0.0140625
3 0.725 0.68203125 0.08671875 0.01953125
3 0.69140625 0.65390625 0.08046875 0.015625
3 0.584375 0.659375 0.08515625 0.0140625
2 0.503125 0.7515625 0.04375 0.02421875
2 0.8265625 0.7328125 0.046875 0.02421875
5 0.771875 0.7734375 0.05859375 0.0234375
5 0.5703125 0.78984375 0.053125 0.03125