3 0.2421875 0.121875 0.0640625 0.0265625
3 0.1375 0.1328125 0.04375 0.0234375
4 0.184375 0.1484375 0.025 0.046875
2 0.3171875 0.16875 0.03125 0.0484375
5 0.2671875 0.2421875 0.0421875 0.040625
1 0.225 0.309375 0.0390625 0.021875
7 0.296875 0.30625 0.028125 0.0421875
0 0.2203125 0.190625 0.0359375 0.0328125
4 0.32734375 0.540625 0.01484375 0.0609375
4 0.3453125 0.5375 0.0125 0.05390625
3 0.3375 0.4734375 0.0390625 0.02734375
5 0.36796875 0.7296875 0.01953125 0.06796875
5 0.2984375 0.72265625 0.01953125 0.07109375
3 0.30390625 0.4921875 0.01875 0.04296875
4 0.596875 0.5703125 0.025 0.0859375
3 0.6078125 0.4859375 0.078125 0.05
3 0.6859375 0.55 0.0765625 0.0515625
2 0.746875 0.6625 0.040625 0.04375
5 0.6484375 0.8015625 0.04375 0.053125
7 0.6546875 0.9328125 0.0359375 0.06875