5 0.2984375 0.0375 0.0421875 0.040625
1 0.25625 0.1046875 0.0390625 0.021875
7 0.328125 0.1015625 0.028125 0.0421875
2 0.75625 0.02109375 0.0375 0.0421875
5 0.815625 0.15 0.0390625 0.065625
5 0.95625 0.18125 0.0203125 0.040625
2 0.109375 0.5875 0.06875 0.06875
5 0.2171875 0.6578125 0.06875 0.075
5 0.3828125 0.6640625 0.0375 0.0890625
6 0.1578125 0.8453125 0.059375 0.1234375
3 0.39609375 0.43125 0.0859375 0.046875
3 0.15625 0.4203125 0.0890625 0.040625
4 0.3 0.53125 0.05 0.0375
4 0.275 0.4734375 0.03125 0.05
4 0.31875 0.4828125 0.03125 0.05
3 0.9625 0.471875 0.06875 0.0546875
3 0.8921875 0.478125 0.0609375 0.0546875
3 0.8203125 0.484375 0.05 0.046875
2 0.778125 0.5921875 0.034375 0.046875
5 0.9703125 0.6828125 0.040625 0.0609375