4 0.26953125 0.01875 0.0359375 0.0375
0 0.29375 0.0890625 0.0375 0.0359375
2 0.3765625 0.059375 0.0296875 0.0421875
5 0.315625 0.1453125 0.028125 0.04375
1 0.31875 0.240625 0.03125 0.059375
6 0.18125 0.0953125 0.0296875 0.0609375
8 0.2578125 0.1625 0.0625 0.0234375
3 0.8390625 0.04296875 0.071875 0.0859375
3 0.92578125 0.04453125 0.0703125 0.0890625
3 0.98671875 0.03125 0.0265625 0.0625
4 0.97734375 0.1046875 0.0453125 0.053125
2 0.790625 0.20625 0.059375 0.05
5 0.909375 0.3421875 0.053125 0.0890625
6 0.8796875 0.240625 0.06875 0.059375
2 0.1015625 0.8328125 0.021875 0.0375
5 0.2359375 0.878125 0.040625 0.05
5 0.1296875 0.8953125 0.0296875 0.0484375
7 0.2578125 0.9375 0.0234375 0.046875
7 0.140625 0.9515625 0.025 0.0453125
2 0.2765625 0.825 0.0265625 0.05
3 0.209375 0.734375 0.053125 0.0265625
3 0.1421875 0.7375 0.0453125 0.021875
3 0.171875 0.759375 0.053125 0.0265625
5 0.87265625 0.98515625 0.0328125 0.0296875