8 0.3421875 0.02890625 0.034375 0.0234375
3 0.6015625 0.0640625 0.05 0.05625
3 0.6953125 0.0796875 0.0921875 0.0625
3 0.809375 0.1109375 0.103125 0.0640625
4 0.7703125 0.1734375 0.028125 0.059375
2 0.6015625 0.2484375 0.0515625 0.059375
5 0.6859375 0.3796875 0.0453125 0.1078125
7 0.678125 0.4796875 0.04375 0.0625
1 0.7421875 0.4890625 0.078125 0.0421875
5 0.83125 0.39375 0.0359375 0.0765625
3 0.3796875 0.68515625 0.040625 0.0640625
3 0.5 0.66328125 0.059375 0.0484375
4 0.421875 0.7296875 0.01875 0.0390625
4 0.4484375 0.7328125 0.021875 0.0359375
5 0.4953125 0.8203125 0.0453125 0.0359375
5 0.3890625 0.8671875 0.0390625 0.05625
7 0.55625 0.9 0.028125 0.08125
7 0.3953125 0.9234375 0.025 0.0453125
2 0.559375 0.7578125 0.028125 0.0359375