5 0.0125 0.06484375 0.025 0.0578125
7 0.01875 0.1328125 0.034375 0.0515625
4 0.34375 0.03125 0.021875 0.0453125
2 0.490625 0.0984375 0.0421875 0.05
5 0.28125 0.2125 0.046875 0.075
5 0.4546875 0.20625 0.0484375 0.0515625
1 0.4609375 0.3015625 0.0328125 0.059375
1 0.43125 0.3546875 0.0453125 0.0234375
3 0.034375 0.59765625 0.06875 0.0421875
2 0.0953125 0.7421875 0.046875 0.0546875
5 0.0234375 0.8265625 0.046875 0.06875
5 0.034375 0.9296875 0.0390625 0.0875
3 0.51953125 0.57421875 0.05703125 0.04375
3 0.59609375 0.56015625 0.046875 0.040625
2 0.48125 0.6671875 0.02734375 0.0359375
2 0.6390625 0.63203125 0.01640625 0.02734375
5 0.53828125 0.7234375 0.0171875 0.04375
5 0.60625 0.71171875 0.02109375 0.04375