3 0.52890625 0.05625 0.0796875 0.0375
3 0.60625 0.05 0.0359375 0.0375
2 0.50234375 0.16640625 0.0265625 0.0578125
6 0.50703125 0.296875 0.0359375 0.10625
7 0.55546875 0.3265625 0.0328125 0.046875
5 0.6640625 0.278125 0.0203125 0.0453125
5 0.584375 0.253125 0.025 0.046875
8 0.615625 0.2859375 0.025 0.0375
2 0.03125 0.3578125 0.05625 0.015625
2 0.33828125 0.3546875 0.0453125 0.009375
6 0.0296875 0.44375 0.046875 0.0734375
3 0.58203125 0.3890625 0.1265625 0.078125
3 0.7984375 0.3625 0.23125 0.025
3 0.9671875 0.38828125 0.065625 0.0765625
4 0.7609375 0.4734375 0.053125 0.0953125
2 0.5265625 0.6265625 0.0734375 0.0890625
0 0.8203125 0.6390625 0.08125 0.0578125
5 0.6359375 0.8203125 0.0796875 0.2046875
5 0.9609375 0.8734375 0.0703125 0.1421875
7 0.98046875 0.9859375 0.0390625 0.028125
7 0.60390625 0.9875 0.0421875 0.025
6 0.51953125 0.74765625 0.0609375 0.1265625
8 0.7859375 0.8671875 0.03125 0.0578125
4 0.78125 0.571875 0.11875 0.040625