3 0.3734375 0.190625 0.0328125 0.053125
3 0.4140625 0.15625 0.03125 0.046875
3 0.4765625 0.14375 0.059375 0.03125
2 0.36640625 0.253125 0.0515625 0.0125
2 0.9796875 0.1109375 0.034375 0.05625
3 0.1 0.5046875 0.040625 0.05625
3 0.1515625 0.4921875 0.0421875 0.053125
3 0.209375 0.490625 0.0515625 0.0625
2 0.290625 0.565625 0.05 0.0421875
4 0.1515625 0.5609375 0.03125 0.040625
5 0.234375 0.653125 0.05 0.05
6 0.309375 0.7328125 0.03125 0.04375
3 0.8 0.29609375 0.06875 0.0734375
3 0.8890625 0.334375 0.0609375 0.0484375
3 0.9703125 0.3484375 0.0546875 0.0484375
3 0.9453125 0.2875 0.0703125 0.0421875
2 0.7640625 0.5265625 0.06875 0.0546875
1 0.8578125 0.8609375 0.0328125 0.0640625