3 0.2734375 0.128125 0.0546875 0.040625
3 0.334375 0.128125 0.0515625 0.0390625
3 0.4015625 0.1171875 0.046875 0.0390625
4 0.33125 0.178125 0.0421875 0.0390625
5 0.4046875 0.3234375 0.04375 0.05625
5 0.2859375 0.3375 0.0375 0.075
7 0.428125 0.403125 0.0390625 0.05625
7 0.2859375 0.403125 0.034375 0.0515625
3 0.6609375 0.1265625 0.1234375 0.05625
3 0.81875 0.1171875 0.1203125 0.040625
4 0.7859375 0.190625 0.0375 0.0671875
2 0.60625 0.3375 0.0671875 0.06875
5 0.725 0.4171875 0.053125 0.109375
5 0.8640625 0.4265625 0.04375 0.1125
7 0.86796875 0.4953125 0.0359375 0.028125
7 0.7015625 0.50078125 0.040625 0.0171875
6 0.6203125 0.44375 0.0609375 0.1015625
3 0.01796875 0.528125 0.0359375 0.03125
4 0.015625 0.578125 0.03125 0.0390625
5 0.053125 0.6828125 0.0296875 0.05
4 0.978125 0.6671875 0.0234375 0.0484375
2 0.8296875 0.709375 0.0390625 0.0421875
5 0.990625 0.8484375 0.01875 0.071875
5 0.8625 0.8 0.065625 0.0640625
7 0.990625 0.93125 0.01875 0.053125
3 0.871875 0.646875 0.0640625 0.0328125
4 0.98125 0.7046875 0.025 0.034375