4 0.6672158154859967 0.328125 0.032948929159802305 0.021875
3 0.7594728171334432 0.309375 0.08731466227347612 0.0296875
3 0.5584843492586491 0.284375 0.09225700164744646 0.040625
3 0.2158154859967051 0.371875 0.06589785831960461 0.053125
2 0.18451400329489293 0.5046875 0.051070840197693576 0.040625
6 0.2298187808896211 0.7203125 0.03789126853377265 0.0625
3 0.4868204283360791 0.553125 0.08649093904448106 0.0296875
3 0.5840197693574959 0.528125 0.0757825370675453 0.0203125
4 0.6013179571663921 0.5765625 0.03542009884678748 0.0296875
3 0.6771004942339374 0.52421875 0.08649093904448106 0.0203125
3 0.6911037891268533 0.54375 0.09719934102141681 0.028125
3 0.6540362438220758 0.503125 0.08978583196046129 0.02265625
3 0.5345963756177924 0.51171875 0.09555189456342669 0.01953125
2 0.44233937397034595 0.64375 0.04942339373970346 0.03515625
2 0.8064250411861614 0.6171875 0.05271828665568369 0.03515625
5 0.7446457990115322 0.675 0.06507413509060955 0.0328125
5 0.5189456342668863 0.6984375 0.06013179571663921 0.04453125