5 0.3096153846153846 0.1671875 0.075 0.0890625
5 0.03653846153846154 0.15234375 0.07307692307692308 0.1046875
1 0.09615384615384616 0.28984375 0.08461538461538462 0.0203125
1 0.025961538461538463 0.28359375 0.051923076923076926 0.0328125
2 0.4009615384615385 0.0390625 0.03653846153846154 0.06875
6 0.4009615384615385 0.171875 0.03653846153846154 0.084375
7 0.6480769230769231 0.01484375 0.05384615384615385 0.0296875
3 0.013461538461538462 0.421875 0.026923076923076925 0.053125
3 0.09038461538461538 0.44375 0.07884615384615384 0.0875
2 0.09038461538461538 0.5375 0.05961538461538462 0.0421875
5 0.015384615384615385 0.63515625 0.03076923076923077 0.0703125
3 0.6730769230769231 0.503125 0.1 0.03125
3 0.6538461538461539 0.5453125 0.09423076923076923 0.0359375
3 0.7673076923076924 0.5375 0.10961538461538461 0.04375
3 0.8769230769230769 0.534375 0.1 0.06875
5 0.8519230769230769 0.7609375 0.09230769230769231 0.1
2 0.926923076923077 0.6625 0.07115384615384615 0.0453125