6 0.0171875 0.0125 0.034375 0.025
3 0.75 0.1140625 0.1171875 0.05
2 0.6875 0.2078125 0.053125 0.0765625
6 0.6921875 0.3328125 0.05 0.0953125
3 0.225 0.5625 0.06875 0.059375
3 0.29765625 0.57421875 0.0421875 0.0765625
2 0.1484375 0.765625 0.05 0.0484375
5 0.24453125 0.95 0.0734375 0.1
3 0.67109375 0.6875 0.0546875 0.01875
3 0.7421875 0.68515625 0.053125 0.0140625
3 0.61015625 0.69296875 0.05 0.015625
2 0.78828125 0.725 0.03984375 0.015625
2 0.58984375 0.7390625 0.03203125 0.0203125
5 0.746875 0.765625 0.053125 0.02265625
5 0.6390625 0.76953125 0.03359375 0.02421875
7 0.76953125 0.79296875 0.02734375 0.02265625
7 0.6375 0.79453125 0.02421875 0.01640625
1 0.73046875 0.80546875 0.03203125 0.0109375
6 0.8078125 0.75390625 0.02734375 0.028125
4 0.67109375 0.70625 0.02734375 0.01953125