2 0.24375 0.0671875 0.05 0.0671875
6 0.203125 0.1734375 0.04375 0.0875
7 0.253125 0.265625 0.040625 0.1046875
5 0.4765625 0.2 0.03125 0.078125
1 0.3015625 0.3015625 0.0359375 0.0578125
2 0.209375 0.7109375 0.0625 0.040625
5 0.2734375 0.796875 0.0671875 0.0640625
5 0.41875 0.8265625 0.04375 0.065625
4 0.35625 0.6625 0.021875 0.0515625
3 0.26875 0.58125 0.05625 0.025
3 0.396875 0.5984375 0.05625 0.021875
3 0.36171875 0.5734375 0.0609375 0.009375
3 0.275 0.615625 0.1453125 0.03125
5 0.98828125 0.73984375 0.0234375 0.0734375
5 0.8484375 0.7578125 0.0296875 0.05625