6 0.203125 0.01015625 0.04375 0.0203125
7 0.253125 0.06875 0.040625 0.1046875
5 0.4765625 0.02109375 0.03125 0.0421875
1 0.3015625 0.1046875 0.0359375 0.0578125
3 0.92890625 0.01015625 0.0546875 0.0203125
5 0.99375 0.21875 0.0125 0.040625
4 0.409375 0.621875 0.0234375 0.0390625
4 0.4421875 0.625 0.021875 0.040625
2 0.540625 0.6875 0.03125 0.03125
2 0.2953125 0.6625 0.0296875 0.0375
5 0.48125 0.778125 0.0390625 0.0609375
5 0.3328125 0.7890625 0.0296875 0.0625
7 0.4953125 0.865625 0.028125 0.0375
7 0.33125 0.85625 0.025 0.046875
8 0.359375 0.7953125 0.028125 0.03125
3 0.69375 0.4734375 0.053125 0.046875