3 0.190625 0.08 0.06875 0.051111111111111114
3 0.25859375 0.01 0.0734375 0.02
3 0.2734375 0.04666666666666667 0.0671875 0.044444444444444446
3 0.3421875 0.016666666666666666 0.05625 0.03333333333333333
3 0.40703125 0.01 0.0515625 0.02
4 0.3 0.13777777777777778 0.03125 0.06
2 0.1359375 0.27555555555555555 0.0375 0.06444444444444444
5 0.409375 0.4022222222222222 0.0359375 0.07333333333333333
5 0.2171875 0.4822222222222222 0.0390625 0.04888888888888889
4 0.828125 0.06222222222222222 0.0234375 0.07555555555555556
5 0.890625 0.3111111111111111 0.0359375 0.14444444444444443
5 0.7375 0.29333333333333333 0.040625 0.09777777777777778
7 0.7265625 0.4 0.03125 0.08
3 0.89375 0.0077777777777777776 0.0625 0.015555555555555555
5 0.328125 0.6444444444444445 0.025 0.06222222222222222
5 0.4078125 0.6711111111111111 0.01875 0.07555555555555556