4 0.196875 0.00546875 0.03125 0.0109375
2 0.0328125 0.0875 0.0375 0.0453125
5 0.30625 0.1765625 0.0359375 0.0515625
5 0.1140625 0.2328125 0.0390625 0.034375
2 0.915625 0.209375 0.0578125 0.05
2 0.5640625 0.2390625 0.0421875 0.0484375
3 0.5640625 0.0421875 0.0453125 0.0453125
3 0.596875 0.0859375 0.08125 0.04375
3 0.703125 0.04375 0.075 0.0421875
3 0.753125 0.06875 0.09375 0.0296875
3 0.840625 0.0359375 0.05625 0.0640625
3 0.80625 0.090625 0.0703125 0.0328125
3 0.7890625 0.01875 0.0640625 0.03125
6 0.903125 0.384375 0.0328125 0.0671875
5 0.190625 0.7453125 0.028125 0.0484375
5 0.05625 0.7375 0.0375 0.0453125
4 0.1578125 0.6140625 0.021875 0.053125
3 0.090625 0.5078125 0.05 0.021875
3 0.140625 0.525 0.0390625 0.028125
2 0.015625 0.63984375 0.03125 0.0453125
5 0.90078125 0.4765625 0.0546875 0.034375
5 0.72109375 0.484375 0.0578125 0.05