3 0.16484375 0.0828125 0.02890625 0.04140625
3 0.165625 0.14765625 0.02890625 0.065625
3 0.140625 0.16328125 0.01875 0.04296875
3 0.1421875 0.1015625 0.0125 0.053125
3 0.18125 0.21328125 0.01640625 0.04140625
2 0.1890625 0.2875 0.021875 0.0546875
6 0.19765625 0.3890625 0.01796875 0.06171875
6 0.2171875 0.44375 0.0171875 0.05703125
6 0.21484375 0.3390625 0.02265625 0.05
6 0.190625 0.5734375 0.01328125 0.05859375
6 0.26015625 0.56796875 0.02265625 0.06875
1 0.1796875 0.6484375 0.0171875 0.0546875
1 0.16953125 0.5578125 0.021875 0.0546875
8 0.146875 0.48359375 0.01640625 0.04296875
0 0.1375 0.34453125 0.02109375 0.04140625
4 0.640625 0.221875 0.0515625 0.0984375
2 0.9140625 0.315625 0.0609375 0.078125
3 0.51796875 0.103125 0.1171875 0.05
3 0.65625 0.125 0.1078125 0.075
3 0.79375 0.1015625 0.109375 0.059375
5 0.7703125 0.4515625 0.075 0.09375
5 0.5234375 0.4546875 0.0875 0.075
1 0.70078125 0.70859375 0.1015625 0.0421875
5 0.3 0.81875 0.0484375 0.05625
5 0.1484375 0.8171875 0.0484375 0.0703125
4 0.740625 0.8296875 0.0546875 0.04375
5 0.8078125 0.9484375 0.0390625 0.0546875
5 0.696875 0.965625 0.03125 0.0625