3 0.1765625 0.29906542056074764 0.0625 0.0397196261682243
3 0.00859375 0.4462616822429907 0.0171875 0.03271028037383177
3 0.0375 0.411214953271028 0.0578125 0.030373831775700934
3 0.0671875 0.45093457943925236 0.08125 0.0397196261682243
3 0.153125 0.4602803738317757 0.065625 0.04672897196261682
3 0.1265625 0.42289719626168226 0.1015625 0.05841121495327103
4 0.04375 0.5046728971962616 0.028125 0.06775700934579439
2 0.2265625 0.6401869158878505 0.05 0.08644859813084112
5 0.1484375 0.7733644859813084 0.0609375 0.1191588785046729
3 0.46953125 0.36565420560747663 0.0390625 0.035046728971962614
4 0.5453125 0.37616822429906543 0.028125 0.056074766355140186
2 0.728125 0.5070093457943925 0.05 0.08644859813084112
2 0.459375 0.49883177570093457 0.01875 0.08177570093457943
5 0.65 0.6401869158878505 0.0609375 0.1191588785046729