4 0.41875 0.0828125 0.0234375 0.0390625
4 0.4421875 0.0828125 0.025 0.0453125
2 0.3078125 0.1515625 0.03125 0.04375
3 0.46171875 0.0359375 0.0359375 0.025
3 0.3546875 0.0515625 0.0796875 0.0234375
3 0.3671875 0.0203125 0.0734375 0.0265625
3 0.4375 0.0171875 0.046875 0.028125
3 0.428125 0.00390625 0.0625 0.0078125
5 0.37890625 0.20234375 0.0296875 0.0140625
5 0.865625 0.1203125 0.028125 0.0359375
5 0.9578125 0.1484375 0.0203125 0.028125
3 0.2125 0.309375 0.0609375 0.03125
3 0.215625 0.346875 0.046875 0.03359375
3 0.27421875 0.3375 0.04609375 0.0375
3 0.3078125 0.3875 0.0359375 0.059375
4 0.24921875 0.46015625 0.01484375 0.0578125
2 0.3390625 0.53203125 0.02578125 0.05234375
5 0.19765625 0.72890625 0.02109375 0.059375
5 0.29140625 0.703125 0.0265625 0.05234375
3 0.50703125 0.353125 0.0546875 0.08125
3 0.58125 0.346875 0.0703125 0.0953125
3 0.671875 0.35 0.06875 0.1015625
3 0.759375 0.3625 0.071875 0.096875
4 0.671875 0.4609375 0.03125 0.084375
4 0.6375 0.5234375 0.0578125 0.075
3 0.56875 0.4375 0.0890625 0.06875
2 0.83125 0.55 0.053125 0.0625
2 0.48671875 0.55859375 0.0140625 0.0765625
5 0.746875 0.64375 0.0734375 0.0734375
5 0.55 0.646875 0.0625 0.0765625
6 0.8125 0.690625 0.028125 0.0765625
1 0.5953125 0.784375 0.059375 0.0453125