2 0.21875 0.06875 0.0640625 0.053125
5 0.321875 0.221875 0.06875 0.0796875
5 0.5625 0.2328125 0.034375 0.090625
6 0.2484375 0.275 0.0421875 0.0796875
5 0.959375 0.3 0.0390625 0.046875
5 0.78125 0.2984375 0.0671875 0.0546875
2 0.7015625 0.18125 0.05 0.046875
2 0.3640625 0.43125 0.0609375 0.090625
6 0.31875 0.5703125 0.053125 0.1
5 0.028125 0.5265625 0.05 0.053125
5 0.2484375 0.5765625 0.0375 0.06875
0 0.05390625 0.4421875 0.1078125 0.06875
1 0.01328125 0.715625 0.0265625 0.096875
1 0.1859375 0.7375 0.0515625 0.084375
0 0.1890625 0.41875 0.0328125 0.0671875
0 0.1328125 0.415625 0.0578125 0.0546875
3 0.8734375 0.5296875 0.075 0.040625
3 0.9484375 0.50625 0.05 0.0296875
3 0.975 0.52734375 0.05 0.0203125
3 0.8265625 0.5625 0.065625 0.0296875
2 0.7984375 0.684375 0.0296875 0.0328125
5 0.8625 0.78125 0.0328125 0.065625
1 0.946875 0.8953125 0.0609375 0.0328125