3 0.2171875 0.1515625 0.08125 0.0390625
3 0.1890625 0.2 0.0953125 0.0296875
3 0.040625 0.165625 0.0734375 0.0359375
3 0.0734375 0.2203125 0.065625 0.0375
3 0.1859375 0.121875 0.0875 0.034375
2 0.2953125 0.33125 0.0515625 0.065625
5 0.19375 0.471875 0.0484375 0.059375
5 0.021875 0.47421875 0.04375 0.0734375
3 0.5578125 0.12109375 0.04375 0.04765625
3 0.6109375 0.11171875 0.04375 0.0609375
7 0.665625 0.42578125 0.0125 0.03828125
7 0.57421875 0.453125 0.01484375 0.03671875
4 0.1578125 0.753125 0.021875 0.0359375
3 0.0859375 0.725 0.05 0.01875
3 0.203125 0.7046875 0.040625 0.0296875
3 0.1421875 0.7109375 0.0234375 0.03125
3 0.103125 0.6984375 0.0359375 0.0234375
2 0.0671875 0.8078125 0.034375 0.0328125
2 0.2484375 0.778125 0.0234375 0.0390625
5 0.21875 0.8390625 0.0359375 0.0390625
7 0.109375 0.9 0.0234375 0.040625
1 0.1453125 0.953125 0.0265625 0.0328125
6 0.775 0.69375 0.046875 0.028125
5 0.70234375 0.6875 0.0390625 0.015625