3 0.196875 0.0609375 0.08125 0.0390625
3 0.16875 0.109375 0.0953125 0.0296875
3 0.028125 0.07421875 0.05625 0.0359375
3 0.053125 0.1296875 0.065625 0.0375
3 0.165625 0.03125 0.0875 0.034375
2 0.275 0.240625 0.0515625 0.065625
5 0.1734375 0.38125 0.0484375 0.059375
5 0.01171875 0.38359375 0.0234375 0.0734375
4 0.725 0.25625 0.01171875 0.0515625
4 0.71171875 0.26640625 0.01328125 0.046875
5 0.775 0.4546875 0.02421875 0.05625
5 0.703125 0.44296875 0.01484375 0.06015625
7 0.703125 0.5109375 0.0140625 0.046875
7 0.7796875 0.528125 0.01484375 0.04296875
2 0.79453125 0.303125 0.02265625 0.03671875
3 0.053125 0.57109375 0.096875 0.0234375
3 0.1234375 0.609375 0.075 0.05
4 0.00859375 0.66953125 0.0171875 0.0484375
2 0.1875 0.73125 0.053125 0.04375
5 0.0890625 0.875 0.0546875 0.04375
3 0.5171875 0.5984375 0.0609375 0.0390625
3 0.590625 0.6265625 0.053125 0.0546875
3 0.575 0.5828125 0.046875 0.0390625
4 0.5171875 0.6796875 0.0484375 0.0546875