3 0.08125 0.18333333333333332 0.053125 0.044444444444444446
3 0.0640625 0.2388888888888889 0.0625 0.03333333333333333
3 0.0046875 0.2611111111111111 0.009375 0.044444444444444446
3 0.0609375 0.14722222222222223 0.0578125 0.03888888888888889
2 0.134375 0.39166666666666666 0.034375 0.07777777777777778
5 0.0671875 0.5583333333333333 0.03125 0.06944444444444445
3 0.50546875 0.018055555555555554 0.0453125 0.03611111111111111
5 0.0734375 0.7777777777777778 0.03125 0.06666666666666667
5 0.003125 0.8069444444444445 0.00625 0.08055555555555556
6 0.1078125 0.825 0.0109375 0.1
8 0.0359375 0.8222222222222222 0.0109375 0.03611111111111111
6 0.10546875 0.7013888888888888 0.0203125 0.025