4 0.375 0.2234375 0.025 0.0625
3 0.2671875 0.1328125 0.0828125 0.0328125
3 0.3671875 0.134375 0.1015625 0.0328125
3 0.284375 0.175 0.0921875 0.040625
3 0.3953125 0.175 0.10625 0.0390625
3 0.86328125 0.03828125 0.1453125 0.0765625
3 0.690625 0.046875 0.078125 0.0921875
4 0.7828125 0.1125 0.0296875 0.0578125
4 0.7390625 0.1140625 0.0265625 0.0625
2 0.95625 0.1984375 0.046875 0.0796875
6 0.95 0.3015625 0.0609375 0.115625
5 0.8421875 0.278125 0.0734375 0.0890625
5 0.6734375 0.29375 0.059375 0.0734375
7 0.6671875 0.3953125 0.0515625 0.0921875
7 0.8828125 0.403125 0.0453125 0.0828125
1 0.7515625 0.40625 0.0671875 0.0390625
0 0.78125 0.1921875 0.0609375 0.05625
3 0.0203125 0.6125 0.040625 0.025
3 0.109375 0.60546875 0.04375 0.0109375
2 0.4921875 0.9484375 0.059375 0.0578125