3 0.25 0.08156606851549755 0.0546875 0.06688417618270799
3 0.25625 0.01794453507340946 0.071875 0.03588907014681892
3 0.3984375 0.01957585644371941 0.075 0.03915171288743882
3 0.32890625 0.004893964110929853 0.0515625 0.009787928221859706
4 0.4203125 0.13050570962479607 0.0375 0.03915171288743882
2 0.246875 0.23164763458401305 0.0609375 0.06851549755301795
6 0.3296875 0.32463295269168024 0.05625 0.06525285481239804
6 0.2875 0.3800978792822186 0.046875 0.0636215334420881
5 0.378125 0.3556280587275693 0.040625 0.09951060358890701
5 0.334375 0.44045676998368677 0.0453125 0.053833605220228384
4 0.6234375 0.0701468189233279 0.025 0.06525285481239804
2 0.7578125 0.12561174551386622 0.053125 0.04730831973898858
5 0.6859375 0.21207177814029363 0.0453125 0.05872756933115824
6 0.7 0.3034257748776509 0.040625 0.09135399673735727
3 0.05 0.6117455138662317 0.0421875 0.022838499184339316
3 0.08125 0.6378466557911908 0.0546875 0.02936378466557912
3 0.034375 0.6443719412724307 0.0328125 0.026101141924959218
3 0.09375 0.6786296900489397 0.0484375 0.03262642740619902
2 0.1109375 0.7357259380097879 0.046875 0.053833605220228384
6 0.1109375 0.8156606851549756 0.046875 0.06851549755301795
6 0.1359375 0.8792822185970636 0.0359375 0.057096247960848286
6 0.0921875 0.9282218597063622 0.034375 0.06035889070146819
6 0.203125 0.8972267536704731 0.0453125 0.053833605220228384
5 0.0640625 0.8466557911908646 0.03125 0.05057096247960848
3 0.6109375 0.5122349102773246 0.096875 0.02773246329526917
3 0.6984375 0.5220228384991843 0.059375 0.057096247960848286
2 0.7359375 0.6264274061990212 0.0359375 0.05546492659053834
4 0.609375 0.5562805872756933 0.0234375 0.03588907014681892
5 0.65625 0.7292006525285482 0.040625 0.057096247960848286