4 0.1640625 0.2328125 0.0296875 0.05
4 0.1375 0.2453125 0.03125 0.03125
3 0.171875 0.1765625 0.1140625 0.0375
3 0.1640625 0.1546875 0.1 0.0375
5 0.225 0.37109375 0.05 0.0578125
2 0.0265625 0.2828125 0.034375 0.0375
4 0.034375 0.5671875 0.0234375 0.05625
7 0.0984375 0.81875 0.0171875 0.078125
2 0.4703125 0.690625 0.08125 0.0578125
6 0.4375 0.83125 0.046875 0.115625
6 0.46171875 0.95703125 0.0765625 0.0859375
3 0.65 0.4734375 0.0765625 0.0390625
3 0.61875 0.5265625 0.090625 0.0375
5 0.7875 0.7859375 0.05 0.1046875