4 0.06328125 0.014734774066797643 0.0203125 0.029469548133595286
2 0.115625 0.05893909626719057 0.0171875 0.03339882121807466
6 0.103125 0.1100196463654224 0.015625 0.03732809430255403
5 0.015625 0.09430255402750491 0.0140625 0.019646365422396856
5 0.08125 0.11198428290766209 0.0109375 0.025540275049115914
0 0.021875 0.06286836935166994 0.034375 0.025540275049115914
1 0.00703125 0.1650294695481336 0.0140625 0.03536345776031434
1 0.0625 0.17288801571709234 0.0140625 0.03143418467583497
0 0.0640625 0.05304518664047151 0.009375 0.023575638506876228
0 0.046875 0.05108055009823183 0.0171875 0.019646365422396856
3 0.0875 0.0019646365422396855 0.015625 0.003929273084479371
5 0.88046875 0.05304518664047151 0.0609375 0.10609037328094302
3 0.6140625 0.4430255402750491 0.05 0.11984282907662082
3 0.684375 0.41453831041257366 0.0796875 0.13359528487229863
6 0.7625 0.6915520628683693 0.0609375 0.09823182711198428