2 0.07061503416856492 0.1625 0.08428246013667426 0.090625
4 0.3826879271070615 0.1265625 0.09111617312072894 0.090625
6 0.5250569476082004 0.3640625 0.029612756264236904 0.0875
6 0.04555808656036447 0.325 0.07289293849658314 0.0953125
5 0.17084282460136674 0.325 0.06378132118451026 0.0453125
5 0.4533029612756264 0.36875 0.04783599088838269 0.059375
0 0.1958997722095672 0.2515625 0.15261958997722094 0.059375
1 0.1264236902050114 0.48984375 0.0888382687927107 0.0796875
1 0.37471526195899774 0.5015625 0.06605922551252848 0.05625
0 0.37813211845102507 0.23125 0.04100227790432802 0.0578125
0 0.3052391799544419 0.2265625 0.07289293849658314 0.046875
3 0.48291571753986334 0.0953125 0.06605922551252848 0.04375
3 0.23690205011389523 0.0640625 0.1958997722095672 0.040625
5 0.8154897494305239 0.0515625 0.08428246013667426 0.0890625
3 0.7790432801822323 0.7046875 0.11845102505694761 0.0359375
3 0.7949886104783599 0.665625 0.15261958997722094 0.0328125
5 0.8917995444191344 0.96875 0.07517084282460136 0.0625
5 0.5990888382687927 0.96640625 0.08656036446469248 0.0671875
4 0.7289293849658315 0.7796875 0.07289293849658314 0.05625
4 0.7904328018223234 0.784375 0.04783599088838269 0.053125