6 0.20625 0.090625 0.053125 0.1
5 0.1359375 0.096875 0.0375 0.06875
1 0.0734375 0.2578125 0.0515625 0.084375
3 0.4328125 0.0703125 0.065625 0.0640625
3 0.653125 0.0578125 0.0796875 0.059375
3 0.5375 0.0921875 0.1140625 0.0421875
4 0.540625 0.1328125 0.0265625 0.0515625
2 0.753125 0.2046875 0.0640625 0.04375
2 0.39140625 0.24140625 0.0234375 0.0453125
2 0.05390625 0.5390625 0.0578125 0.01875
2 0.35625 0.53671875 0.046875 0.0140625
5 0.284375 0.6171875 0.0421875 0.08125
5 0.1625 0.6171875 0.0578125 0.0859375
3 0.5265625 0.571875 0.071875 0.046875
3 0.59375 0.571875 0.04375 0.065625
3 0.68125 0.60625 0.0875 0.05
3 0.7765625 0.609375 0.084375 0.040625
3 0.821875 0.5546875 0.0546875 0.040625
3 0.675 0.5578125 0.0765625 0.040625
3 0.7625 0.575 0.0734375 0.05
3 0.825 0.6515625 0.034375 0.0484375