3 0.33125 0.153125 0.02578125 0.02734375
3 0.35078125 0.18515625 0.03359375 0.03515625
3 0.321875 0.19296875 0.0203125 0.03125
3 0.35859375 0.234375 0.0296875 0.0390625
2 0.36953125 0.303125 0.02890625 0.06484375
6 0.36953125 0.39921875 0.02890625 0.0828125
6 0.38515625 0.4765625 0.021875 0.06875
6 0.3578125 0.53515625 0.02109375 0.07265625
6 0.4265625 0.49765625 0.028125 0.06484375
5 0.340625 0.43671875 0.01953125 0.0609375
4 0.29453125 0.26796875 0.0125 0.04296875
4 0.6890625 0.196875 0.034375 0.0515625
5 0.7609375 0.29375 0.0453125 0.0578125
5 0.64375 0.3109375 0.028125 0.059375
1 0.70625 0.3734375 0.0453125 0.0234375
1 0.6609375 0.36875 0.021875 0.0328125
3 0.63671875 0.146875 0.0359375 0.03125
3 0.709375 0.134375 0.028125 0.0296875
2 0.784375 0.2125 0.0359375 0.0328125
4 0.371875 0.75 0.0234375 0.0515625
5 0.453125 0.8875 0.0515625 0.0796875
5 0.31875 0.89375 0.0421875 0.0578125
3 0.3890625 0.7 0.06875 0.0234375
3 0.33125 0.6734375 0.0640625 0.0234375
3 0.325 0.70625 0.028125 0.0453125
5 0.98359375 0.9 0.0328125 0.046875
2 0.9546875 0.8390625 0.03125 0.034375