3 0.0828125 0.03054989816700611 0.0484375 0.04073319755600815
2 0.1 0.10183299389002037 0.046875 0.06720977596741344
6 0.1 0.20162932790224034 0.046875 0.0855397148676171
6 0.125 0.28105906313645623 0.0359375 0.07128309572301425
6 0.08125 0.3411405295315682 0.034375 0.07535641547861507
6 0.1921875 0.3034623217922607 0.0453125 0.06720977596741344
5 0.053125 0.24032586558044808 0.03125 0.06313645621181263
7 0.9625 0.08757637474541752 0.0171875 0.06313645621181263
3 0.27265625 0.3890020366598778 0.0640625 0.020366598778004074
3 0.34375 0.40529531568228105 0.04375 0.05295315682281059
3 0.20625 0.40020366598778007 0.040625 0.04276985743380855
3 0.384375 0.4185336048879837 0.021875 0.07942973523421588
5 0.21875 0.5906313645621182 0.0265625 0.04276985743380855
2 0.18125 0.49490835030549896 0.0171875 0.038696537678207736
3 0.56875 0.4623217922606925 0.0671875 0.06109979633401222
3 0.640625 0.4256619144602851 0.0578125 0.06924643584521385
3 0.70546875 0.40325865580448067 0.0546875 0.048879837067209775
3 0.509375 0.5580448065173116 0.0625 0.07535641547861507
5 0.790625 0.6537678207739308 0.0546875 0.06109979633401222
5 0.6703125 0.7067209775967414 0.0328125 0.0814663951120163
1 0.740625 0.8533604887983707 0.028125 0.05091649694501019