3 0.190625 0.103125 0.0421875 0.021875
3 0.221875 0.128125 0.0546875 0.028125
3 0.175 0.134375 0.0328125 0.025
3 0.234375 0.1671875 0.0484375 0.03125
2 0.2515625 0.221875 0.046875 0.0515625
6 0.2515625 0.2984375 0.046875 0.065625
6 0.2765625 0.359375 0.0359375 0.0546875
6 0.2328125 0.39765625 0.034375 0.0421875
6 0.34375 0.3765625 0.0453125 0.0515625
5 0.2046875 0.328125 0.03125 0.0484375
4 0.13125 0.19375 0.0203125 0.034375
2 0.65 0.096875 0.0453125 0.0578125
6 0.9890625 0.34765625 0.021875 0.1140625
5 0.959375 0.2953125 0.03125 0.05
5 0.675 0.2953125 0.03125 0.0859375
6 0.646875 0.3140625 0.028125 0.0953125
6 0.6328125 0.2140625 0.0234375 0.0953125
3 0.33125 0.54375 0.053125 0.034375
2 0.4296875 0.64375 0.040625 0.0453125
2 0.1890625 0.6890625 0.0328125 0.0390625
5 0.4109375 0.725 0.0578125 0.0421875
5 0.2375 0.75625 0.034375 0.065625
6 0.4515625 0.8015625 0.0328125 0.096875
6 0.234375 0.840625 0.053125 0.0765625
3 0.76328125 0.42734375 0.1453125 0.0171875
3 0.6046875 0.43515625 0.05 0.0328125
4 0.6828125 0.471875 0.0296875 0.0578125
4 0.6390625 0.4734375 0.0265625 0.0625
2 0.85625 0.5578125 0.046875 0.0796875
6 0.85 0.6609375 0.0609375 0.115625
5 0.7421875 0.6375 0.0734375 0.0890625
5 0.59140625 0.65234375 0.0234375 0.0734375
7 0.5859375 0.75390625 0.0125 0.0921875
7 0.7828125 0.7625 0.0453125 0.0828125
1 0.6515625 0.765625 0.0671875 0.0390625
0 0.68125 0.5515625 0.0609375 0.05625