4 0.51171875 0.2677083333333333 0.0359375 0.09375
3 0.44375 0.24375 0.0359375 0.0625
2 0.3359375 0.35833333333333334 0.0578125 0.07291666666666667
5 0.42890625 0.49166666666666664 0.0484375 0.05416666666666667
4 0.6015625 0.07083333333333333 0.0515625 0.04375
5 0.68125 0.23541666666666666 0.028125 0.0875
2 0.35 0.5854166666666667 0.046875 0.125
5 0.4234375 0.75625 0.0796875 0.10625
2 0.9171875 0.55 0.0515625 0.0625
5 0.99296875 0.66875 0.0140625 0.10833333333333334
6 0.9203125 0.64375 0.03125 0.06041666666666667