3 0.01796875 0.053125 0.0359375 0.05
3 0.0671875 0.05625 0.046875 0.05625
3 0.1296875 0.0578125 0.0609375 0.0578125
3 0.1875 0.0921875 0.040625 0.05625
2 0.1640625 0.1671875 0.040625 0.04375
4 0.059375 0.1171875 0.046875 0.0390625
6 0.146875 0.2546875 0.0265625 0.065625
4 0.671875 0.196875 0.01875 0.05625
6 0.5484375 0.3625 0.03125 0.0640625
4 0.00390625 0.58046875 0.0078125 0.0828125
4 0.0453125 0.6 0.0234375 0.071875
3 0.1296875 0.5625 0.0515625 0.0921875
2 0.1859375 0.7265625 0.0296875 0.059375
5 0.0890625 0.8265625 0.0578125 0.0828125
6 0.121875 0.9265625 0.0265625 0.0765625
3 0.4734375 0.61796875 0.05859375 0.03984375
3 0.5515625 0.61484375 0.07265625 0.046875
3 0.6453125 0.61640625 0.07109375 0.05
3 0.7359375 0.62265625 0.07421875 0.04765625
4 0.6453125 0.67109375 0.03203125 0.04140625
4 0.609375 0.7015625 0.06015625 0.03671875
3 0.53828125 0.659375 0.0921875 0.03359375
2 0.81015625 0.71484375 0.0546875 0.03046875
2 0.43515625 0.71953125 0.053125 0.0375
5 0.7234375 0.7609375 0.07578125 0.0359375
5 0.51875 0.7625 0.06484375 0.0375
6 0.79140625 0.78359375 0.02890625 0.0375
6 0.43125 0.759375 0.03046875 0.03046875
1 0.565625 0.8296875 0.06171875 0.021875