3 0.059375 0.284375 0.078125 0.034375
2 0.25 0.4125 0.065625 0.0640625
4 0.1203125 0.3359375 0.03125 0.0375
3 0.021875 0.25 0.04375 0.03125
3 0.68125 0.10625 0.075 0.025
2 0.8125 0.1875 0.0359375 0.04375
2 0.15625 0.65 0.059375 0.059375
5 0.25 0.7046875 0.0421875 0.0703125
4 0.290625 0.55078125 0.01875 0.0359375
3 0.2140625 0.5171875 0.071875 0.0265625
3 0.27734375 0.48203125 0.0453125 0.0296875
3 0.5296875 0.61328125 0.0390625 0.025
3 0.54921875 0.59296875 0.08046875 0.01953125
3 0.68984375 0.60546875 0.096875 0.02734375
3 0.5625 0.57734375 0.08828125 0.02265625
4 0.59375 0.63046875 0.0359375 0.025
4 0.61640625 0.61640625 0.0265625 0.03203125
4 0.61484375 0.6421875 0.059375 0.01953125
2 0.7625 0.6671875 0.040625 0.03125
6 0.75234375 0.7171875 0.04921875 0.0359375
6 0.440625 0.68359375 0.03125 0.02890625
2 0.4703125 0.64609375 0.05078125 0.02734375
5 0.67734375 0.715625 0.040625 0.02578125
5 0.5 0.70078125 0.04921875 0.021875