3 0.1828125 0.00703125 0.078125 0.0140625
2 0.02890625 0.1375 0.0578125 0.071875
2 0.3734375 0.125 0.065625 0.0640625
4 0.24375 0.0484375 0.03125 0.0375
3 0.8828125 0.0515625 0.05 0.0359375
3 0.896875 0.090625 0.05625 0.03125
4 0.978125 0.125 0.0296875 0.0625
2 0.8625 0.2421875 0.053125 0.059375
5 0.925 0.33125 0.046875 0.053125
7 0.9625 0.465625 0.046875 0.0703125
4 0.4796875 0.78125 0.021875 0.040625
4 0.50234375 0.78203125 0.0140625 0.0359375
3 0.4359375 0.734375 0.05 0.0203125
3 0.425 0.753125 0.0421875 0.0234375
3 0.49140625 0.7234375 0.0359375 0.025
2 0.3765625 0.8078125 0.0390625 0.0359375
1 0.4 0.9640625 0.028125 0.028125
3 0.6890625 0.625 0.040625 0.040625
3 0.7578125 0.621875 0.0609375 0.0640625
3 0.85625 0.6265625 0.04375 0.0265625