6 0.109375 0.0328125 0.05 0.065625
5 0.58125 0.0703125 0.034375 0.0421875
6 0.6078125 0.1390625 0.0234375 0.0609375
6 0.621875 0.04375 0.034375 0.04375
3 0.2359375 0.6078125 0.096875 0.04375
3 0.371875 0.596875 0.1328125 0.05
4 0.33125 0.6625 0.0328125 0.0359375
2 0.4828125 0.70625 0.04375 0.0484375
2 0.19375 0.7609375 0.0453125 0.04375
5 0.421875 0.840625 0.065625 0.0765625
5 0.265625 0.8734375 0.0390625 0.09375
6 0.490625 0.89375 0.025 0.1140625
8 0.3453125 0.890625 0.025 0.0421875
6 0.4859375 0.7515625 0.04375 0.034375
3 0.5515625 0.60625 0.0328125 0.04375
3 0.590625 0.609375 0.0328125 0.0484375
3 0.64375 0.609375 0.05625 0.0421875
3 0.709375 0.6234375 0.0484375 0.05