3 0.071875 0.0796875 0.071875 0.0546875
3 0.303125 0.0484375 0.0578125 0.0640625
3 0.1546875 0.08125 0.0640625 0.0375
4 0.178125 0.184375 0.05625 0.034375
2 0.340625 0.2140625 0.05625 0.0640625
2 0.028125 0.2359375 0.0328125 0.05625
6 0.3578125 0.353125 0.046875 0.0890625
5 0.259375 0.334375 0.040625 0.0609375
5 0.0984375 0.35625 0.0375 0.0703125
3 0.6046875 0.04375 0.09375 0.034375
3 0.5078125 0.084375 0.0875 0.0421875
5 0.6671875 0.26875 0.0515625 0.0609375
5 0.5359375 0.2609375 0.05 0.06875
3 0.13125 0.834375 0.0625 0.046875
3 0.25 0.78125 0.053125 0.0421875
3 0.1921875 0.8171875 0.0515625 0.0453125
4 0.2421875 0.8875 0.0328125 0.0359375
2 0.1375 0.9546875 0.0484375 0.040625
2 0.3390625 0.8609375 0.0296875 0.0328125
5 0.35 0.971875 0.0578125 0.0453125
3 0.6515625 0.778125 0.1109375 0.0828125
3 0.7671875 0.784375 0.0875 0.08125
3 0.8515625 0.8 0.075 0.090625
2 0.86875 0.959375 0.0421875 0.0671875
2 0.5671875 0.915625 0.0609375 0.0875
4 0.7453125 0.8765625 0.0515625 0.040625