3 0.01328125 0.02734375 0.0265625 0.0359375
3 0.06015625 0.00859375 0.1203125 0.0171875
3 0.090625 0.0421875 0.078125 0.025
3 0.1515625 0.0109375 0.04375 0.021875
4 0.01875 0.1109375 0.021875 0.05625
2 0.2125 0.1640625 0.05 0.05
5 0.1265625 0.3171875 0.046875 0.078125
3 0.5984375 0.1125 0.08125 0.0609375
3 0.8703125 0.1 0.13125 0.0484375
4 0.7203125 0.16875 0.0265625 0.071875
2 0.934375 0.265625 0.0546875 0.0578125
6 0.94453125 0.340625 0.0328125 0.0375
5 0.165625 0.440625 0.0703125 0.0765625
7 0.1546875 0.534375 0.034375 0.06875
6 0.3671875 0.484375 0.040625 0.1
8 0.240625 0.4515625 0.0578125 0.034375
3 0.8984375 0.59375 0.090625 0.028125
3 0.971875 0.5609375 0.05625 0.021875
4 0.9140625 0.64375 0.0328125 0.0578125
5 0.8765625 0.7921875 0.0359375 0.059375
5 0.99140625 0.76796875 0.0171875 0.0640625