4 0.028125 0.01288056206088993 0.021875 0.02576112412177986
2 0.221875 0.06323185011709602 0.05 0.07494145199063232
5 0.1359375 0.2927400468384075 0.046875 0.117096018735363
4 0.8578125 0.10070257611241218 0.0390625 0.07728337236533958
5 0.915625 0.30210772833723654 0.0234375 0.06088992974238876
5 0.8109375 0.2810304449648712 0.0359375 0.08196721311475409
2 0.4140625 0.5878220140515222 0.025 0.04918032786885246
3 0.903125 0.7072599531615925 0.096875 0.06557377049180328
3 0.9859375 0.6908665105386417 0.028125 0.07494145199063232
4 0.990625 0.788056206088993 0.01875 0.053864168618266976
2 0.8609375 0.936768149882904 0.0453125 0.06557377049180328