4 0.14375 0.0875 0.0453125 0.0765625
2 0.3828125 0.175 0.059375 0.078125
5 0.28515625 0.3578125 0.1015625 0.0625
6 0.365625 0.259375 0.0609375 0.0453125
3 0.0578125 0.0046875 0.103125 0.009375
3 0.21796875 0.0078125 0.1578125 0.015625
4 0.1453125 0.1625 0.0734375 0.040625
3 0.621875 0.109375 0.0640625 0.0375
3 0.6765625 0.1328125 0.0765625 0.0359375
3 0.7453125 0.103125 0.125 0.0390625
3 0.778125 0.146875 0.078125 0.025
3 0.8390625 0.1109375 0.04375 0.03125
4 0.70625 0.215625 0.021875 0.05625
2 0.9 0.26875 0.05 0.05
2 0.5515625 0.265625 0.034375 0.040625
2 0.3125 0.71640625 0.01640625 0.0359375
2 0.2125 0.71484375 0.015625 0.03203125
5 0.290625 0.81015625 0.01796875 0.05625
6 0.30703125 0.846875 0.0109375 0.06640625
4 0.253125 0.6640625 0.01171875 0.04765625
2 0.9078125 0.5796875 0.05 0.05