5 0.38515625 0.0671875 0.0484375 0.125
5 0.1265625 0.08125 0.0765625 0.1265625
1 0.3796875 0.2546875 0.059375 0.0640625
1 0.14375 0.2421875 0.0921875 0.084375
4 0.8046875 0.065625 0.0609375 0.034375
4 0.79921875 0.01796875 0.0828125 0.0359375
2 0.6 0.121875 0.040625 0.05
2 0.99453125 0.12421875 0.0109375 0.0578125
5 0.90625 0.2765625 0.05 0.09375
5 0.7015625 0.290625 0.05625 0.0953125
7 0.94921875 0.39296875 0.0265625 0.0328125
5 0.9484375 0.3515625 0.0421875 0.046875
5 0.653125 0.3671875 0.0359375 0.0546875
1 0.7609375 0.39765625 0.0625 0.0234375
1 0.8546875 0.3953125 0.084375 0.028125
8 0.8125 0.3375 0.025 0.04375
2 0.21875 0.5484375 0.040625 0.0359375
3 0.559375 0.4828125 0.2390625 0.053125
3 0.596875 0.53125 0.1171875 0.0453125
3 0.7125 0.478125 0.0578125 0.0390625
3 0.4515625 0.5390625 0.06875 0.0328125
3 0.5 0.5625 0.0625 0.0328125