2 0.4375 0.11977715877437325 0.0578125 0.08913649025069638
3 0.60234375 0.02924791086350975 0.0453125 0.0584958217270195
3 0.6640625 0.03064066852367688 0.05625 0.06128133704735376
3 0.7390625 0.033426183844011144 0.05625 0.06685236768802229
3 0.80859375 0.0403899721448468 0.0578125 0.0807799442896936
4 0.7390625 0.15181058495821728 0.025 0.11420612813370473
3 0.653125 0.12256267409470752 0.071875 0.10027855153203342
2 0.20625 0.44846796657381616 0.0296875 0.06963788300835655
5 0.1625 0.584958217270195 0.040625 0.08913649025069638
5 0.0640625 0.6183844011142061 0.0203125 0.0947075208913649
1 0.1140625 0.7186629526462396 0.0609375 0.03064066852367688
3 0.1765625 0.28690807799442897 0.0546875 0.06128133704735376
3 0.0890625 0.33147632311977715 0.075 0.027855153203342618
2 0.8578125 0.6295264623955432 0.04375 0.116991643454039
5 0.8875 0.8245125348189415 0.0421875 0.08635097493036212
1 0.87578125 0.9874651810584958 0.0234375 0.025069637883008356
6 0.840625 0.83008356545961 0.0296875 0.1392757660167131