4 0.0671875 0.4640625 0.0390625 0.0578125
5 0.184375 0.609375 0.075 0.075
5 0.0125 0.61953125 0.025 0.0890625
3 0.1640625 0.39375 0.0734375 0.0328125
7 0.2140625 0.6984375 0.0453125 0.0890625
4 0.75078125 0.4953125 0.01640625 0.046875
5 0.7109375 0.63984375 0.01875 0.06171875
5 0.77421875 0.653125 0.0140625 0.04375
1 0.7671875 0.7453125 0.0078125 0.03828125
1 0.70078125 0.7140625 0.0140625 0.01796875
3 0.75703125 0.4375 0.04296875 0.0328125
3 0.7578125 0.41796875 0.040625 0.025
3 0.7125 0.4609375 0.02734375 0.02890625
3 0.78515625 0.47734375 0.028125 0.02734375
2 0.68125 0.53359375 0.01796875 0.03828125
2 0.79765625 0.54765625 0.0140625 0.02734375