2 0.1875 0.2265625 0.046875 0.0703125
4 0.034375 0.1296875 0.0421875 0.0640625
3 0.1109375 0.0359375 0.071875 0.0515625
3 0.03203125 0.021875 0.0640625 0.04375
3 0.721875 0.1421875 0.0671875 0.046875
3 0.81875 0.1328125 0.0953125 0.04375
4 0.7703125 0.1890625 0.05 0.05
5 0.83671875 0.28046875 0.0421875 0.0171875
2 0.9 0.23125 0.0359375 0.0328125
2 0.6890625 0.25625 0.025 0.0390625
3 0.0203125 0.4984375 0.040625 0.08125
2 0.0171875 0.6859375 0.021875 0.05625
3 0.55 0.34375 0.125 0.040625
3 0.6953125 0.315625 0.1 0.0375
4 0.6171875 0.49375 0.053125 0.0328125
2 0.36796875 0.5078125 0.0578125 0.053125
5 0.4890625 0.671875 0.05 0.1078125
5 0.74375 0.6921875 0.053125 0.0984375