2 0.09609375 0.2421875 0.0203125 0.07890625
2 0.2671875 0.21953125 0.01484375 0.0859375
5 0.2359375 0.41796875 0.0328125 0.11328125
5 0.140625 0.3859375 0.0140625 0.046875
7 0.128125 0.578125 0.01328125 0.07421875
7 0.2484375 0.55390625 0.01015625 0.090625
6 0.10078125 0.496875 0.01484375 0.11796875
4 0.1703125 0.17578125 0.0140625 0.03046875
4 0.1921875 0.11015625 0.00859375 0.05
3 0.37578125 0.11484375 0.0328125 0.0328125
3 0.378125 0.14453125 0.0375 0.0296875
3 0.4 0.17421875 0.08125 0.0328125
3 0.45625 0.103125 0.0734375 0.034375
4 0.525 0.2203125 0.0328125 0.0703125
5 0.4078125 0.4125 0.05 0.09375
3 0.6015625 0.13125 0.05 0.0359375
3 0.578125 0.0921875 0.05625 0.0328125
4 0.0375 0.7265625 0.03125 0.046875
5 0.0921875 0.8671875 0.0203125 0.0390625
2 0.1296875 0.7875 0.025 0.0328125