2 0.1390625 0.203125 0.05625 0.0765625
5 0.51640625 0.3734375 0.0671875 0.109375
5 0.2625 0.3421875 0.0390625 0.0453125
7 0.228125 0.528125 0.0359375 0.071875
6 0.153125 0.45 0.0421875 0.1140625
4 0.346875 0.1390625 0.0390625 0.0296875
4 0.40625 0.075 0.0234375 0.0484375
4 0.6125 0.0328125 0.05625 0.034375
2 0.775 0.0625 0.05625 0.0640625
6 0.7921875 0.2015625 0.046875 0.0890625
5 0.69375 0.1828125 0.040625 0.0609375
4 0.7328125 0.61875 0.0234375 0.040625
3 0.66484375 0.5828125 0.0484375 0.028125