4 0.496875 0.1328125 0.0609375 0.034375
4 0.4921875 0.078125 0.0828125 0.0515625
3 0.4234375 0.040625 0.0609375 0.0265625
3 0.40390625 0.00859375 0.0796875 0.0171875
3 0.55078125 0.01953125 0.0703125 0.0390625
2 0.2921875 0.1890625 0.040625 0.05
5 0.59609375 0.34375 0.0453125 0.09375
5 0.39375 0.3578125 0.05625 0.0953125
5 0.34453125 0.42265625 0.0359375 0.0328125
8 0.5046875 0.4046875 0.025 0.04375
6 0.63125 0.1875 0.025 0.078125
7 0.6859375 0.2390625 0.03125 0.103125
5 0.571875 0.48125 0.0375 0.046875