3 0.3140625 0.1703125 0.075 0.040625
3 0.3765625 0.14609375 0.025 0.0296875
3 0.2671875 0.203125 0.065625 0.0296875
2 0.2390625 0.325 0.0296875 0.0328125
5 0.303125 0.421875 0.0328125 0.065625
3 0.98984375 0.07890625 0.0203125 0.0578125
3 0.1859375 0.5953125 0.0734375 0.046875
3 0.1171875 0.60625 0.040625 0.0359375
2 0.2453125 0.6953125 0.0484375 0.0390625
6 0.265625 0.825 0.053125 0.0578125
1 0.1765625 0.865625 0.0484375 0.0234375
5 0.40625 0.5546875 0.034375 0.04375
6 0.475 0.58125 0.0515625 0.053125