5 0.2 0.046875 0.0375 0.0609375
5 0.10625 0.0578125 0.0296875 0.0515625
7 0.09375 0.1140625 0.0234375 0.0390625
7 0.21875 0.11875 0.025 0.05
6 0.24375 0.028125 0.0328125 0.040625
5 0.425 0.7015625 0.0328125 0.0625
2 0.546875 0.62265625 0.034375 0.0828125
2 0.9 0.6578125 0.0484375 0.071875
5 0.584375 0.771875 0.078125 0.0609375
5 0.825 0.81875 0.034375 0.0890625
6 0.8609375 0.8625 0.0421875 0.10625
6 0.8890625 0.7515625 0.0296875 0.0765625
6 0.55625 0.9375 0.053125 0.075
6 0.53671875 0.81796875 0.0140625 0.0796875