3 0.12265625 0.29765625 0.0171875 0.025
3 0.134375 0.265625 0.0171875 0.03359375
3 0.1578125 0.315625 0.0140625 0.03359375
3 0.1546875 0.2890625 0.015625 0.0359375
2 0.165625 0.403125 0.009375 0.05703125
2 0.10703125 0.39921875 0.009375 0.06953125
5 0.1546875 0.47578125 0.01171875 0.04296875
5 0.1203125 0.4703125 0.00859375 0.04296875
4 0.1375 0.365625 0.0078125 0.025
4 0.1390625 0.33515625 0.00546875 0.0375
3 0.7375 0.17265625 0.0296875 0.0484375
3 0.7703125 0.17109375 0.02109375 0.0515625
3 0.79375 0.1671875 0.01875 0.05
2 0.69765625 0.2765625 0.0234375 0.03046875
5 0.7265625 0.340625 0.0265625 0.0375
2 0.1859375 0.796875 0.01875 0.021875
5 0.2109375 0.8921875 0.0234375 0.0640625