3 0.3359375 0.33098591549295775 0.06875 0.03286384976525822
3 0.3828125 0.2887323943661972 0.06875 0.04460093896713615
2 0.2734375 0.4647887323943662 0.0375 0.09154929577464789
5 0.325 0.5446009389671361 0.034375 0.028169014084507043
4 0.3953125 0.42018779342723006 0.0328125 0.03286384976525822
4 0.4015625 0.38028169014084506 0.021875 0.04929577464788732
3 0.6171875 0.3145539906103286 0.0640625 0.056338028169014086
3 0.7171875 0.2605633802816901 0.075 0.06103286384976526
4 0.684375 0.36619718309859156 0.0390625 0.07276995305164319
2 0.8203125 0.4014084507042254 0.040625 0.07042253521126761
2 0.59609375 0.5352112676056338 0.0296875 0.046948356807511735
5 0.8125 0.5234741784037559 0.06875 0.0539906103286385
7 0.01796875 0.9589201877934272 0.0359375 0.07276995305164319
6 0.0671875 0.9495305164319249 0.021875 0.10093896713615023
3 0.7 0.8356807511737089 0.034375 0.06103286384976526
3 0.7546875 0.8051643192488263 0.0421875 0.06103286384976526
3 0.8140625 0.8098591549295775 0.0609375 0.09154929577464789
3 0.878125 0.8380281690140845 0.05 0.09389671361502347
4 0.7859375 0.9178403755868545 0.046875 0.08685446009389672
2 0.91875 0.9706572769953051 0.0375 0.05868544600938967
2 0.6640625 0.9776995305164319 0.0375 0.04460093896713615