3 0.5859375 0.0140625 0.034375 0.028125
2 0.61875 0.1609375 0.034375 0.05
5 0.59375 0.2953125 0.0390625 0.0890625
7 0.5875 0.371875 0.034375 0.046875
6 0.6296875 0.3703125 0.0171875 0.0890625
3 0.0390625 0.6171875 0.065625 0.046875
3 0.1078125 0.6359375 0.0625 0.05
3 0.18125 0.6515625 0.059375 0.04375
4 0.0953125 0.6859375 0.0578125 0.0390625
2 0.2578125 0.7453125 0.0328125 0.046875
0 0.134375 0.78125 0.046875 0.0390625
5 0.1671875 0.840625 0.0328125 0.059375
5 0.0171875 0.8453125 0.0265625 0.0625
8 0.1234375 0.8703125 0.028125 0.0328125
8 0.0578125 0.8703125 0.034375 0.0328125
7 0.1703125 0.9078125 0.028125 0.0328125
7 0.0234375 0.925 0.0390625 0.03125
1 0.1703125 0.9515625 0.046875 0.0390625
1 0.0671875 0.9359375 0.0265625 0.0390625
6 0.25 0.7984375 0.0578125 0.0421875
3 0.6140625 0.5546875 0.053125 0.0546875
3 0.6703125 0.5421875 0.0515625 0.059375
3 0.734375 0.54375 0.0625 0.06875
3 0.80234375 0.54609375 0.0515625 0.0734375
2 0.85 0.675 0.0390625 0.04375
5 0.7875 0.7609375 0.0453125 0.0546875
5 0.628125 0.7671875 0.0359375 0.0625
4 0.7 0.6203125 0.0234375 0.05