3 0.321875 0.1140625 0.0578125 0.02421875
3 0.39609375 0.1140625 0.0625 0.028125
3 0.46328125 0.115625 0.059375 0.03046875
3 0.52734375 0.1125 0.05390625 0.0296875
3 0.3875 0.0921875 0.0921875 0.01484375
5 0.34375 0.2015625 0.08046875 0.0234375
1 0.3890625 0.2453125 0.07890625 0.0140625
6 0.27578125 0.22109375 0.034375 0.02265625
1 0.45390625 0.2390625 0.04921875 0.0140625
5 0.8859375 0.18125 0.053125 0.0734375
5 0.7359375 0.1875 0.0359375 0.0671875
1 0.7859375 0.3125 0.04375 0.0359375
3 0.40390625 0.5828125 0.05390625 0.0375
3 0.4484375 0.58046875 0.01875 0.0421875
4 0.40546875 0.625 0.02109375 0.04375
5 0.38046875 0.728125 0.015625 0.0578125
3 0.73984375 0.54375 0.0796875 0.1125
3 0.71171875 0.6890625 0.0234375 0.08125
8 0.97421875 0.828125 0.0515625 0.065625
4 0.778125 0.659375 0.059375 0.040625
7 0.9640625 0.8890625 0.05625 0.05625