3 0.234375 0.196875 0.0546875 0.0609375
3 0.3046875 0.196875 0.059375 0.0703125
3 0.36875 0.2 0.05625 0.0765625
3 0.4296875 0.1921875 0.0515625 0.075
3 0.296875 0.1421875 0.0875 0.0375
5 0.25390625 0.39765625 0.0765625 0.0234375
3 0.625 0.0875 0.040625 0.028125
3 0.678125 0.0859375 0.053125 0.0328125
3 0.4171875 0.540625 0.0546875 0.0578125
3 0.4765625 0.55 0.0515625 0.0640625
3 0.53046875 0.546875 0.0390625 0.075
3 0.5765625 0.6484375 0.053125 0.0375
2 0.5921875 0.7828125 0.0375 0.040625
5 0.5546875 0.89765625 0.009375 0.0671875