3 0.32421875 0.021875 0.0890625 0.04375
3 0.215625 0.021875 0.103125 0.04375
3 0.03671875 0.0359375 0.0734375 0.065625
4 0.6 0.1265625 0.021875 0.0453125
4 0.6265625 0.1234375 0.028125 0.0484375
3 0.65 0.0828125 0.0875 0.0328125
3 0.553125 0.09375 0.046875 0.046875
3 0.6125 0.0671875 0.065625 0.0328125
3 0.671875 0.0578125 0.059375 0.0328125
5 0.7265625 0.2984375 0.0375 0.053125
4 0.6671875 0.5859375 0.025 0.0390625
3 0.6734375 0.5546875 0.0265625 0.04375
5 0.625 0.6515625 0.028125 0.03125
5 0.696875 0.6734375 0.01875 0.0421875
5 0.9828125 0.6609375 0.0265625 0.021875