2 0.015625 0.2703125 0.03125 0.059375
5 0.1625 0.4015625 0.05 0.1109375
4 0.259375 0.1171875 0.0671875 0.0859375
2 0.8140625 0.1421875 0.046875 0.034375
2 0.5828125 0.20625 0.0421875 0.0375
6 0.8375 0.225 0.0296875 0.0765625
7 0.6359375 0.303125 0.0359375 0.0515625
7 0.79375 0.2640625 0.028125 0.040625
6 0.6421875 0.3640625 0.0484375 0.0515625
3 0.2953125 0.803125 0.06875 0.021875
3 0.3421875 0.775 0.06875 0.0296875
2 0.2328125 0.8921875 0.0375 0.0609375
5 0.284375 0.9546875 0.034375 0.0375
4 0.3546875 0.8625 0.0328125 0.021875
4 0.3609375 0.8359375 0.021875 0.0328125
3 0.7203125 0.56640625 0.20625 0.0328125
4 0.6625 0.6375 0.0296875 0.0375
2 0.5203125 0.6828125 0.040625 0.0390625
2 0.83125 0.6953125 0.0296875 0.0609375
5 0.5890625 0.8 0.0515625 0.0828125
5 0.7640625 0.8171875 0.046875 0.084375