3 0.61640625 0.01796875 0.1015625 0.0359375
5 0.6265625 0.2921875 0.0828125 0.1078125
7 0.6921875 0.3734375 0.071875 0.059375
5 0.56328125 0.33203125 0.0078125 0.0671875
3 0.26875 0.5640625 0.0875 0.0515625
3 0.365625 0.5703125 0.071875 0.0578125
3 0.4515625 0.5671875 0.084375 0.05625
2 0.2171875 0.703125 0.04375 0.040625
2 0.509375 0.6984375 0.04375 0.0578125
5 0.453125 0.7984375 0.053125 0.0625
5 0.2859375 0.7984375 0.0515625 0.0640625
4 0.3578125 0.6609375 0.040625 0.021875
3 0.57265625 0.5578125 0.0265625 0.025
3 0.6421875 0.5640625 0.0734375 0.05
3 0.665625 0.5296875 0.0640625 0.0453125
2 0.696875 0.678125 0.046875 0.04375
5 0.65625 0.7875 0.0609375 0.0640625
7 0.684375 0.878125 0.0328125 0.0453125
6 0.7171875 0.809375 0.03125 0.06875
1 0.59375 0.91953125 0.06875 0.0234375