3 0.2609375 0.0140625 0.0875 0.028125
3 0.3578125 0.01875 0.071875 0.0375
3 0.44375 0.0171875 0.084375 0.034375
2 0.209375 0.1421875 0.04375 0.040625
2 0.49921875 0.13671875 0.0390625 0.0578125
5 0.4453125 0.2375 0.053125 0.0625
5 0.278125 0.2375 0.0515625 0.0640625
4 0.35 0.1 0.040625 0.021875
3 0.5796875 0.1875 0.05625 0.0328125
3 0.646875 0.196875 0.0625 0.0421875
2 0.68125 0.2984375 0.01875 0.034375
2 0.52734375 0.284375 0.0171875 0.034375
5 0.64375 0.328125 0.034375 0.0359375
5 0.55625 0.31875 0.0296875 0.0265625
4 0.603125 0.25 0.0234375 0.03125
2 0.0328125 0.65625 0.040625 0.0328125
8 0.1609375 0.7484375 0.0515625 0.0265625
1 0.153125 0.8 0.0703125 0.0296875
1 0.1015625 0.83125 0.028125 0.0421875
5 0.0890625 0.7890625 0.0234375 0.0359375
3 0.65 0.7375 0.0640625 0.053125
3 0.7125 0.73125 0.04375 0.0515625
3 0.8109375 0.74375 0.065625 0.0359375
3 0.81875 0.71875 0.065625 0.040625
4 0.7578125 0.7765625 0.021875 0.0453125
5 0.66875 0.9203125 0.05 0.059375
5 0.8125 0.9296875 0.0375 0.05625
2 0.85625 0.8328125 0.0265625 0.05
2 0.6109375 0.8296875 0.0421875 0.040625
1 0.68828125 0.9953125 0.0609375 0.009375
1 0.8125 0.98828125 0.028125 0.0234375