4 0.25625 0.16875 0.021875 0.04375
4 0.2859375 0.1671875 0.025 0.046875
3 0.190625 0.09375 0.0546875 0.0578125
3 0.2515625 0.078125 0.046875 0.0671875
3 0.3109375 0.0796875 0.0546875 0.0640625
4 0.64140625 0.02890625 0.0640625 0.0578125
5 0.71875 0.2359375 0.03125 0.0546875
5 0.5625 0.228125 0.0296875 0.075
1 0.6390625 0.3890625 0.090625 0.028125
3 0.2140625 0.5765625 0.06953125 0.03515625
2 0.16640625 0.70078125 0.01796875 0.04765625
5 0.19375 0.7484375 0.015625 0.0671875
5 0.24296875 0.7421875 0.0171875 0.06875