3 0.7515625 0.2706766917293233 0.08125 0.05012531328320802
3 0.771875 0.20551378446115287 0.0859375 0.07017543859649122
3 0.8640625 0.2556390977443609 0.05625 0.05513784461152882
3 0.9234375 0.3358395989974937 0.0828125 0.042606516290726815
4 0.828125 0.37844611528822053 0.040625 0.08270676691729323
4 0.8609375 0.39849624060150374 0.034375 0.08020050125313283
4 0.784375 0.3609022556390977 0.0421875 0.07518796992481203
2 0.98125 0.48370927318295737 0.0375 0.07017543859649122
3 0.2921875 0.6741854636591479 0.0765625 0.10275689223057644
3 0.365625 0.6616541353383458 0.053125 0.10025062656641603
3 0.484375 0.6867167919799498 0.078125 0.07017543859649122
3 0.4953125 0.6390977443609023 0.0796875 0.07769423558897243
4 0.421875 0.7493734335839599 0.0265625 0.08771929824561403
5 0.3125 0.9837092731829574 0.059375 0.03258145363408521
2 0.53125 0.8571428571428571 0.015625 0.09523809523809523
2 0.24375 0.8521303258145363 0.0515625 0.07769423558897243
3 0.8140625 0.6942355889724311 0.04375 0.06015037593984962
3 0.8625 0.6842105263157895 0.040625 0.05263157894736842
3 0.896875 0.656641604010025 0.025 0.06766917293233082