2 0.39375 0.11875 0.0421875 0.05
6 0.396875 0.2328125 0.028125 0.0609375
6 0.3734375 0.209375 0.0265625 0.065625
3 0.45234375 0.03359375 0.0546875 0.0359375
3 0.44609375 0.0046875 0.0546875 0.009375
4 0.8015625 0.175 0.0546875 0.0625
2 0.975 0.1953125 0.05 0.0546875
2 0.6265625 0.171875 0.059375 0.04375
6 0.596875 0.353125 0.0671875 0.0921875
7 0.6640625 0.409375 0.04375 0.1078125
7 0.896875 0.403125 0.0421875 0.071875
4 0.828125 0.1109375 0.0328125 0.0609375
4 0.50234375 0.6546875 0.0453125 0.06875
2 0.678125 0.7375 0.0484375 0.065625
5 0.584375 0.878125 0.046875 0.0640625
6 0.69140625 0.94296875 0.0484375 0.1140625
3 0.640625 0.5859375 0.0859375 0.05
3 0.521875 0.56328125 0.084375 0.0390625
8 0.496875 0.9265625 0.0296875 0.046875