2 0.425 0.1203125 0.0421875 0.05
6 0.428125 0.234375 0.028125 0.0609375
6 0.4046875 0.2109375 0.0265625 0.065625
1 0.5203125 0.31640625 0.0375 0.0234375
3 0.4859375 0.0359375 0.0578125 0.0359375
3 0.47734375 0.00546875 0.0546875 0.0109375
3 0.53203125 0.0359375 0.0140625 0.03125
2 0.2703125 0.796875 0.04375 0.05
4 0.59375 0.6515625 0.0265625 0.0453125
7 0.86875 0.7296875 0.0296875 0.0484375
5 0.96875 0.6546875 0.021875 0.0484375
2 0.8234375 0.5859375 0.0328125 0.0296875
4 0.9234375 0.525 0.021875 0.0328125