2 0.2640625 0.075 0.0625 0.071875
5 0.2 0.1828125 0.04375 0.0671875
6 0.2421875 0.2421875 0.0546875 0.109375
5 0.0359375 0.1875 0.0328125 0.071875
3 0.7671875 0.13125 0.0578125 0.0640625
3 0.8390625 0.1453125 0.053125 0.084375
3 0.934375 0.1203125 0.08125 0.053125
2 0.45 0.609375 0.046875 0.034375
2 0.21875 0.6734375 0.0421875 0.0375
6 0.4734375 0.6921875 0.0296875 0.0765625
7 0.271875 0.7703125 0.0359375 0.0515625
7 0.4296875 0.73125 0.028125 0.040625
6 0.278125 0.83125 0.0484375 0.0515625
3 0.74375 0.56015625 0.02578125 0.05234375
3 0.77890625 0.578125 0.03203125 0.078125
2 0.78984375 0.68125 0.0125 0.0703125
6 0.7890625 0.78203125 0.01484375 0.07578125
7 0.775 0.83046875 0.01171875 0.0859375
5 0.72265625 0.74296875 0.0125 0.03125