5 0.2546875 0.034375 0.04375 0.0671875
6 0.296875 0.09375 0.0546875 0.109375
5 0.090625 0.0390625 0.0328125 0.071875
3 0.9328125 0.1546875 0.0296875 0.05
3 0.9734375 0.1640625 0.0375 0.0484375
5 0.9171875 0.328125 0.04375 0.05625
7 0.8765625 0.3921875 0.021875 0.04375
5 0.9921875 0.37890625 0.015625 0.0640625
6 0.8515625 0.4015625 0.0234375 0.075
4 0.3640625 0.71875 0.0734375 0.103125
5 0.4671875 0.9375 0.0609375 0.0890625
5 0.2390625 0.9234375 0.071875 0.1046875
3 0.246875 0.65 0.1078125 0.0640625
3 0.4515625 0.671875 0.0796875 0.040625
2 0.1640625 0.7796875 0.0484375 0.0734375
6 0.1625 0.921875 0.0359375 0.09375
3 0.909375 0.665625 0.059375 0.0421875
3 0.97578125 0.6796875 0.0484375 0.0625
7 0.9796875 0.8828125 0.0265625 0.06875
5 0.8609375 0.8125 0.028125 0.025