3 0.1328125 0.09154929577464789 0.0484375 0.10328638497652583
3 0.1828125 0.07276995305164319 0.0390625 0.107981220657277
3 0.25 0.046948356807511735 0.0609375 0.0892018779342723
3 0.309375 0.056338028169014086 0.0390625 0.056338028169014086
2 0.3515625 0.16901408450704225 0.034375 0.07042253521126761
2 0.1375 0.2535211267605634 0.028125 0.06807511737089202
4 0.2296875 0.18779342723004694 0.034375 0.0539906103286385
6 0.3875 0.2676056338028169 0.0453125 0.10328638497652583
6 0.3796875 0.3826291079812207 0.028125 0.11032863849765258
6 0.1671875 0.4014084507042254 0.0421875 0.07511737089201878
5 0.3265625 0.284037558685446 0.0515625 0.04929577464788732
7 0.62734375 0.9612676056338029 0.0171875 0.07746478873239436
2 0.6984375 0.6948356807511737 0.0328125 0.06807511737089202