6 0.0171875 0.30859375 0.034375 0.0703125
6 0.0078125 0.3890625 0.015625 0.075
4 0.7140625 0.1453125 0.040625 0.071875
2 0.5625 0.2359375 0.0375 0.0515625
2 0.8984375 0.240625 0.034375 0.053125
5 0.6515625 0.3328125 0.0453125 0.075
5 0.8046875 0.3328125 0.0484375 0.0671875
7 0.82578125 0.43203125 0.0296875 0.0734375
7 0.63203125 0.44140625 0.0328125 0.0546875
6 0.875 0.409375 0.0359375 0.078125
6 0.5890625 0.4015625 0.0515625 0.0890625
3 0.29375 0.7 0.0515625 0.040625
2 0.2265625 0.8296875 0.0359375 0.0578125
5 0.2859375 0.9171875 0.04375 0.0546875
7 0.26796875 0.97421875 0.0359375 0.0515625
4 0.559375 0.60625 0.03125 0.05625
3 0.5390625 0.55 0.0796875 0.0265625
3 0.43125 0.55 0.0484375 0.025
2 0.3984375 0.709375 0.0421875 0.0390625
2 0.7375 0.634375 0.04375 0.04375
5 0.7125 0.796875 0.0375 0.053125
5 0.49375 0.8203125 0.053125 0.0890625