3 0.05625 0.31333333333333335 0.0625 0.08666666666666667
3 0.1171875 0.32222222222222224 0.040625 0.05555555555555555
2 0.159375 0.4311111111111111 0.0359375 0.06888888888888889
4 0.0359375 0.4488888888888889 0.0359375 0.05333333333333334
6 0.1984375 0.5266666666666666 0.046875 0.1
6 0.18828125 0.6077777777777778 0.0296875 0.042222222222222223
5 0.1359375 0.5422222222222223 0.0515625 0.04666666666666667
7 0.5796875 0.2733333333333333 0.040625 0.06888888888888889
6 0.63125 0.27555555555555555 0.021875 0.12
1 0.4890625 0.39111111111111113 0.071875 0.03777777777777778
5 0.05625 0.66 0.03125 0.05555555555555555
1 0.0625 0.7755555555555556 0.03125 0.044444444444444446
3 0.6078125 0.86 0.0671875 0.05555555555555555
3 0.71875 0.8644444444444445 0.0859375 0.05555555555555555