3 0.0765625 0.15625 0.05 0.0234375
3 0.1375 0.1765625 0.0359375 0.0515625
3 0.2109375 0.1734375 0.065625 0.0578125
4 0.14375 0.2484375 0.0296875 0.0234375
2 0.2484375 0.2828125 0.046875 0.034375
2 0.0453125 0.2703125 0.03125 0.0359375
5 0.19375 0.328125 0.034375 0.040625
5 0.0921875 0.3203125 0.0359375 0.0296875
3 0.9296875 0.0578125 0.096875 0.0453125
3 0.81875 0.0515625 0.0859375 0.04375
4 0.8703125 0.1046875 0.0671875 0.040625
5 0.9515625 0.2515625 0.065625 0.075
5 0.8078125 0.265625 0.05 0.0765625
7 0.8015625 0.353125 0.04375 0.096875
7 0.9609375 0.3546875 0.03125 0.0859375
8 0.00703125 0.75078125 0.0140625 0.0265625
1 0.0078125 0.80234375 0.015625 0.0296875