3 0.203125 0.1125 0.05 0.05
3 0.26875 0.1296875 0.0546875 0.0453125
3 0.278125 0.0953125 0.0625 0.0390625
3 0.346875 0.1140625 0.046875 0.046875
3 0.40625 0.1234375 0.0546875 0.059375
2 0.1671875 0.225 0.0390625 0.053125
5 0.375 0.321875 0.0359375 0.0546875
6 0.1796875 0.371875 0.0265625 0.046875
3 0.725 0.0375 0.0921875 0.071875
3 0.8515625 0.065625 0.06875 0.071875
4 0.771875 0.1328125 0.028125 0.084375
2 0.6015625 0.1953125 0.0515625 0.0734375
5 0.671875 0.309375 0.06875 0.0890625
5 0.81875 0.3484375 0.0359375 0.109375
7 0.6203125 0.4359375 0.040625 0.0734375
7 0.8 0.471875 0.0359375 0.0875
1 0.7015625 0.4890625 0.0375 0.05625
1 0.728125 0.415625 0.0640625 0.040625
3 0.6234375 0.05625 0.0546875 0.059375
3 0.3453125 0.703125 0.0390625 0.0796875
2 0.228125 0.86875 0.046875 0.0375
5 0.34453125 0.96171875 0.0390625 0.0765625
5 0.49375 0.93125 0.0390625 0.08125
2 0.74375 0.58125 0.03125 0.0671875
5 0.6796875 0.6703125 0.0546875 0.0703125
5 0.5328125 0.67421875 0.028125 0.0546875
7 0.7046875 0.7390625 0.025 0.05