3 0.2578125 0.23543123543123542 0.05 0.07459207459207459
3 0.3234375 0.26107226107226106 0.0546875 0.0675990675990676
3 0.3328125 0.2097902097902098 0.0625 0.05827505827505827
3 0.4015625 0.23776223776223776 0.046875 0.06993006993006994
3 0.4609375 0.2517482517482518 0.0546875 0.08857808857808858
2 0.221875 0.40326340326340326 0.0390625 0.07925407925407925
4 0.95078125 0.006993006993006993 0.0265625 0.013986013986013986
2 0.8375 0.011655011655011656 0.034375 0.023310023310023312
5 0.8765625 0.12354312354312354 0.040625 0.08624708624708624
5 0.990625 0.1655011655011655 0.01875 0.09324009324009325
1 0.84375 0.27505827505827507 0.0390625 0.07925407925407925
4 0.4453125 0.5209790209790209 0.03125 0.04428904428904429
2 0.284375 0.655011655011655 0.0421875 0.05827505827505827
5 0.3796875 0.8205128205128205 0.053125 0.13286713286713286