4 0.22578125 0.03619047619047619 0.0296875 0.07238095238095238
4 0.26953125 0.045714285714285714 0.0390625 0.09142857142857143
4 0.3046875 0.07428571428571429 0.0328125 0.08571428571428572
4 0.34296875 0.04285714285714286 0.0359375 0.08571428571428572
5 0.1265625 0.42857142857142855 0.059375 0.13714285714285715
6 0.02421875 0.5676190476190476 0.0453125 0.06476190476190476
4 0.53125 0.2 0.03125 0.06476190476190476
4 0.5765625 0.2 0.015625 0.05142857142857143
2 0.6765625 0.2723809523809524 0.0203125 0.04
5 0.640625 0.44952380952380955 0.0265625 0.04380952380952381
0 0.51640625 0.28 0.0140625 0.0419047619047619
4 0.5421875 0.24952380952380954 0.053125 0.030476190476190476
3 0.63125 0.13523809523809524 0.0921875 0.0419047619047619
4 0.3671875 0.72 0.0359375 0.07047619047619047
4 0.4140625 0.72 0.0296875 0.07428571428571429
3 0.296875 0.6342857142857142 0.0796875 0.03428571428571429
3 0.39375 0.6476190476190476 0.0796875 0.06857142857142857
3 0.475 0.6371428571428571 0.06875 0.05904761904761905
5 0.30390625 0.9761904761904762 0.0328125 0.047619047619047616
5 0.48359375 0.9752380952380952 0.0515625 0.049523809523809526
4 0.584375 0.6228571428571429 0.025 0.045714285714285714
4 0.6109375 0.6142857142857143 0.028125 0.02857142857142857