4 0.2703125 0.115625 0.0296875 0.084375
4 0.3140625 0.121875 0.0390625 0.1046875
4 0.3484375 0.159375 0.0328125 0.0703125
4 0.37890625 0.1296875 0.0203125 0.078125
3 0.1296875 0.0578125 0.0984375 0.034375
3 0.12578125 0.01640625 0.0828125 0.0328125
3 0.25 0.0046875 0.084375 0.009375
2 0.01328125 0.23125 0.0265625 0.05
5 0.1703125 0.45 0.059375 0.1125
6 0.06796875 0.553125 0.0453125 0.03125
4 0.7875 0.115625 0.0828125 0.0640625
3 0.79375 0.03515625 0.18125 0.0703125
3 0.6546875 0.071875 0.090625 0.0625
2 0.5890625 0.1921875 0.0546875 0.0796875
2 0.9546875 0.203125 0.0515625 0.06875
5 0.6765625 0.334375 0.0953125 0.075
5 0.8703125 0.35 0.05 0.071875
6 0.9625 0.3203125 0.0359375 0.0828125
7 0.6453125 0.434375 0.0515625 0.090625
7 0.875 0.4671875 0.0359375 0.1
6 0.571875 0.3078125 0.046875 0.1171875
2 0.0421875 0.8015625 0.046875 0.0484375
3 0.175 0.7296875 0.0921875 0.0515625
3 0.8828125 0.57890625 0.0875 0.0203125
3 0.815625 0.5875 0.05 0.0328125