2 0.3328125 0.02578125 0.0625 0.0515625
5 0.25 0.14375 0.08125 0.06875
5 0.05625 0.146875 0.0578125 0.0984375
6 0.3359375 0.1421875 0.053125 0.0859375
1 0.259375 0.28125 0.046875 0.0921875
1 0.05625 0.2984375 0.0625 0.065625
3 0.8140625 0.3171875 0.0265625 0.0625
4 0.8046875 0.3890625 0.0421875 0.0265625
5 0.68515625 0.5171875 0.0515625 0.025
4 0.328125 0.56328125 0.05 0.0671875
2 0.1515625 0.675 0.04375 0.0515625
5 0.2296875 0.890625 0.0890625 0.115625
8 0.3171875 0.953125 0.0453125 0.053125
2 0.59375 0.6234375 0.046875 0.0484375
3 0.72578125 0.553125 0.0921875 0.046875