4 0.296875 0.0765625 0.0625 0.0578125
2 0.4796875 0.1328125 0.0625 0.0578125
2 0.109375 0.125 0.0625 0.05625
5 0.396875 0.253125 0.08125 0.06875
5 0.203125 0.25625 0.0578125 0.0984375
6 0.4828125 0.2515625 0.053125 0.0859375
1 0.40625 0.3765625 0.046875 0.065625
1 0.203125 0.3921875 0.0625 0.034375
6 0.1109375 0.271875 0.0625 0.09375
5 0.59296875 0.28203125 0.0078125 0.0640625
3 0.3578125 0.5015625 0.078125 0.0640625
3 0.4484375 0.5109375 0.08125 0.0671875
5 0.3484375 0.7125 0.0390625 0.0625
5 0.4453125 0.7109375 0.028125 0.040625
3 0.80390625 0.59453125 0.034375 0.040625
3 0.85078125 0.58125 0.0453125 0.05078125
4 0.83125 0.6375 0.01171875 0.040625
5 0.86171875 0.7625 0.015625 0.05546875