4 0.6546875 0.1359375 0.021875 0.0453125
4 0.68125 0.1328125 0.028125 0.0484375
3 0.7046875 0.0921875 0.0875 0.0328125
3 0.6078125 0.103125 0.046875 0.046875
3 0.6671875 0.0765625 0.065625 0.0328125
3 0.7265625 0.0671875 0.059375 0.0328125
3 0.128125 0.3859375 0.059375 0.0296875
3 0.64375 0.3625 0.071875 0.046875
3 0.715625 0.3578125 0.05 0.0515625
3 0.771875 0.3671875 0.05 0.071875
4 0.690625 0.4234375 0.021875 0.05
2 0.5875 0.4625 0.03125 0.0390625
5 0.6234375 0.534375 0.0453125 0.04375
5 0.7296875 0.53125 0.028125 0.0375
1 0.678125 0.603125 0.0609375 0.03125