5 0.265625 0.1296875 0.034375 0.0703125
5 0.3671875 0.1171875 0.0515625 0.0515625
6 0.3984375 0.1859375 0.0359375 0.046875
6 0.2640625 0.209375 0.0359375 0.046875
2 0.98671875 0.27890625 0.0265625 0.0359375
3 0.06875 0.7515625 0.0640625 0.0375
3 0.16875 0.715625 0.075 0.040625
4 0.1359375 0.7859375 0.0390625 0.0484375
2 0.271875 0.809375 0.040625 0.046875
2 0.0484375 0.9 0.0296875 0.034375
5 0.2640625 0.890625 0.06875 0.0359375
5 0.1140625 0.96953125 0.025 0.0609375
2 0.98125 0.85 0.0375 0.0359375