5 0.2421875 0.1203125 0.034375 0.0703125
5 0.34375 0.1078125 0.0515625 0.0515625
6 0.375 0.1765625 0.0359375 0.046875
6 0.240625 0.2 0.0359375 0.046875
5 0.6859375 0.2515625 0.053125 0.08125
5 0.8390625 0.265625 0.0421875 0.0609375
6 0.60625 0.29375 0.0609375 0.0765625
2 0.621875 0.1453125 0.04375 0.0640625
2 0.190625 0.44375 0.05625 0.028125
5 0.52265625 0.60078125 0.0328125 0.1171875
5 0.2796875 0.59375 0.0640625 0.1109375
4 0.5953125 0.684375 0.0265625 0.0453125
7 0.8703125 0.7625 0.0296875 0.0484375
5 0.9703125 0.6875 0.021875 0.0484375
2 0.825 0.61875 0.0328125 0.0296875
4 0.925 0.5578125 0.021875 0.0328125