4 0.175 0.2 0.021875 0.0453125
4 0.2015625 0.196875 0.028125 0.0484375
3 0.225 0.15625 0.0875 0.0328125
3 0.128125 0.1671875 0.046875 0.046875
3 0.1875 0.140625 0.065625 0.0328125
3 0.246875 0.13125 0.059375 0.0328125
5 0.3015625 0.371875 0.0375 0.053125
6 0.2078125 0.6375 0.059375 0.10625
5 0.4546875 0.575 0.053125 0.05
3 0.88125 0.6421875 0.0375 0.01875
3 0.921875 0.640625 0.0328125 0.021875
3 0.8703125 0.6578125 0.034375 0.025
3 0.921875 0.659375 0.04375 0.021875
5 0.8859375 0.784375 0.01875 0.046875