3 0.24375 0.0578125 0.05 0.021875
3 0.3890625 0.0625 0.0421875 0.0328125
3 0.30625 0.034375 0.053125 0.0390625
2 0.4296875 0.16875 0.0375 0.0453125
5 0.2453125 0.24375 0.03125 0.05
4 0.2875 0.1203125 0.025 0.034375
6 0.846875 0.28671875 0.05 0.0453125
2 0.890625 0.00546875 0.06875 0.0109375
3 0.2828125 0.575 0.0953125 0.0359375
3 0.30625 0.5265625 0.1 0.05
3 0.4140625 0.5625 0.0671875 0.040625
3 0.484375 0.621875 0.096875 0.03125
4 0.371875 0.6515625 0.046875 0.059375
4 0.4109375 0.6671875 0.040625 0.0578125
4 0.3203125 0.640625 0.0484375 0.0546875
2 0.5515625 0.7390625 0.04375 0.06875
4 0.8328125 0.4921875 0.0078125 0.0453125
4 0.84296875 0.490625 0.009375 0.0484375
3 0.80859375 0.41484375 0.01953125 0.06015625
3 0.83046875 0.3984375 0.0171875 0.06953125
3 0.85234375 0.4 0.01953125 0.06640625