3 0.01171875 0.16015625 0.0234375 0.0328125
2 0.04375 0.2671875 0.0375 0.0453125
3 0.6125 0.071875 0.1046875 0.040625
3 0.7703125 0.034375 0.1265625 0.065625
2 0.878125 0.159375 0.06875 0.08125
5 0.825 0.2578125 0.084375 0.0515625
5 0.63125 0.2796875 0.05 0.06875
6 0.9125 0.325 0.0453125 0.109375
6 0.928125 0.221875 0.0625 0.05625
3 0.1015625 0.6375 0.084375 0.0625
3 0.1921875 0.6171875 0.065625 0.0453125
3 0.26875 0.590625 0.0703125 0.0796875
3 0.34375 0.56953125 0.059375 0.0609375
3 0.3984375 0.5609375 0.040625 0.04375
4 0.2890625 0.6984375 0.059375 0.0421875
2 0.1125 0.771875 0.059375 0.0625
3 0.6078125 0.63125 0.0609375 0.0265625
3 0.6875 0.6390625 0.0453125 0.0203125
3 0.68125 0.61875 0.034375 0.025