3 0.2203125 0.0125 0.06875 0.025
4 0.2359375 0.0609375 0.0296875 0.0328125
6 0.3140625 0.2390625 0.0265625 0.05625
2 0.703125 0.01640625 0.065625 0.0328125
6 0.74375 0.103125 0.0640625 0.0875
6 0.7328125 0.2625 0.065625 0.0890625
1 0.9328125 0.29375 0.071875 0.0359375
2 0.4453125 0.6359375 0.028125 0.034375
2 0.2234375 0.7 0.0421875 0.0375
7 0.2765625 0.796875 0.0359375 0.0515625
7 0.434375 0.7578125 0.028125 0.040625
6 0.2828125 0.8578125 0.0484375 0.0515625
3 0.46796875 0.64609375 0.0171875 0.0390625
3 0.509375 0.6515625 0.0484375 0.04375
3 0.5703125 0.6234375 0.0421875 0.03125
3 0.63125 0.6234375 0.0578125 0.03125
3 0.5640625 0.6640625 0.0421875 0.0375
3 0.61875 0.659375 0.053125 0.040625
3 0.46953125 0.67734375 0.0203125 0.0234375
4 0.546875 0.703125 0.0359375 0.0421875
4 0.5171875 0.7046875 0.0234375 0.0453125
5 0.609375 0.8359375 0.0421875 0.0484375
5 0.475 0.83515625 0.03125 0.0515625
1 0.5203125 0.953125 0.046875 0.0234375