5 0.271875 0.11875 0.0734375 0.0703125
5 0.5671875 0.0703125 0.04375 0.075
3 0.83984375 0.009375 0.0984375 0.01875
3 0.95859375 0.06015625 0.0828125 0.0953125
4 0.9125 0.2296875 0.0640625 0.0546875
3 0.021875 0.63515625 0.04375 0.0453125
3 0.1375 0.6296875 0.10625 0.0546875
6 0.1953125 0.78125 0.040625 0.04375
5 0.00703125 0.865625 0.0140625 0.078125
5 0.1453125 0.85625 0.046875 0.0640625
7 0.1609375 0.93125 0.028125 0.071875
7 0.00859375 0.94921875 0.0171875 0.0578125
1 0.071875 0.9546875 0.059375 0.034375
5 0.91796875 0.61640625 0.0296875 0.0328125
5 0.809375 0.6265625 0.0375 0.053125
6 0.7875 0.6734375 0.04375 0.0640625
6 0.9578125 0.684375 0.025 0.0765625