3 0.240625 0.16875 0.0453125 0.053125
3 0.190625 0.15625 0.0390625 0.0671875
3 0.1359375 0.15 0.040625 0.0484375
3 0.1 0.1890625 0.0375 0.059375
5 0.275 0.409375 0.034375 0.034375
6 0.3140625 0.459375 0.0484375 0.0421875
2 0.4859375 0.07734375 0.071875 0.0578125
5 0.6 0.2375 0.0734375 0.0703125
5 0.9203125 0.1890625 0.0921875 0.075
2 0.9671875 0.0265625 0.05 0.053125
3 0.1828125 0.584375 0.20625 0.034375
5 0.3 0.83125 0.0578125 0.078125
1 0.1875 0.9546875 0.0578125 0.0296875
4 0.74296875 0.565625 0.0640625 0.053125