3 0.4046875 0.18359375 0.02734375 0.0546875
3 0.37421875 0.1703125 0.0234375 0.06953125
3 0.340625 0.1640625 0.025 0.05
3 0.31875 0.2046875 0.02265625 0.0609375
5 0.42578125 0.43125 0.02109375 0.03515625
6 0.44921875 0.4828125 0.0296875 0.04375
3 0.6515625 0.1734375 0.084375 0.0640625
3 0.7296875 0.1734375 0.053125 0.05625
2 0.7125 0.2765625 0.0546875 0.0625
5 0.62890625 0.3859375 0.0390625 0.08125
3 0.4640625 0.61875 0.05625 0.0609375
3 0.3859375 0.6328125 0.065625 0.071875
3 0.321875 0.6046875 0.053125 0.05
3 0.259375 0.6109375 0.059375 0.0625
2 0.428125 0.7765625 0.0625 0.071875
5 0.3640625 0.884375 0.04375 0.0671875
6 0.40625 0.94375 0.0546875 0.109375
5 0.2 0.8890625 0.0328125 0.071875
3 0.62265625 0.58828125 0.0265625 0.0171875
2 0.6484375 0.6515625 0.028125 0.0203125
5 0.615625 0.715625 0.0125 0.046875
3 0.653125 0.5875 0.021875 0.015625