4 0.434375 0.0671875 0.0171875 0.040625
4 0.46171875 0.06484375 0.0140625 0.0390625
3 0.3328125 0.090625 0.03125 0.046875
3 0.3546875 0.034375 0.0484375 0.040625
3 0.40625 0.0125 0.04375 0.025
3 0.45859375 0.025 0.0203125 0.025
2 0.3421875 0.146875 0.040625 0.0328125
8 0.45625 0.23828125 0.025 0.0265625
1 0.44765625 0.28984375 0.0421875 0.0296875
1 0.4109375 0.321875 0.028125 0.0421875
5 0.3984375 0.2796875 0.0234375 0.0359375
3 0.4828125 0.18515625 0.028125 0.0421875
3 0.546875 0.2 0.0734375 0.0625
2 0.571875 0.2828125 0.028125 0.05625
6 0.5703125 0.3640625 0.034375 0.0609375
7 0.5375 0.403125 0.0265625 0.06875
3 0.0671875 0.628125 0.0515625 0.05625
3 0.1390625 0.6515625 0.0703125 0.059375
3 0.221875 0.6640625 0.084375 0.0640625
3 0.3 0.6640625 0.053125 0.05625
2 0.2828125 0.7671875 0.0546875 0.0625
5 0.190625 0.8765625 0.05625 0.08125
3 0.5359375 0.7953125 0.06875 0.0390625
3 0.5828125 0.7734375 0.05625 0.0375
2 0.6 0.9078125 0.0375 0.040625
3 0.48046875 0.78828125 0.0234375 0.0578125