2 0.5625 0.0609375 0.0640625 0.0484375
5 0.821875 0.0890625 0.075 0.059375
5 0.65 0.1484375 0.05 0.078125
1 0.865625 0.2171875 0.046875 0.103125
1 0.68203125 0.27265625 0.0671875 0.0546875
7 0.8546875 0.1546875 0.0328125 0.0578125
7 0.653125 0.21875 0.03125 0.04375
5 0.21484375 0.6796875 0.0109375 0.04453125
5 0.30859375 0.70625 0.0109375 0.04921875
2 0.33203125 0.59375 0.01796875 0.04765625
3 0.31171875 0.4890625 0.028125 0.025
3 0.31640625 0.4625 0.028125 0.028125
3 0.26875 0.45625 0.02890625 0.0265625
3 0.2671875 0.434375 0.0296875 0.02109375
3 0.61875 0.484375 0.0515625 0.040625
2 0.5515625 0.6140625 0.0359375 0.0578125
2 0.8296875 0.6078125 0.03125 0.0671875
5 0.765625 0.696875 0.0546875 0.0703125
5 0.6109375 0.7015625 0.04375 0.0546875
7 0.790625 0.765625 0.025 0.05
7 0.59375 0.7640625 0.0359375 0.0625