3 0.421875 0.1375 0.053125 0.0296875
3 0.503125 0.13984375 0.08125 0.034375
3 0.60546875 0.14296875 0.09765625 0.03125
2 0.67265625 0.209375 0.05703125 0.0359375
2 0.35703125 0.20234375 0.046875 0.02421875
5 0.63125 0.28828125 0.0546875 0.0390625
5 0.41171875 0.27890625 0.05078125 0.04453125
2 0.0953125 0.778125 0.075 0.078125
3 0.06875 0.7328125 0.0515625 0.0734375
6 0.0984375 0.8453125 0.0609375 0.0578125
3 0.2375 0.703125 0.0453125 0.053125
3 0.321875 0.678125 0.08125 0.025
3 0.41875 0.684375 0.0734375 0.05
3 0.4421875 0.65 0.0640625 0.0453125
2 0.221875 0.825 0.0359375 0.0328125
2 0.4734375 0.7984375 0.046875 0.04375
5 0.4328125 0.9078125 0.0609375 0.0640625
5 0.278125 0.9265625 0.03125 0.075
7 0.46015625 0.9875 0.0328125 0.025
6 0.49375 0.9296875 0.03125 0.06875