3 0.071875 0.07259953161592506 0.096875 0.1053864168618267
3 0.128125 0.21311475409836064 0.0359375 0.13114754098360656
2 0.121875 0.3442622950819672 0.0625 0.07728337236533958
5 0.021875 0.4648711943793911 0.04375 0.09133489461358314
6 0.140625 0.4098360655737705 0.046875 0.08899297423887588
4 0.93359375 0.01405152224824356 0.0359375 0.02810304449648712
0 0.9625 0.1592505854800937 0.046875 0.06088992974238876
0 0.896875 0.17798594847775176 0.046875 0.0702576112412178
5 0.834375 0.3185011709601874 0.059375 0.14285714285714285
7 0.828125 0.4847775175644028 0.046875 0.117096018735363
6 0.778125 0.4613583138173302 0.046875 0.12412177985948478
2 0.7234375 0.18969555035128804 0.053125 0.1053864168618267
3 0.375 0.6030444964871194 0.078125 0.06791569086651054
3 0.465625 0.6112412177985949 0.08125 0.08430913348946135
5 0.365625 0.9063231850117096 0.0390625 0.0936768149882904
5 0.4625 0.9039812646370023 0.028125 0.06088992974238876
5 0.9765625 0.7084309133489461 0.046875 0.09133489461358314
5 0.815625 0.7681498829039812 0.0359375 0.07962529274004684
7 0.83125 0.8805620608899297 0.0453125 0.10070257611241218