3 0.225 0.14375 0.096875 0.0703125
3 0.1109375 0.13125 0.1 0.0671875
3 0.0171875 0.103125 0.034375 0.06875
3 0.28125 0.2375 0.0359375 0.0875
2 0.275 0.325 0.0625 0.0515625
5 0.1734375 0.40625 0.046875 0.0609375
5 0.01328125 0.365625 0.0265625 0.046875
7 0.00546875 0.4484375 0.0109375 0.06875
6 0.2171875 0.5 0.040625 0.071875
6 0.29375 0.36875 0.046875 0.059375
4 0.0984375 0.26875 0.05 0.0234375
4 0.725 0.1296875 0.0609375 0.0703125
5 0.2234375 0.6625 0.0765625 0.0765625
7 0.0421875 0.725 0.040625 0.075
7 0.2546875 0.7546875 0.0328125 0.0640625
3 0.559375 0.6890625 0.0953125 0.0359375
3 0.5828125 0.640625 0.1 0.05
3 0.690625 0.6765625 0.0671875 0.040625
3 0.7609375 0.7359375 0.096875 0.03125
4 0.6484375 0.765625 0.046875 0.059375
4 0.6875 0.78125 0.040625 0.0578125
4 0.596875 0.7546875 0.0484375 0.0546875
2 0.828125 0.853125 0.04375 0.06875