3 0.4734375 0.1546875 0.0546875 0.0578125
3 0.5328125 0.1640625 0.0515625 0.0640625
3 0.5734375 0.1609375 0.0125 0.075
3 0.940625 0.209375 0.090625 0.0546875
3 0.8359375 0.23125 0.0953125 0.0546875
3 0.728125 0.2609375 0.1078125 0.0640625
5 0.7953125 0.5078125 0.0421875 0.0828125
5 0.971875 0.490625 0.05625 0.078125
2 0.9890625 0.346875 0.021875 0.065625
2 0.703125 0.4203125 0.0546875 0.046875
4 0.8203125 0.3171875 0.0359375 0.059375
7 0.090625 0.746875 0.0578125 0.0890625
7 0.3671875 0.7234375 0.0703125 0.09375