3 0.3984375 0.13882863340563992 0.0546875 0.08026030368763558
3 0.4578125 0.15184381778741865 0.0515625 0.08893709327548807
2 0.79375 0.26898047722342733 0.0421875 0.07592190889370933
5 0.8234375 0.45336225596529284 0.0453125 0.09978308026030369
4 0.9265625 0.25813449023861174 0.040625 0.03470715835140998
4 0.925 0.20607375271149675 0.025 0.05856832971800434
4 0.9625 0.19305856832971802 0.0203125 0.0650759219088937
3 0.840625 0.10412147505422993 0.0421875 0.07592190889370933
6 0.79375 0.3492407809110629 0.0421875 0.049891540130151846
2 0.2546875 0.6724511930585684 0.0390625 0.06290672451193059
3 0.8609375 0.7787418655097614 0.0625 0.05422993492407809
3 0.925 0.7852494577006508 0.0484375 0.06073752711496746
3 0.98203125 0.7462039045553145 0.0359375 0.04338394793926247
3 0.97890625 0.8026030368763557 0.0421875 0.052060737527114966
3 0.8578125 0.8221258134490239 0.075 0.03253796095444685
4 0.9625 0.8568329718004338 0.0359375 0.05856832971800434
4 0.9328125 0.8590021691973969 0.0234375 0.06290672451193059