4 0.3359375 0.1 0.0234375 0.0671875
4 0.38125 0.1 0.0328125 0.053125
3 0.48359375 0.0140625 0.0984375 0.028125
3 0.3515625 0.00703125 0.075 0.0140625
3 0.246875 0.05 0.0546875 0.0359375
7 0.53046875 0.490625 0.0578125 0.078125
7 0.35 0.50703125 0.028125 0.0453125
8 0.4484375 0.4046875 0.0234375 0.0359375
8 0.4140625 0.396875 0.0171875 0.0328125
8 0.35 0.4109375 0.015625 0.034375
5 0.4765625 0.3359375 0.0328125 0.0640625
5 0.7859375 0.48125 0.0546875 0.0578125
5 0.5921875 0.48125 0.0578125 0.0515625
2 0.8453125 0.3734375 0.046875 0.0734375
3 0.0921875 0.7046875 0.0625 0.0515625
3 0.02109375 0.76640625 0.0421875 0.0546875
2 0.1890625 0.7859375 0.05625 0.059375
6 0.2453125 0.8328125 0.046875 0.05625
6 0.2640625 0.915625 0.0390625 0.078125
3 0.98359375 0.56484375 0.0328125 0.0703125
5 0.828125 0.840625 0.04375 0.1171875
5 0.6625 0.8078125 0.0453125 0.059375
7 0.8296875 0.9640625 0.053125 0.071875
7 0.6359375 0.8890625 0.0375 0.0578125