4 0.325 0.096875 0.0234375 0.0671875
4 0.3703125 0.096875 0.0328125 0.053125
3 0.47265625 0.0125 0.0984375 0.025
3 0.340625 0.00546875 0.075 0.0109375
3 0.2359375 0.046875 0.0546875 0.0359375
7 0.5203125 0.4921875 0.059375 0.0875
7 0.3390625 0.51875 0.028125 0.0734375
8 0.4375 0.4015625 0.0234375 0.0359375
8 0.403125 0.39375 0.0171875 0.0328125
8 0.3390625 0.4078125 0.015625 0.034375
5 0.465625 0.3328125 0.0328125 0.0640625
4 0.8109375 0.0109375 0.021875 0.021875
2 0.6421875 0.05 0.05 0.0796875
4 0.3640625 0.7046875 0.0234375 0.0484375
2 0.215625 0.746875 0.0390625 0.0421875
2 0.4484375 0.8140625 0.0265625 0.040625
5 0.384375 0.8859375 0.034375 0.071875
5 0.2484375 0.8375 0.065625 0.0640625
7 0.378125 0.96875 0.021875 0.053125
3 0.2578125 0.684375 0.0640625 0.0328125
4 0.3671875 0.7421875 0.025 0.034375
3 0.421875 0.7328125 0.0203125 0.0296875
6 0.7140625 0.58125 0.046875 0.025