4 0.91015625 0.009375 0.0359375 0.01875
2 0.753125 0.0828125 0.0453125 0.0625
6 0.803125 0.1921875 0.0453125 0.0953125
5 0.9875 0.16953125 0.025 0.0578125
5 0.846875 0.221875 0.0265625 0.071875
6 0.83125 0.2828125 0.040625 0.0578125
1 0.8765625 0.30625 0.03125 0.0328125
1 0.9421875 0.321875 0.0703125 0.03125
2 0.2296875 0.55625 0.053125 0.053125
5 0.2015625 0.7515625 0.0546875 0.084375
3 0.0546875 0.3984375 0.08125 0.01875
4 0.0109375 0.48515625 0.021875 0.0484375
3 0.70234375 0.5296875 0.0265625 0.04375
3 0.7296875 0.5265625 0.021875 0.0609375
3 0.75234375 0.546875 0.0171875 0.0609375
3 0.77734375 0.55390625 0.02265625 0.05234375
3 0.79921875 0.55390625 0.01328125 0.0625
2 0.69609375 0.63828125 0.01796875 0.040625
5 0.72421875 0.71796875 0.015625 0.0609375
5 0.77734375 0.728125 0.0140625 0.040625
4 0.7625 0.60625 0.01015625 0.03046875