5 0.2234375 0.0078125 0.053125 0.015625
5 0.0671875 0.01640625 0.0375 0.0328125
7 0.0625 0.8828125 0.040625 0.096875
5 0.25625 0.8859375 0.046875 0.1
6 0.24296875 0.95859375 0.0453125 0.0828125
6 0.04375 0.8015625 0.0390625 0.071875
4 0.2703125 0.6921875 0.0375 0.0734375
5 0.128125 0.8015625 0.0671875 0.0734375
7 0.2078125 0.97109375 0.03125 0.0578125
6 0.7765625 0.5453125 0.040625 0.0625
3 0.7546875 0.35 0.0359375 0.0515625
3 0.6875 0.3171875 0.0453125 0.0546875
2 0.75625 0.4140625 0.040625 0.0421875
1 0.6921875 0.58125 0.0484375 0.025