4 0.2171875 0.0484375 0.0171875 0.046875
4 0.2453125 0.053125 0.021875 0.0375
4 0.196875 0.0390625 0.021875 0.046875
5 0.2984375 0.184375 0.04375 0.0625
5 0.1546875 0.1890625 0.0453125 0.0703125
2 0.3546875 0.103125 0.0390625 0.0484375
3 0.9921875 0.11171875 0.015625 0.0359375
3 0.95 0.115625 0.0453125 0.0328125
2 0.934375 0.221875 0.028125 0.0265625
5 0.9796875 0.2625 0.028125 0.0375
5 0.5 0.7328125 0.0703125 0.1375
7 0.4703125 0.8640625 0.0421875 0.075
1 0.5296875 0.871875 0.0328125 0.059375
6 0.4125 0.6890625 0.034375 0.1
3 0.8546875 0.5296875 0.1234375 0.05625
3 0.97578125 0.5203125 0.0484375 0.040625
4 0.9796875 0.59375 0.0375 0.0671875
2 0.8 0.740625 0.0671875 0.06875
5 0.91875 0.8203125 0.053125 0.109375
7 0.8953125 0.9390625 0.040625 0.0859375
6 0.8140625 0.846875 0.0609375 0.1015625