6 0.278125 0.0640625 0.040625 0.0625
1 0.19375 0.1 0.0484375 0.025
5 0.7 0.3234375 0.0640625 0.0546875
5 0.53359375 0.32890625 0.0296875 0.0640625
3 0.5453125 0.1453125 0.053125 0.025
3 0.6640625 0.14375 0.0859375 0.0375
4 0.328125 0.5421875 0.028125 0.046875
2 0.2 0.6 0.0296875 0.0375
2 0.45 0.6078125 0.034375 0.0296875
5 0.3875 0.7140625 0.040625 0.06875
5 0.246875 0.7109375 0.0375 0.0640625
2 0.66875 0.5375 0.059375 0.0375
6 0.621875 0.7125 0.0546875 0.14375
5 0.74375 0.6578125 0.059375 0.078125
5 0.9328125 0.7234375 0.03125 0.0875
6 0.6515625 0.821875 0.0421875 0.0625