6 0.38125 0.321875 0.040625 0.0625
3 0.359375 0.1265625 0.0359375 0.0515625
3 0.2921875 0.09375 0.0453125 0.0546875
2 0.3609375 0.190625 0.040625 0.0421875
1 0.296875 0.3578125 0.0484375 0.025
4 0.7609375 0.15625 0.03125 0.0640625
5 0.915625 0.3609375 0.0640625 0.0890625
5 0.7546875 0.3859375 0.053125 0.065625
3 0.946875 0.121875 0.0734375 0.05625
2 0.98359375 0.2078125 0.0328125 0.053125
3 0.909375 0.084375 0.0859375 0.0421875
4 0.2921875 0.6 0.025 0.0546875
2 0.425 0.678125 0.0375 0.0484375
2 0.1453125 0.6765625 0.0375 0.040625
5 0.353125 0.76875 0.05 0.06875
5 0.2125 0.7828125 0.0375 0.0625
7 0.3828125 0.8765625 0.0328125 0.05
7 0.2015625 0.875 0.040625 0.04375
1 0.2984375 0.8890625 0.0265625 0.0296875
6 0.4046875 0.7421875 0.028125 0.05
6 0.16875 0.7359375 0.028125 0.040625
6 0.1515625 0.8484375 0.0328125 0.0609375
6 0.4234375 0.8515625 0.01875 0.0671875
3 0.8015625 0.603125 0.0515625 0.0265625
3 0.86875 0.5921875 0.046875 0.0359375
3 0.934375 0.5703125 0.0609375 0.0453125
2 0.9875 0.65859375 0.025 0.0359375
2 0.78125 0.690625 0.028125 0.034375
6 0.79375 0.7625 0.028125 0.0453125
5 0.946875 0.7484375 0.0265625 0.0375