3 0.1484375 0.040625 0.028125 0.0515625
2 0.2046875 0.13125 0.040625 0.0484375
5 0.0390625 0.2359375 0.0375 0.0796875
6 0.20625 0.2640625 0.025 0.078125
3 0.82578125 0.0140625 0.0328125 0.028125
2 0.8203125 0.08125 0.0515625 0.0453125
6 0.809375 0.1984375 0.0328125 0.05
2 0.1921875 0.6984375 0.0640625 0.084375
5 0.25390625 0.83984375 0.1109375 0.0734375
3 0.56953125 0.46640625 0.0703125 0.06171875
4 0.6234375 0.51953125 0.021875 0.08046875
2 0.48828125 0.6953125 0.05390625 0.07578125
2 0.79921875 0.59375 0.03125 0.06328125