3 0.35 0.0203125 0.028125 0.040625
2 0.40625 0.10625 0.040625 0.0484375
2 0.1703125 0.1234375 0.0375 0.0390625
5 0.240625 0.2109375 0.0375 0.0796875
6 0.4078125 0.2390625 0.025 0.078125
4 0.640625 0.028125 0.040625 0.0234375
2 0.4984375 0.046875 0.03125 0.0265625
5 0.5453125 0.1859375 0.05625 0.0984375
5 0.6921875 0.2109375 0.0375 0.071875
3 0.21328125 0.54609375 0.028125 0.0171875
2 0.19609375 0.634375 0.009375 0.028125
5 0.2125 0.69375 0.02109375 0.0296875
5 0.2640625 0.6890625 0.015625 0.0390625
7 0.2765625 0.76171875 0.0125 0.05078125
7 0.21015625 0.76171875 0.0125 0.05390625
3 0.271875 0.53125 0.01796875 0.0375
3 0.590625 0.6421875 0.134375 0.040625
3 0.7625 0.6484375 0.1546875 0.0296875
4 0.66875 0.709375 0.075 0.04375
2 0.49453125 0.78828125 0.0296875 0.0296875
5 0.775 0.940625 0.059375 0.0921875
5 0.5765625 0.9515625 0.040625 0.0765625