4 0.215625 0.05625 0.0203125 0.04791666666666667
5 0.6421875 0.12916666666666668 0.040625 0.07916666666666666
5 0.8109375 0.125 0.0390625 0.08541666666666667
4 0.4765625 0.38333333333333336 0.046875 0.06666666666666667
2 0.3203125 0.4375 0.0484375 0.06041666666666667
3 0.484375 0.27708333333333335 0.03125 0.05416666666666667
3 0.809375 0.3375 0.0328125 0.11875
5 0.7234375 0.7166666666666667 0.021875 0.15625
5 0.640625 0.6729166666666667 0.02265625 0.07916666666666666
7 0.72421875 0.8958333333333334 0.0265625 0.12291666666666666
7 0.62734375 0.78125 0.01875 0.07708333333333334
3 0.75859375 0.2708333333333333 0.04453125 0.029166666666666667