4 0.4703125 0.21875 0.0484375 0.065625
5 0.4078125 0.41875 0.0546875 0.0953125
3 0.4640625 0.140625 0.0765625 0.03125
3 0.7359375 0.1171875 0.1265625 0.0375
2 0.915625 0.2015625 0.0625 0.0625
2 0.6140625 0.253125 0.03125 0.0515625
5 0.6671875 0.35 0.028125 0.0625
5 0.8609375 0.3046875 0.09375 0.0515625
6 0.9234375 0.425 0.03125 0.1375
1 0.8 0.4890625 0.0609375 0.01875
4 0.5 0.628125 0.059375 0.0375
5 0.4390625 0.7671875 0.0421875 0.0546875
3 0.43125 0.5375 0.0703125 0.0265625
6 0.6375 0.5734375 0.0546875 0.14375
5 0.759375 0.52890625 0.059375 0.0578125
5 0.9484375 0.584375 0.03125 0.0875
6 0.6671875 0.6828125 0.0421875 0.0625