4 0.0390625 0.4234375 0.0484375 0.065625
5 0.1171875 0.5765625 0.05 0.0796875
6 0.196875 0.65703125 0.05 0.0234375
3 0.03515625 0.3453125 0.0703125 0.03125
3 0.5078125 0.1078125 0.0703125 0.028125
3 0.5890625 0.1078125 0.0703125 0.0640625
3 0.6546875 0.103125 0.0515625 0.0671875
5 0.671875 0.3296875 0.05625 0.065625
5 0.5546875 0.3640625 0.0328125 0.0703125
7 0.7171875 0.4078125 0.0515625 0.059375
7 0.571875 0.4296875 0.0390625 0.046875
3 0.04296875 0.83515625 0.0859375 0.0734375
4 0.70625 0.7828125 0.025 0.0640625
5 0.8109375 0.97578125 0.075 0.0484375
2 0.478125 0.828125 0.0375 0.0546875