2 0.3140625 0.18125 0.0578125 0.05
3 0.01796875 0.0578125 0.0359375 0.04375
3 0.1015625 0.01796875 0.075 0.0359375
3 0.1515625 0.040625 0.09375 0.0296875
3 0.2390625 0.01953125 0.05625 0.0390625
3 0.2046875 0.0625 0.0703125 0.0328125
3 0.18671875 0.003125 0.0640625 0.00625
6 0.3015625 0.35625 0.0328125 0.0671875
3 0.73125 0.0375 0.0390625 0.0390625
3 0.771875 0.0421875 0.0390625 0.05
5 0.7609375 0.190625 0.0296875 0.04375
7 0.7703125 0.24375 0.025 0.0375
1 0.7265625 0.24921875 0.053125 0.0203125
2 0.8015625 0.13125 0.025 0.04375
4 0.71875 0.109375 0.025 0.0390625
3 0.2140625 0.6609375 0.07265625 0.02578125
3 0.4234375 0.66015625 0.13203125 0.02265625
3 0.31640625 0.67109375 0.1171875 0.025
4 0.37890625 0.70078125 0.034375 0.02265625
4 0.334375 0.71015625 0.04765625 0.0234375
5 0.26875 0.78515625 0.0546875 0.05234375
5 0.43125 0.78671875 0.03984375 0.05703125
2 0.19140625 0.72734375 0.05625 0.0234375
2 0.50078125 0.72421875 0.04140625 0.02265625
4 0.8484375 0.6765625 0.0671875 0.05
3 0.921875 0.5890625 0.0640625 0.03125
3 0.7375 0.5625 0.0640625 0.0328125
3 0.8453125 0.5890625 0.03125 0.0578125