2 0.1703125 0.1515625 0.03125 0.0265625
3 0.009375 0.08359375 0.01875 0.0234375
3 0.0546875 0.0609375 0.040625 0.0234375
3 0.0828125 0.075 0.0515625 0.015625
3 0.1296875 0.0578125 0.03125 0.034375
3 0.1109375 0.0875 0.0390625 0.0171875
3 0.1015625 0.046875 0.034375 0.0171875
6 0.1640625 0.246875 0.0171875 0.0359375
3 0.24375 0.6484375 0.05625 0.0640625
2 0.14375 0.7484375 0.0390625 0.0515625
2 0.384375 0.775 0.025 0.04375
5 0.1890625 0.834375 0.0796875 0.0453125
3 0.3578125 0.6734375 0.0453125 0.025
4 0.8046875 0.5453125 0.04375 0.0546875
5 0.9609375 0.77578125 0.078125 0.0546875
5 0.71796875 0.84140625 0.0578125 0.0828125