2 0.3734375 0.26666666666666666 0.0578125 0.06881720430107527
2 0.021875 0.30752688172043013 0.0421875 0.06666666666666667
3 0.021875 0.035483870967741936 0.04375 0.06236559139784946
3 0.0546875 0.0967741935483871 0.08125 0.060215053763440864
3 0.1609375 0.03870967741935484 0.075 0.05806451612903226
3 0.2109375 0.07311827956989247 0.09375 0.04086021505376344
3 0.2984375 0.035483870967741936 0.05625 0.07096774193548387
3 0.2640625 0.1032258064516129 0.0703125 0.04516129032258064
3 0.24609375 0.012903225806451613 0.0640625 0.025806451612903226
6 0.3609375 0.5075268817204301 0.0328125 0.09247311827956989
2 0.990625 0.15053763440860216 0.01875 0.05591397849462366
6 0.98828125 0.2172043010752688 0.0234375 0.043010752688172046
3 0.459375 0.8161290322580645 0.01875 0.07526881720430108
5 0.6515625 0.7053763440860215 0.0609375 0.13978494623655913
5 0.821875 0.7419354838709677 0.040625 0.15053763440860216
7 0.81875 0.886021505376344 0.0234375 0.08172043010752689
7 0.6203125 0.8451612903225807 0.0296875 0.07741935483870968
1 0.6625 0.9139784946236559 0.0328125 0.06881720430107527
1 0.7328125 0.9225806451612903 0.0828125 0.047311827956989246