3 0.4 0.01015625 0.071875 0.0203125
4 0.46953125 0.0640625 0.0203125 0.053125
6 0.3546875 0.315625 0.0328125 0.0734375
3 0.6078125 0.0296875 0.071875 0.0546875
2 0.790625 0.0484375 0.05625 0.059375
6 0.846875 0.0953125 0.046875 0.05625
6 0.865625 0.178125 0.0390625 0.078125
3 0.03828125 0.49609375 0.0765625 0.0546875
3 0.15 0.47890625 0.10625 0.0203125
5 0.01015625 0.9125 0.0203125 0.0875
2 0.7953125 0.690625 0.0421875 0.0390625
5 0.7203125 0.8171875 0.0796875 0.053125
5 0.540625 0.834375 0.0484375 0.0546875
6 0.7953125 0.903125 0.05 0.090625