3 0.01953125 0.128125 0.0390625 0.025
3 0.0671875 0.125 0.040625 0.046875
2 0.1078125 0.19375 0.034375 0.0375
5 0.0484375 0.2328125 0.03125 0.0359375
3 0.5875 0.02578125 0.1375 0.0515625
3 0.71875 0.0203125 0.0875 0.040625
3 0.83671875 0.009375 0.1109375 0.01875
4 0.7140625 0.115625 0.0765625 0.1109375
2 0.953125 0.18125 0.04375 0.059375
0 0.775 0.2578125 0.0625 0.0671875
0 0.6609375 0.2671875 0.0671875 0.071875
5 0.5734375 0.3765625 0.0625 0.1328125
5 0.8484375 0.353125 0.0765625 0.08125
6 0.934375 0.390625 0.0390625 0.1015625
7 0.5734375 0.4828125 0.06875 0.05
7 0.865625 0.48046875 0.05 0.0578125
8 0.659375 0.4203125 0.0671875 0.040625
8 0.8078125 0.425 0.053125 0.0375
3 0.0328125 0.621875 0.059375 0.0546875
5 0.028125 0.78125 0.0453125 0.0359375
7 0.0890625 0.8609375 0.028125 0.08125
2 0.0921875 0.71875 0.028125 0.0359375
3 0.5453125 0.6265625 0.053125 0.0375
2 0.596875 0.6921875 0.0203125 0.025
5 0.5546875 0.765625 0.0265625 0.040625