3 0.2234375 0.2015625 0.071875 0.034375
3 0.2921875 0.2015625 0.0484375 0.05
3 0.3640625 0.196875 0.06875 0.028125
3 0.3515625 0.2265625 0.0515625 0.025
3 0.790625 0.071875 0.0640625 0.0265625
3 0.6859375 0.0828125 0.04375 0.0234375
4 0.7328125 0.0984375 0.025 0.046875
2 0.865625 0.11875 0.03125 0.0484375
5 0.815625 0.1921875 0.0421875 0.040625
1 0.7734375 0.259375 0.0390625 0.021875
7 0.8453125 0.25625 0.028125 0.0421875
0 0.76875 0.140625 0.0359375 0.0328125
3 0.384375 0.7078125 0.065625 0.028125
4 0.73828125 0.62421875 0.0359375 0.0484375
5 0.6953125 0.8125 0.04375 0.0765625
5 0.865625 0.8015625 0.0578125 0.08125
2 0.9296875 0.6609375 0.0546875 0.0546875