4 0.68515625 0.01328125 0.0234375 0.0265625
4 0.71875 0.015625 0.021875 0.03125
2 0.8171875 0.0734375 0.03125 0.03125
2 0.571875 0.0484375 0.0296875 0.0375
5 0.7578125 0.1640625 0.0390625 0.0609375
5 0.609375 0.175 0.0296875 0.0625
7 0.771875 0.2515625 0.028125 0.0375
7 0.6078125 0.2421875 0.025 0.046875
8 0.6359375 0.18125 0.028125 0.03125
3 0.04140625 0.61796875 0.0828125 0.1171875
3 0.2 0.65625 0.153125 0.0921875
4 0.0859375 0.7140625 0.0265625 0.0546875
2 0.234375 0.85625 0.053125 0.0609375
5 0.1625 0.9359375 0.059375 0.071875
7 0.1703125 0.98671875 0.034375 0.0265625
6 0.21171875 0.96875 0.0453125 0.0625
2 0.534375 0.446875 0.0640625 0.0796875