4 0.3359375 0.2625250501002004 0.065625 0.06412825651302605
2 0.1703125 0.31462925851703405 0.0484375 0.05811623246492986
3 0.2265625 0.11623246492985972 0.0640625 0.04208416833667335
3 0.334375 0.15030060120240482 0.03125 0.07414829659318638
4 0.71015625 0.02004008016032064 0.0265625 0.04008016032064128
4 0.73984375 0.021042084168336674 0.0203125 0.04208416833667335
2 0.559375 0.08216432865731463 0.0671875 0.06613226452905811
2 0.8296875 0.06613226452905811 0.0390625 0.04408817635270541
5 0.725 0.7394789579158316 0.034375 0.09619238476953908
5 0.6109375 0.7194388777555111 0.0546875 0.07414829659318638
2 0.7875 0.6593186372745491 0.03125 0.04609218436873747
2 0.56875 0.6092184368737475 0.034375 0.03206412825651302
7 0.7234375 0.8617234468937875 0.03125 0.08617234468937876
7 0.590625 0.8176352705410822 0.03125 0.06212424849699399
1 0.65 0.8476953907815631 0.059375 0.036072144288577156
4 0.7109375 0.5591182364729459 0.0171875 0.04609218436873747
4 0.6671875 0.5791583166332666 0.0234375 0.04408817635270541