4 0.4015625 0.103125 0.0671875 0.05
2 0.234375 0.14375 0.0484375 0.0453125
3 0.475 0.015625 0.0640625 0.03125
3 0.3984375 0.021875 0.03125 0.04375
1 0.671875 0.0390625 0.0390625 0.021875
7 0.74375 0.0359375 0.028125 0.0421875
5 0.2640625 0.759375 0.0453125 0.103125
5 0.4546875 0.734375 0.06875 0.0921875
2 0.521875 0.59375 0.03125 0.009375
3 0.82421875 0.603125 0.0421875 0.028125
3 0.8796875 0.615625 0.046875 0.053125
3 0.8046875 0.64375 0.0546875 0.03125
4 0.8671875 0.675 0.0359375 0.046875
0 0.890625 0.75 0.0375 0.0359375
2 0.9734375 0.7203125 0.0296875 0.0421875
5 0.9125 0.80625 0.028125 0.04375
1 0.915625 0.9015625 0.03125 0.059375
6 0.778125 0.75625 0.0296875 0.0609375
8 0.8546875 0.8234375 0.0625 0.0234375