4 0.35703125 0.2609375 0.0140625 0.06640625
5 0.24453125 0.54765625 0.01484375 0.09765625
5 0.41640625 0.4828125 0.04296875 0.0921875
2 0.22734375 0.3078125 0.02109375 0.05703125
3 0.78671875 0.2078125 0.02890625 0.0375
3 0.82578125 0.19765625 0.03125 0.040625
3 0.8578125 0.2078125 0.02578125 0.046875
2 0.75859375 0.31953125 0.0203125 0.06640625
2 0.8671875 0.3390625 0.0140625 0.05703125
6 0.75390625 0.425 0.015625 0.078125
5 0.7859375 0.41484375 0.01796875 0.05703125
6 0.74296875 0.3546875 0.0125 0.05546875
4 0.6109375 0.8703125 0.0671875 0.0828125
3 0.6953125 0.8125 0.1 0.0421875
3 0.640625 0.7640625 0.0875 0.0375
3 0.6265625 0.80625 0.0546875 0.0546875