2 0.46171875 0.15 0.0140625 0.046875
3 0.6546875 0.0671875 0.0796875 0.0515625
3 0.765625 0.05625 0.1109375 0.0484375
2 0.86875 0.1796875 0.0328125 0.06875
2 0.6109375 0.1875 0.0421875 0.0578125
7 0.828125 0.303125 0.0296875 0.0765625
7 0.6515625 0.31875 0.0125 0.0375
6 0.6296875 0.3359375 0.025 0.0875
6 0.596875 0.29375 0.0265625 0.090625
6 0.859375 0.3484375 0.0234375 0.0765625
6 0.8796875 0.26875 0.034375 0.0625
4 0.45390625 0.51875 0.0296875 0.059375
5 0.3078125 0.8265625 0.0515625 0.1046875
7 0.28125 0.96015625 0.05625 0.0796875
2 0.8390625 0.628125 0.096875 0.084375
0 0.625 0.6375 0.0453125 0.05