5 0.1734375 0.05625 0.034375 0.0390625
5 0.259375 0.071875 0.025 0.0375
2 0.128125 0.0109375 0.028125 0.021875
5 0.54609375 0.02421875 0.0546875 0.0484375
7 0.7296875 0.0921875 0.028125 0.05
7 0.53125 0.1171875 0.03125 0.059375
5 0.7265625 0.0265625 0.028125 0.053125
6 0.4671875 0.04375 0.04375 0.071875
3 0.14921875 0.49609375 0.03515625 0.0609375
3 0.18359375 0.5140625 0.02109375 0.059375
4 0.159375 0.55078125 0.00703125 0.04140625
4 0.16015625 0.59375 0.0125 0.02421875
2 0.115625 0.61328125 0.009375 0.02734375
5 0.13046875 0.75546875 0.0171875 0.10078125
5 0.17578125 0.78125 0.01171875 0.0734375
3 0.140625 0.43515625 0.028125 0.03046875
3 0.6109375 0.446875 0.0546875 0.040625
3 0.671875 0.446875 0.0515625 0.0390625
3 0.7390625 0.4359375 0.046875 0.0390625
4 0.66875 0.496875 0.0421875 0.0390625
5 0.7421875 0.6421875 0.04375 0.05625
5 0.6234375 0.65625 0.0375 0.075
7 0.765625 0.721875 0.0390625 0.05625
7 0.6234375 0.721875 0.034375 0.0515625