3 0.0390625 0.140625 0.034375 0.0390625
3 0.0859375 0.1421875 0.0328125 0.0390625
3 0.1359375 0.140625 0.0359375 0.0421875
4 0.090625 0.178125 0.0328125 0.034375
5 0.040625 0.259375 0.034375 0.0390625
5 0.1265625 0.275 0.025 0.0375
2 0.0046875 0.209375 0.009375 0.03125
6 0.70625 0.1171875 0.0421875 0.109375
2 0.0171875 0.51953125 0.034375 0.0546875
2 0.4265625 0.5078125 0.06875 0.0734375
1 0.33125 0.9125 0.034375 0.0703125
1 0.09375 0.8546875 0.0328125 0.0640625
3 0.78125 0.6359375 0.1390625 0.096875