2 0.1296875 0.2328125 0.0359375 0.0328125
5 0.171875 0.309375 0.03125 0.053125
5 0.3484375 0.2953125 0.0375 0.0359375
3 0.690625 0.10625 0.075 0.040625
3 0.765625 0.0828125 0.05 0.0296875
3 0.8046875 0.1046875 0.0734375 0.0203125
3 0.64375 0.1390625 0.065625 0.0296875
2 0.615625 0.2609375 0.0296875 0.0328125
4 0.884375 0.221875 0.0390625 0.05
5 0.853125 0.3375 0.046875 0.0453125
5 0.6796875 0.3578125 0.0328125 0.065625
1 0.7640625 0.471875 0.0609375 0.0328125
3 0.70078125 0.546875 0.0984375 0.075
3 0.8203125 0.6265625 0.0828125 0.0953125
3 0.9453125 0.696875 0.0984375 0.0796875
3 0.89921875 0.5296875 0.0890625 0.040625
3 0.934375 0.6078125 0.0765625 0.0640625
3 0.80390625 0.540625 0.0640625 0.0625
4 0.7734375 0.7953125 0.0640625 0.0546875