2 0.109375 0.25 0.0296875 0.046875
5 0.078125 0.315625 0.0375 0.0359375
4 0.9703125 0.0390625 0.0265625 0.04375
4 0.99609375 0.034375 0.0078125 0.040625
3 0.9515625 0.00390625 0.065625 0.0078125
2 0.89375 0.0734375 0.0390625 0.0265625
5 0.9046875 0.1265625 0.0375 0.0359375
3 0.2359375 0.5828125 0.11875 0.0296875
3 0.353125 0.5828125 0.0859375 0.028125
4 0.2875 0.678125 0.034375 0.0234375
5 0.184375 0.828125 0.034375 0.06875
2 0.41640625 0.70859375 0.0453125 0.0515625
2 0.1 0.73125 0.0484375 0.04375
3 0.3265625 0.6125 0.05625 0.0203125
3 0.1921875 0.6265625 0.08125 0.025
5 0.66875 0.6359375 0.0421875 0.0828125
5 0.846875 0.61875 0.059375 0.078125
1 0.7796875 0.7484375 0.0796875 0.03125
2 0.87890625 0.4984375 0.0546875 0.01875
2 0.5765625 0.5484375 0.0546875 0.046875