3 0.675 0.3189102564102564 0.05 0.08012820512820513
3 0.18046875 0.5048076923076923 0.03515625 0.046474358974358976
3 0.21875 0.49439102564102566 0.02734375 0.05368589743589743
3 0.25390625 0.5088141025641025 0.03515625 0.03926282051282051
3 0.309375 0.5408653846153846 0.02734375 0.05689102564102564
3 0.28359375 0.5248397435897436 0.02265625 0.0641025641025641
5 0.16953125 0.7259615384615384 0.0296875 0.049679487179487176
5 0.2734375 0.750801282051282 0.025 0.05689102564102564
4 0.85625 0.45592948717948717 0.009375 0.07612179487179487
2 0.9046875 0.5576923076923077 0.0109375 0.05368589743589743
2 0.81015625 0.5440705128205128 0.0125 0.06490384615384616
5 0.88203125 0.6698717948717948 0.0109375 0.055288461538461536