2 0.3859375 0.253125 0.059375 0.08125
5 0.446875 0.3921875 0.0765625 0.046875
3 0.565625 0.0828125 0.053125 0.021875
5 0.5546875 0.240625 0.05 0.05
7 0.571875 0.3203125 0.025 0.0578125
5 0.5921875 0.2953125 0.0265625 0.0484375
2 0.5984375 0.1765625 0.0359375 0.0515625
3 0.559375 0.109375 0.053125 0.021875
3 0.14765625 0.62734375 0.1015625 0.0546875
4 0.2265625 0.678125 0.03125 0.0796875
2 0.03515625 0.8515625 0.0703125 0.075
2 0.48125 0.7515625 0.0453125 0.0625
3 0.93828125 0.6125 0.0859375 0.025