3 0.0375 0.02578125 0.04375 0.0515625
3 0.09375 0.034375 0.046875 0.040625
4 0.0234375 0.0875 0.025 0.0359375
5 0.1125 0.259375 0.053125 0.053125
4 0.7328125 0.3203125 0.0421875 0.059375
5 0.65625 0.4640625 0.0390625 0.0671875
5 0.7828125 0.4734375 0.034375 0.065625
3 0.7328125 0.28125 0.075 0.0296875
7 0.3546875 0.7921875 0.040625 0.059375
7 0.09375 0.8125 0.0359375 0.05625
3 0.7359375 0.725 0.115625 0.0421875
5 0.815625 0.8875 0.059375 0.05625
5 0.715625 0.9375 0.03125 0.0546875
7 0.7390625 0.98046875 0.03125 0.0390625
7 0.8578125 0.9625 0.0328125 0.0640625
2 0.8484375 0.796875 0.0328125 0.0375
4 0.7234375 0.7875 0.03125 0.0453125