3 0.5953125 0.06776180698151951 0.059375 0.06776180698151951
3 0.66953125 0.04106776180698152 0.0390625 0.045174537987679675
3 0.5328125 0.06981519507186858 0.0515625 0.03285420944558522
5 0.68359375 0.29671457905544146 0.0109375 0.06365503080082136
5 0.5671875 0.31211498973305957 0.040625 0.06365503080082136
1 0.58125 0.39630390143737165 0.028125 0.045174537987679675
2 0.5109375 0.21765913757700206 0.0296875 0.04722792607802875
4 0.6015625 0.1273100616016427 0.0359375 0.039014373716632446
3 0.325 0.4404517453798768 0.059375 0.022587268993839837
3 0.44296875 0.44250513347022585 0.0578125 0.026694045174537988
2 0.296875 0.5975359342915811 0.0578125 0.07186858316221766
2 0.7 0.7330595482546202 0.021875 0.053388090349075976