3 0.1625 0.028125 0.0515625 0.0234375
3 0.6859375 0.27734375 0.071875 0.0390625
3 0.69296875 0.30234375 0.0859375 0.0484375
3 0.7734375 0.2984375 0.0796875 0.0421875
2 0.8390625 0.4421875 0.046875 0.0546875
5 0.7625 0.50078125 0.05625 0.0171875
5 0.56875 0.8859375 0.0484375 0.0609375
5 0.4125 0.871875 0.059375 0.0734375
3 0.596875 0.6265625 0.08125 0.0390625
7 0.590625 0.9578125 0.021875 0.0578125
7 0.3875 0.9671875 0.0375 0.0625
4 0.98359375 0.81484375 0.0328125 0.0578125
2 0.8703125 0.890625 0.0359375 0.0640625
5 0.921875 0.971875 0.05 0.046875