2 0.6390625 0.190625 0.06875 0.06875
2 0.98046875 0.2 0.0390625 0.065625
5 0.746875 0.24140625 0.06875 0.0359375
5 0.9125 0.240625 0.0375 0.0375
3 0.93125 0.034375 0.0953125 0.046875
3 0.6859375 0.0234375 0.0890625 0.040625
4 0.8296875 0.134375 0.05 0.0375
4 0.8046875 0.0765625 0.03125 0.05
4 0.8484375 0.0859375 0.03125 0.05
3 0.1703125 0.303125 0.0484375 0.03125
4 0.1734375 0.353125 0.03125 0.0390625
5 0.125 0.4703125 0.028125 0.059375
5 0.2109375 0.4578125 0.0296875 0.05
2 0.065625 0.390625 0.0359375 0.034375
6 0.0890625 0.5109375 0.025 0.0546875
1 0.128125 0.5484375 0.03125 0.0359375
7 0.609375 0.8859375 0.040625 0.096875
5 0.803125 0.8890625 0.046875 0.1
6 0.78984375 0.96015625 0.0453125 0.0796875
6 0.590625 0.8046875 0.0390625 0.071875
4 0.8171875 0.6953125 0.0375 0.0734375
5 0.675 0.8046875 0.0671875 0.0734375
7 0.7546875 0.97265625 0.03125 0.0546875