3 0.096875 0.0796875 0.053125 0.0421875
3 0.16875 0.0953125 0.05 0.05625
3 0.2328125 0.0953125 0.0546875 0.05
3 0.2953125 0.08125 0.0546875 0.075
4 0.1734375 0.1546875 0.028125 0.03125
2 0.321875 0.190625 0.034375 0.0375
2 0.0421875 0.18125 0.03125 0.0375
3 0.6265625 0.0734375 0.03125 0.02421875
2 0.35625 0.8671875 0.0390625 0.0359375
4 0.80078125 0.609375 0.0390625 0.040625
2 0.5875 0.65 0.0546875 0.053125
2 0.984375 0.646875 0.03125 0.06875
5 0.6765625 0.80625 0.0546875 0.125
5 0.9234375 0.853125 0.0546875 0.103125
8 0.721875 0.8609375 0.0359375 0.0515625
0 0.8125 0.690625 0.0375 0.0546875