3 0.10546875 0.1375 0.0125 0.0484375
3 0.121875 0.1546875 0.01171875 0.0640625
3 0.13671875 0.1546875 0.0125 0.05703125
3 0.15078125 0.1390625 0.0125 0.08515625
4 0.12265625 0.22265625 0.00625 0.0359375
2 0.15703125 0.26328125 0.0078125 0.04296875
2 0.09296875 0.253125 0.00703125 0.04296875
4 0.45 0.1625 0.0265625 0.0515625
4 0.4796875 0.1625 0.0203125 0.0546875
3 0.359375 0.0703125 0.0609375 0.03125
3 0.4546875 0.0765625 0.065625 0.028125
2 0.2984375 0.2203125 0.0671875 0.0515625
2 0.56875 0.2078125 0.0390625 0.034375