4 0.3328125 0.2640625 0.0671875 0.0828125
3 0.3984375 0.20546875 0.0625 0.0421875
3 0.3625 0.1578125 0.0875 0.0375
3 0.3484375 0.2 0.0546875 0.0546875
4 0.725 0.1578125 0.0484375 0.0625
5 0.7890625 0.3046875 0.046875 0.0828125
5 0.6640625 0.3109375 0.046875 0.090625
7 0.7984375 0.4015625 0.034375 0.0578125
7 0.64375 0.4125 0.0296875 0.0625
3 0.1203125 0.60625 0.04375 0.05625
4 0.20625 0.7 0.053125 0.04375
3 0.3234375 0.640625 0.04375 0.0265625
5 0.2796875 0.8984375 0.0390625 0.0828125
4 0.8703125 0.6296875 0.025 0.0421875
5 0.790625 0.7890625 0.0421875 0.0671875
5 0.878125 0.81875 0.0234375 0.0578125
7 0.7625 0.8734375 0.028125 0.065625
6 0.7140625 0.815625 0.0265625 0.0734375