3 0.31875 0.1546875 0.071875 0.0421875
3 0.290625 0.1140625 0.075 0.05
3 0.3859375 0.128125 0.0703125 0.0515625
3 0.403125 0.175 0.0703125 0.0515625
3 0.48125 0.1609375 0.0703125 0.084375
4 0.403125 0.228125 0.034375 0.071875
5 0.221875 0.4609375 0.071875 0.059375
5 0.4640625 0.4984375 0.0546875 0.084375
5 0.184375 0.5265625 0.0421875 0.0640625
6 0.13125 0.4359375 0.0375 0.0890625
2 0.1609375 0.3140625 0.046875 0.0765625
3 0.55703125 0.0078125 0.0765625 0.015625
4 0.6359375 0.0390625 0.0296875 0.0578125
4 0.646875 0.0734375 0.0625 0.034375
2 0.8359375 0.125 0.040625 0.05
6 0.8546875 0.2140625 0.053125 0.090625
8 0.6671875 0.3265625 0.14375 0.0515625
5 0.75625 0.2765625 0.059375 0.0859375
5 0.5703125 0.284375 0.040625 0.090625
7 0.771875 0.4125 0.040625 0.0828125
7 0.5578125 0.4109375 0.03125 0.08125
1 0.596875 0.446875 0.0421875 0.071875
1 0.6859375 0.4578125 0.078125 0.0546875
6 0.828125 0.34375 0.0375 0.078125
2 0.0234375 0.69296875 0.046875 0.0546875
2 0.4390625 0.68125 0.06875 0.0734375
5 0.6796875 0.8421875 0.04375 0.1171875
5 0.52734375 0.809375 0.0171875 0.059375
7 0.68125 0.96484375 0.053125 0.0703125