3 0.153125 0.20625 0.071875 0.0421875
3 0.125 0.165625 0.075 0.05
3 0.2203125 0.1796875 0.0703125 0.0515625
3 0.2375 0.2265625 0.0703125 0.0515625
3 0.315625 0.2125 0.0703125 0.084375
4 0.2375 0.2796875 0.034375 0.071875
2 0.009375 0.36484375 0.01875 0.0765625
3 0.571875 0.06875 0.0953125 0.05625
4 0.6984375 0.1328125 0.03125 0.0734375
4 0.65 0.1484375 0.0328125 0.0671875
2 0.825 0.2109375 0.040625 0.0515625
2 0.5 0.203125 0.04375 0.04375
5 0.571875 0.3328125 0.05625 0.0828125
5 0.765625 0.3328125 0.0515625 0.103125
7 0.76796875 0.41015625 0.0171875 0.0171875
7 0.575 0.40859375 0.025 0.0203125
6 0.5109375 0.371875 0.0375 0.065625
3 0.26484375 0.459375 0.03828125 0.0546875
3 0.2921875 0.5234375 0.0140625 0.053125
2 0.2921875 0.571875 0.0234375 0.040625
5 0.27265625 0.67734375 0.0265625 0.0578125
4 0.22734375 0.52890625 0.00859375 0.04375
3 0.2125 0.48671875 0.01640625 0.0484375
3 0.628125 0.440625 0.059375 0.0359375
3 0.6875 0.4453125 0.04375 0.0453125
3 0.7453125 0.4453125 0.05625 0.0453125
5 0.7234375 0.5875 0.0390625 0.0375
5 0.6125 0.5859375 0.0546875 0.03125