4 0.5546875 0.040625 0.028125 0.071875
5 0.3765625 0.2734375 0.071875 0.059375
1 0.51796875 0.4375 0.0640625 0.025
5 0.3390625 0.3390625 0.0421875 0.0640625
6 0.2859375 0.2484375 0.0375 0.0890625
2 0.315625 0.1265625 0.046875 0.0765625
3 0.903125 0.059375 0.0875 0.053125
3 0.9796875 0.07578125 0.040625 0.0796875
2 0.8609375 0.1921875 0.0484375 0.040625
5 0.9421875 0.3046875 0.05625 0.0546875
6 0.90625 0.4078125 0.0390625 0.0625
3 0.403125 0.453125 0.059375 0.00625
3 0.40625 0.46875 0.0671875 0.0265625
3 0.478125 0.4828125 0.0609375 0.0390625
3 0.478125 0.45859375 0.0625 0.0171875
3 0.54375 0.4671875 0.046875 0.03125
3 0.5390625 0.490625 0.0515625 0.0296875
4 0.46875 0.5484375 0.040625 0.0296875
2 0.34375 0.5578125 0.0375 0.04375
2 0.56171875 0.5984375 0.0140625 0.040625
5 0.509375 0.6484375 0.0296875 0.06875
5 0.3828125 0.634375 0.0453125 0.0578125
7 0.58671875 0.7203125 0.0359375 0.059375