4 0.3609375 0.0578125 0.0515625 0.0546875
2 0.165625 0.1234375 0.0578125 0.040625
3 0.2140625 0.00859375 0.065625 0.0171875
4 0.76875 0.0828125 0.040625 0.0640625
2 0.97890625 0.12578125 0.0421875 0.0515625
3 0.85703125 0.015625 0.1109375 0.03125
3 0.675 0.0609375 0.0625 0.046875
5 0.03515625 0.6203125 0.0703125 0.053125
1 0.121875 0.909375 0.0625 0.078125
8 0.1328125 0.671875 0.0546875 0.0828125
5 0.2953125 0.7828125 0.0484375 0.0875
3 0.7640625 0.596875 0.0578125 0.046875
3 0.7671875 0.646875 0.053125 0.0484375
3 0.83125 0.6046875 0.053125 0.053125
3 0.8953125 0.61875 0.059375 0.065625
3 0.9671875 0.61796875 0.065625 0.0484375
2 0.734375 0.7796875 0.0484375 0.046875
5 0.9796875 0.896875 0.040625 0.075
5 0.8078125 0.9046875 0.0578125 0.0921875