2 0.6921875 0.24413145539906103 0.059375 0.10093896713615023
0 0.52734375 0.24178403755868544 0.0359375 0.06103286384976526
6 0.68359375 0.3755868544600939 0.0828125 0.08450704225352113
4 0.5203125 0.16901408450704225 0.021875 0.04225352112676056
2 0.146875 0.4694835680751174 0.03125 0.056338028169014086
5 0.3796875 0.5845070422535211 0.0296875 0.06572769953051644
5 0.215625 0.6572769953051644 0.0328125 0.04460093896713615
3 0.9046875 0.6502347417840375 0.0890625 0.06103286384976526
3 0.81875 0.6784037558685446 0.059375 0.05868544600938967
3 0.890625 0.704225352112676 0.0703125 0.06572769953051644
3 0.7359375 0.6455399061032864 0.0640625 0.07276995305164319
3 0.6515625 0.5985915492957746 0.0640625 0.05868544600938967
3 0.5828125 0.5821596244131455 0.0421875 0.09154929577464789
2 0.9234375 0.9295774647887324 0.0453125 0.07981220657276995