3 0.03125 0.0484375 0.0625 0.034375
3 0.1765625 0.0578125 0.0890625 0.0390625
3 0.134375 0.025 0.0859375 0.034375
3 0.05625 0.021875 0.0578125 0.04375
4 0.0921875 0.1328125 0.0515625 0.0546875
4 0.6359375 0.1984375 0.0171875 0.046875
4 0.6640625 0.203125 0.021875 0.0375
4 0.615625 0.1890625 0.021875 0.046875
5 0.7171875 0.334375 0.04375 0.0625
5 0.58203125 0.33828125 0.0265625 0.0703125
2 0.7734375 0.253125 0.0390625 0.0484375
6 0.3515625 0.62578125 0.065625 0.0734375
6 0.334375 0.734375 0.0640625 0.1125
5 0.23671875 0.6171875 0.0671875 0.05625
5 0.08203125 0.62890625 0.0390625 0.0796875
1 0.2640625 0.753125 0.0421875 0.06875
3 0.815625 0.665625 0.05 0.040625
3 0.8671875 0.6625 0.040625 0.05625
3 0.9109375 0.68125 0.0328125 0.05625
3 0.9578125 0.6875 0.0421875 0.0484375
3 0.99296875 0.68671875 0.0140625 0.0578125
2 0.8046875 0.765625 0.034375 0.0375
5 0.8578125 0.8390625 0.0296875 0.05625
5 0.9578125 0.8484375 0.0265625 0.0375
4 0.9296875 0.7359375 0.01875 0.028125