3 0.23125 0.1796875 0.05625 0.0390625
3 0.1734375 0.1875 0.034375 0.046875
3 0.1265625 0.2015625 0.040625 0.04375
3 0.2515625 0.159375 0.04375 0.0390625
5 0.071875 0.4375 0.05 0.05
5 0.20625 0.4484375 0.0546875 0.0578125
1 0.1890625 0.5265625 0.0375 0.0296875
1 0.115625 0.5234375 0.059375 0.03125
2 0.253125 0.325 0.0296875 0.034375
2 0.6078125 0.27890625 0.01875 0.03671875
2 0.74609375 0.3125 0.021875 0.03515625
5 0.7078125 0.38671875 0.02265625 0.0546875
5 0.6296875 0.378125 0.03046875 0.04140625
7 0.71640625 0.46796875 0.015625 0.053125
7 0.62265625 0.44921875 0.0203125 0.05625
2 0.4984375 0.6921875 0.059375 0.025
5 0.834375 0.728125 0.0953125 0.096875
5 0.575 0.7609375 0.05 0.1078125
1 0.7875 0.8875 0.059375 0.0625