3 0.5453125 0.103125 0.05625 0.0390625
3 0.4875 0.1109375 0.034375 0.046875
3 0.440625 0.125 0.040625 0.04375
3 0.565625 0.0828125 0.04375 0.0390625
5 0.3859375 0.3609375 0.05 0.05
5 0.5203125 0.371875 0.0546875 0.0578125
1 0.503125 0.45 0.0375 0.0296875
1 0.4296875 0.446875 0.059375 0.03125
2 0.5671875 0.2484375 0.0296875 0.034375
1 0.83359375 0.26796875 0.0296875 0.0796875
1 0.9859375 0.26484375 0.028125 0.0578125
1 0.896875 0.296875 0.075 0.0359375
3 0.23046875 0.59765625 0.0765625 0.0578125
3 0.33359375 0.5828125 0.1015625 0.028125
3 0.446875 0.57734375 0.1 0.0171875
5 0.41484375 0.965625 0.0515625 0.06875
5 0.96796875 0.6765625 0.0640625 0.103125