3 0.17265625 0.22421875 0.0953125 0.0703125
3 0.28203125 0.22265625 0.0890625 0.0734375
3 0.396875 0.22265625 0.11875 0.0734375
3 0.47890625 0.2171875 0.0203125 0.084375
3 0.88984375 0.0203125 0.1171875 0.040625
2 0.828125 0.109375 0.053125 0.0765625
6 0.8328125 0.22265625 0.05 0.0734375
3 0.5125 0.428125 0.046875 0.0875
3 0.6 0.4421875 0.0828125 0.090625
3 0.703125 0.45 0.0984375 0.1078125
4 0.5484375 0.5375 0.0375 0.06875
2 0.759375 0.63125 0.053125 0.08125
5 0.49609375 0.7921875 0.0140625 0.13125
5 0.678125 0.784375 0.0703125 0.1046875
1 0.58125 0.975 0.146875 0.0328125