3 0.1765625 0.13549618320610687 0.040625 0.06870229007633588
3 0.228125 0.12022900763358779 0.0421875 0.0648854961832061
3 0.2859375 0.1183206106870229 0.0515625 0.07633587786259542
2 0.3671875 0.2099236641221374 0.05 0.05152671755725191
4 0.228125 0.20419847328244276 0.03125 0.04961832061068702
5 0.3109375 0.31679389312977096 0.05 0.061068702290076333
5 0.628125 0.07251908396946564 0.0359375 0.05534351145038168
3 0.2953125 0.5248091603053435 0.05625 0.030534351145038167
3 0.425 0.5305343511450382 0.059375 0.03816793893129771
3 0.30625 0.5534351145038168 0.0453125 0.02480916030534351
3 0.3609375 0.5534351145038168 0.05 0.02862595419847328
4 0.334375 0.6145038167938931 0.021875 0.05916030534351145
4 0.359375 0.6145038167938931 0.0203125 0.04961832061068702
2 0.490625 0.6774809160305344 0.0375 0.05916030534351145
2 0.2578125 0.6851145038167938 0.0296875 0.04770992366412214
7 0.46875 0.8072519083969466 0.040625 0.05725190839694656
5 0.2828125 0.7786259541984732 0.040625 0.05725190839694656
3 0.6078125 0.3893129770992366 0.0375 0.04198473282442748