4 0.1796875 0.175 0.0171875 0.0453125
4 0.2078125 0.1734375 0.0265625 0.0484375
3 0.2734375 0.1109375 0.053125 0.021875
3 0.1265625 0.1109375 0.0546875 0.0296875
5 0.2625 0.26875 0.05 0.05
5 0.1359375 0.290625 0.034375 0.065625
7 0.2796875 0.3484375 0.025 0.0578125
5 0.1203125 0.3515625 0.01875 0.0453125
7 0.140625 0.371875 0.0296875 0.0515625
1 0.1734375 0.3671875 0.021875 0.0328125
5 0.3 0.3234375 0.0265625 0.0484375
2 0.30625 0.2046875 0.0359375 0.0515625
2 0.0984375 0.2109375 0.0234375 0.0328125
3 0.2671875 0.1375 0.053125 0.021875
2 0.7859375 0.384375 0.028125 0.03125
6 0.7703125 0.52734375 0.03125 0.0453125
8 0.65546875 0.51015625 0.0515625 0.0234375
2 0.1296875 0.721875 0.0390625 0.0359375
2 0.3125 0.7203125 0.0265625 0.028125
5 0.2640625 0.775 0.0359375 0.0359375
5 0.184375 0.7734375 0.03125 0.0421875
7 0.28125 0.8328125 0.03125 0.0625
7 0.175 0.84375 0.0265625 0.0515625
5 0.89375 0.678125 0.0640625 0.05
6 0.859375 0.759375 0.0453125 0.078125