3 0.6703125 0.10833333333333334 0.0546875 0.03333333333333333
4 0.6 0.20833333333333334 0.0515625 0.03958333333333333
3 0.5859375 0.14791666666666667 0.025 0.058333333333333334
3 0.5984375 0.0875 0.059375 0.0375
3 0.5109375 0.16875 0.06875 0.035416666666666666
3 0.659375 0.14791666666666667 0.0546875 0.03125
3 0.6421875 0.04375 0.0671875 0.03333333333333333
3 0.65625 0.07291666666666667 0.05 0.03333333333333333
5 0.675 0.3729166666666667 0.0375 0.08333333333333333
5 0.546875 0.41041666666666665 0.0328125 0.09375
7 0.6875 0.48020833333333335 0.040625 0.01875
6 0.5125 0.48333333333333334 0.028125 0.0125
6 0.7296875 0.36041666666666666 0.0390625 0.07291666666666667
6 0.4796875 0.41041666666666665 0.028125 0.06041666666666667
2 0.7125 0.23541666666666666 0.03125 0.05416666666666667
2 0.4671875 0.28125 0.03125 0.05416666666666667
2 0.2578125 0.6125 0.021875 0.03958333333333333
5 0.284375 0.66875 0.0359375 0.035416666666666666
4 0.8421875 0.5208333333333334 0.025 0.0625
5 0.64375 0.8791666666666667 0.0265625 0.125
5 0.946875 0.7958333333333333 0.075 0.11875
2 0.6140625 0.5708333333333333 0.0375 0.07291666666666667