5 0.1515625 0.2875 0.0515625 0.115625
5 0.3171875 0.321875 0.0328125 0.0859375
7 0.3109375 0.45 0.03125 0.071875
7 0.1265625 0.434375 0.040625 0.0703125
4 0.2328125 0.0515625 0.03125 0.05
4 0.2703125 0.0625 0.021875 0.046875
2 0.0484375 0.11875 0.05 0.0515625
3 0.6671875 0.028125 0.0515625 0.0234375
3 0.7375 0.0171875 0.0734375 0.0265625
3 0.79375 0.00390625 0.05625 0.0078125
2 0.559375 0.1703125 0.0328125 0.0453125
5 0.6328125 0.2484375 0.0546875 0.05625
7 0.815625 0.3203125 0.028125 0.05
7 0.6171875 0.3453125 0.03125 0.059375
5 0.8125 0.2546875 0.028125 0.053125
6 0.553125 0.271875 0.04375 0.071875
2 0.209375 0.903125 0.03125 0.03125
8 0.33671875 0.99609375 0.0671875 0.0078125
3 0.5671875 0.5890625 0.0890625 0.078125
3 0.6578125 0.5875 0.065625 0.0734375
3 0.7484375 0.578125 0.0984375 0.0625
4 0.6875 0.65625 0.034375 0.0515625
5 0.8125 0.81875 0.090625 0.04375
5 0.6390625 0.8578125 0.0359375 0.053125
7 0.8203125 0.8875 0.0296875 0.05
7 0.6453125 0.93125 0.0390625 0.0671875
1 0.7859375 0.94375 0.0375 0.0328125