5 0.309375 0.18266978922716628 0.0515625 0.17330210772833723
5 0.475 0.234192037470726 0.0328125 0.1288056206088993
7 0.46875 0.4262295081967213 0.03125 0.10772833723653395
7 0.284375 0.4028103044496487 0.040625 0.1053864168618267
3 0.9328125 0.03395784543325527 0.065625 0.06791569086651054
3 0.871875 0.05152224824355972 0.0453125 0.06791569086651054
3 0.9265625 0.09133489461358314 0.0515625 0.04918032786885246
3 0.815625 0.03044496487119438 0.0484375 0.05620608899297424
3 0.6953125 0.053864168618266976 0.04375 0.07259953161592506
2 0.3546875 0.7587822014051522 0.0671875 0.08196721311475409
4 0.1578125 0.747072599531616 0.0515625 0.0702576112412178
6 0.36875 0.892271662763466 0.065625 0.1358313817330211
5 0.2859375 0.9437939110070258 0.065625 0.09133489461358314
5 0.11484375 0.9812646370023419 0.0359375 0.03747072599531616
2 0.8171875 0.7049180327868853 0.0375 0.06557377049180328
5 0.7421875 0.8430913348946136 0.0359375 0.06791569086651054