2 0.05625 0.228125 0.021875 0.0375
5 0.190625 0.2734375 0.040625 0.05
5 0.084375 0.290625 0.0296875 0.0484375
7 0.2125 0.3328125 0.0234375 0.046875
7 0.0953125 0.346875 0.025 0.0453125
2 0.23125 0.2203125 0.0265625 0.05
3 0.1640625 0.1296875 0.053125 0.0265625
3 0.096875 0.1328125 0.0453125 0.021875
3 0.1265625 0.1546875 0.053125 0.0265625
3 0.63828125 0.1296875 0.0578125 0.0375
2 0.6921875 0.1953125 0.0203125 0.025
5 0.65 0.26875 0.0265625 0.040625
3 0.3359375 0.6640625 0.0640625 0.0546875
3 0.421875 0.690625 0.065625 0.0421875
7 0.2796875 0.8796875 0.021875 0.06875
6 0.2109375 0.840625 0.04375 0.09375
4 0.715625 0.7984375 0.053125 0.0875
2 0.8984375 0.8859375 0.034375 0.065625
5 0.81875 0.9796875 0.09375 0.040625
6 0.88203125 0.98515625 0.0296875 0.0296875