5 0.1203125 0.234375 0.040625 0.05
5 0.0140625 0.25078125 0.028125 0.0484375
7 0.1421875 0.29375 0.0234375 0.046875
7 0.025 0.3078125 0.025 0.0453125
2 0.1609375 0.18125 0.0265625 0.05
3 0.09375 0.090625 0.053125 0.0265625
3 0.0265625 0.09375 0.0453125 0.021875
3 0.05625 0.115625 0.053125 0.0265625
4 0.503125 0.034375 0.0265625 0.046875
5 0.6046875 0.18125 0.046875 0.0578125
3 0.3234375 0.8484375 0.1171875 0.0734375
3 0.1515625 0.871875 0.09375 0.028125
4 0.2203125 0.9359375 0.0296875 0.0671875
5 0.803125 0.553125 0.0515625 0.059375
5 0.6390625 0.5375 0.05 0.046875
6 0.578125 0.6203125 0.059375 0.0890625
6 0.85625 0.640625 0.034375 0.09375