3 0.428125 0.1109375 0.0671875 0.059375
4 0.3578125 0.19375 0.0546875 0.05
4 0.765625 0.0703125 0.0484375 0.0578125
2 0.5859375 0.0953125 0.053125 0.078125
2 0.93125 0.0765625 0.046875 0.0828125
5 0.859375 0.196875 0.04375 0.053125
5 0.66875 0.2 0.040625 0.0625
6 0.596875 0.175 0.0421875 0.0546875
6 0.9140625 0.1453125 0.0484375 0.0546875
5 0.25234375 0.7109375 0.0171875 0.10078125
5 0.1953125 0.68984375 0.02734375 0.078125
2 0.28359375 0.62734375 0.015625 0.0484375
2 0.17421875 0.57421875 0.0171875 0.03359375
7 0.2515625 0.83984375 0.015625 0.090625
7 0.18515625 0.79375 0.015625 0.065625
1 0.21484375 0.825 0.0296875 0.03828125
4 0.2453125 0.521875 0.00859375 0.0484375
4 0.2234375 0.54296875 0.01171875 0.04609375
5 0.9078125 0.471875 0.04375 0.075
5 0.646875 0.5125 0.05625 0.08125
5 0.778125 0.6734375 0.1171875 0.040625