3 0.315625 0.3265625 0.0671875 0.059375
2 0.4484375 0.403125 0.0546875 0.0546875
3 0.45625 0.28046875 0.046875 0.0390625
4 0.2453125 0.409375 0.0546875 0.05
2 0.58125 0.1859375 0.0359375 0.0359375
2 0.840625 0.21875 0.040625 0.034375
5 0.76875 0.290625 0.0421875 0.053125
5 0.621875 0.2828125 0.0578125 0.040625
7 0.784375 0.3703125 0.0296875 0.0515625
7 0.6078125 0.3515625 0.0375 0.0546875
4 0.0609375 0.8 0.040625 0.0640625
2 0.284375 0.84375 0.0671875 0.0515625
3 0.15 0.73125 0.1109375 0.0359375
3 0.6671875 0.725 0.06875 0.0515625
3 0.865625 0.7234375 0.125 0.0453125
3 0.7640625 0.7453125 0.1109375 0.05
4 0.8234375 0.8046875 0.0328125 0.0453125
4 0.78125 0.8234375 0.0453125 0.046875
5 0.71796875 0.96015625 0.0515625 0.0796875
5 0.8734375 0.959375 0.0375 0.08125
2 0.6453125 0.8578125 0.053125 0.046875
2 0.9390625 0.8515625 0.0390625 0.0453125