3 0.128125 0.0828125 0.0546875 0.065625
3 0.1734375 0.0265625 0.06875 0.046875
3 0.37734375 0.028125 0.0828125 0.040625
5 0.2421875 0.3015625 0.0359375 0.103125
5 0.3984375 0.2609375 0.0375 0.0578125
7 0.246875 0.384375 0.0375 0.053125
7 0.4109375 0.34765625 0.015625 0.0359375
3 0.615625 0.1765625 0.053125 0.05
3 0.65 0.209375 0.08125 0.0296875
3 0.725 0.1765625 0.06875 0.028125
3 0.7203125 0.146875 0.1015625 0.03125
3 0.7921875 0.2078125 0.0578125 0.0328125
3 0.8046875 0.18125 0.05 0.0296875
2 0.596875 0.321875 0.04375 0.046875
2 0.834375 0.3203125 0.03125 0.046875
5 0.79375 0.4015625 0.0328125 0.053125
5 0.6703125 0.396875 0.0390625 0.0609375
3 0.7265625 0.21875 0.0375 0.046875
2 0.1375 0.590625 0.04375 0.059375
5 0.25625 0.7359375 0.065625 0.0953125
7 0.2140625 0.85 0.0328125 0.090625
6 0.1640625 0.8125 0.0390625 0.165625
1 0.33125 0.953125 0.0828125 0.04375
3 0.5046875 0.5515625 0.090625 0.125
4 0.7453125 0.56875 0.090625 0.090625
6 0.6375 0.8484375 0.0875 0.0671875
5 0.7328125 0.9015625 0.0640625 0.1546875
7 0.9828125 0.965625 0.034375 0.06875
6 0.5359375 0.896875 0.053125 0.1125