3 0.15234375 0.0890625 0.02578125 0.0703125
3 0.1734375 0.02890625 0.03203125 0.05078125
3 0.27265625 0.03046875 0.04453125 0.04375
5 0.20546875 0.32421875 0.0171875 0.1109375
5 0.27890625 0.28046875 0.0171875 0.0625
7 0.2078125 0.41328125 0.0171875 0.05703125
7 0.29140625 0.375 0.01953125 0.03828125
4 0.7140625 0.0328125 0.0375 0.065625
2 0.925 0.125 0.053125 0.08125
2 0.546875 0.13125 0.0453125 0.046875
5 0.640625 0.2859375 0.0578125 0.13125
5 0.84375 0.278125 0.0703125 0.1046875
1 0.746875 0.46875 0.146875 0.0328125
4 0.390625 0.62890625 0.04375 0.0578125
5 0.46015625 0.83125 0.0171875 0.103125
5 0.2234375 0.81875 0.09375 0.103125
2 0.1265625 0.6703125 0.08125 0.0375
3 0.625 0.6921875 0.1171875 0.05
2 0.5625 0.7859375 0.053125 0.0765625
6 0.5671875 0.9109375 0.05 0.0953125