3 0.115625 0.1296875 0.06875 0.0546875
3 0.0453125 0.1359375 0.0609375 0.0546875
5 0.1234375 0.340625 0.040625 0.0609375
3 0.63203125 0.12734375 0.13046875 0.046875
3 0.67890625 0.1921875 0.078125 0.025
3 0.59765625 0.1875 0.0625 0.0421875
4 0.6265625 0.2484375 0.01015625 0.040625
2 0.746875 0.28671875 0.02265625 0.040625
5 0.59453125 0.446875 0.03046875 0.06796875
4 0.2734375 0.6390625 0.034375 0.01875
4 0.23515625 0.646875 0.0390625 0.034375
4 0.284375 0.6859375 0.078125 0.0421875
2 0.0984375 0.7859375 0.06875 0.05625
2 0.4890625 0.6640625 0.05 0.0453125
5 0.4390625 0.8375 0.0953125 0.096875
5 0.1796875 0.8703125 0.05 0.1078125
1 0.3921875 0.9828125 0.059375 0.034375
5 0.9140625 0.7703125 0.1265625 0.1421875
7 0.965625 0.9390625 0.0359375 0.071875
5 0.6921875 0.79375 0.040625 0.0859375
1 0.796875 0.98125 0.115625 0.0375
1 0.9125 0.99140625 0.04375 0.0171875