3 0.378125 0.2171875 0.0703125 0.0703125
3 0.2359375 0.2140625 0.0828125 0.046875
3 0.2578125 0.25625 0.1109375 0.0390625
3 0.15625 0.2578125 0.075 0.05
3 0.325 0.24375 0.059375 0.0421875
3 0.81171875 0.23125 0.021875 0.0484375
3 0.85078125 0.2265625 0.03671875 0.0421875
5 0.85546875 0.39140625 0.015625 0.0515625
5 0.8140625 0.39140625 0.0125 0.0515625
2 0.2171875 0.71640625 0.078125 0.0546875
6 0.259375 0.8953125 0.05 0.0875
3 0.934375 0.709375 0.0546875 0.025
4 0.8640625 0.784375 0.0515625 0.0296875
3 0.85 0.7390625 0.025 0.04375
3 0.8625 0.6984375 0.059375 0.01875
3 0.775 0.7546875 0.06875 0.0265625
3 0.9234375 0.7390625 0.0546875 0.0234375
3 0.9203125 0.6921875 0.05 0.00625
5 0.9390625 0.9078125 0.0375 0.0625
5 0.8109375 0.9359375 0.0328125 0.0703125
7 0.9515625 0.990625 0.040625 0.01875
6 0.7765625 0.99296875 0.028125 0.0140625
6 0.98671875 0.89765625 0.0265625 0.0546875
6 0.74375 0.9359375 0.028125 0.0453125
2 0.9765625 0.8046875 0.03125 0.040625
2 0.73125 0.8390625 0.03125 0.040625