3 0.4734375 0.1 0.0703125 0.0703125
3 0.33125 0.096875 0.0828125 0.046875
3 0.353125 0.1390625 0.1109375 0.0390625
3 0.2515625 0.140625 0.075 0.05
3 0.4203125 0.1265625 0.059375 0.0421875
5 0.928125 0.2578125 0.075 0.0578125
5 0.7765625 0.2703125 0.0640625 0.05
6 0.7421875 0.3515625 0.0453125 0.078125
6 0.965625 0.4 0.0515625 0.071875
3 0.2046875 0.7625 0.06953125 0.01796875
3 0.4046875 0.7625 0.12578125 0.015625
3 0.30234375 0.76953125 0.11171875 0.0171875
4 0.36171875 0.790625 0.0328125 0.015625
4 0.31953125 0.796875 0.0453125 0.01640625
5 0.25625 0.84921875 0.0515625 0.03671875
5 0.4125 0.85078125 0.0375 0.03984375
2 0.1828125 0.809375 0.053125 0.01640625
2 0.478125 0.80703125 0.0390625 0.015625