3 0.5359375 0.13359375 0.0390625 0.0203125
3 0.55546875 0.11640625 0.07890625 0.01640625
3 0.69453125 0.12734375 0.0953125 0.02265625
3 0.56796875 0.10390625 0.0875 0.01796875
4 0.59921875 0.14765625 0.0359375 0.0203125
4 0.621875 0.13671875 0.02578125 0.02578125
4 0.61953125 0.1578125 0.05859375 0.01640625
2 0.765625 0.178125 0.040625 0.025
6 0.75546875 0.21875 0.0484375 0.0296875
6 0.4484375 0.19140625 0.03046875 0.02421875
2 0.47734375 0.16015625 0.05 0.02265625
5 0.68125 0.2171875 0.040625 0.02109375
5 0.50703125 0.20546875 0.0484375 0.0171875
2 0.1328125 0.7 0.0625 0.0796875
3 0.5453125 0.48046875 0.071875 0.0609375
4 0.7015625 0.5703125 0.06875 0.05
5 0.8296875 0.7171875 0.0625 0.065625
6 0.8890625 0.8046875 0.0328125 0.09375