3 0.3234375 0.0984375 0.02578125 0.05703125
3 0.38046875 0.1296875 0.0328125 0.03828125
3 0.43046875 0.159375 0.03203125 0.0765625
4 0.36875 0.1828125 0.03671875 0.034375
5 0.31015625 0.321875 0.02890625 0.04765625
3 0.6671875 0.1953125 0.015625 0.025
3 0.7125 0.1953125 0.0546875 0.0375
3 0.78125 0.1984375 0.0671875 0.0328125
3 0.771875 0.2234375 0.075 0.0296875
2 0.8296875 0.303125 0.0390625 0.0390625
7 0.7796875 0.453125 0.0296875 0.04375
4 0.7015625 0.2875 0.0421875 0.03125
3 0.66953125 0.2328125 0.0203125 0.025
3 0.7109375 0.2234375 0.0625 0.0296875
4 0.7015625 0.7203125 0.021875 0.0390625
2 0.8296875 0.740625 0.025 0.0359375
5 0.67578125 0.84765625 0.0328125 0.0546875
0 0.7375 0.759375 0.021875 0.028125