6 0.2953125 0.1265625 0.0453125 0.0828125
7 0.2265625 0.275 0.0421875 0.096875
1 0.171875 0.3359375 0.0734375 0.078125
8 0.0640625 0.2125 0.028125 0.0546875
3 0.5625 0.3015625 0.046875 0.0375
2 0.575 0.4328125 0.0375 0.034375
3 0.1015625 0.46015625 0.04375 0.0203125
2 0.2015625 0.5375 0.0203125 0.0203125
2 0.0203125 0.540625 0.0234375 0.0234375
5 0.1515625 0.6015625 0.0390625 0.0484375
5 0.0703125 0.6046875 0.028125 0.0359375
7 0.175 0.6671875 0.01875 0.0328125
7 0.0625 0.671875 0.0171875 0.03125
4 0.1234375 0.50625 0.0171875 0.025
3 0.64609375 0.46484375 0.0953125 0.0296875
3 0.565625 0.48203125 0.053125 0.0640625
5 0.60625 0.7296875 0.0421875 0.0828125
5 0.784375 0.7125 0.059375 0.078125
1 0.7171875 0.8421875 0.0796875 0.03125
2 0.8171875 0.56875 0.0546875 0.065625
4 0.63125 0.5390625 0.0359375 0.059375