4 0.4078125 0.1140625 0.06875 0.08125
2 0.63125 0.2171875 0.0515625 0.0703125
2 0.203125 0.196875 0.0390625 0.05625
6 0.628125 0.3703125 0.0453125 0.0828125
5 0.2640625 0.3953125 0.046875 0.075
7 0.559375 0.51875 0.0421875 0.096875
7 0.24375 0.4859375 0.040625 0.071875
1 0.28203125 0.5453125 0.0515625 0.046875
1 0.50390625 0.5546875 0.0734375 0.028125
8 0.396875 0.45625 0.028125 0.0546875
2 0.9484375 0.1734375 0.0296875 0.0234375
6 0.9515625 0.290625 0.0234375 0.046875
2 0.5921875 0.6796875 0.0578125 0.0671875
0 0.415625 0.684375 0.040625 0.05
5 0.28125 0.7703125 0.0421875 0.0625
6 0.5375 0.96953125 0.084375 0.0609375