4 0.125 0.19014084507042253 0.0546875 0.06572769953051644
5 0.1921875 0.3685446009389671 0.0390625 0.08215962441314555
5 0.08125 0.39436619718309857 0.03125 0.09389671361502347
7 0.08046875 0.49061032863849763 0.0234375 0.03755868544600939
1 0.1453125 0.5035211267605634 0.0375 0.011737089201877934
5 0.8234375 0.04929577464788732 0.04375 0.07981220657276995
7 0.8953125 0.14553990610328638 0.059375 0.07981220657276995
1 0.85625 0.22300469483568075 0.053125 0.06103286384976526
8 0.771875 0.09389671361502347 0.0421875 0.04929577464788732
3 0.07578125 0.5164319248826291 0.1171875 0.014084507042253521
3 0.596875 0.6056338028169014 0.0515625 0.1056338028169014
4 0.478125 0.636150234741784 0.01875 0.07981220657276995
5 0.559375 0.9061032863849765 0.0546875 0.11267605633802817