3 0.02109375 0.01875 0.0421875 0.0375
3 0.08359375 0.0234375 0.0640625 0.046875
3 0.1546875 0.034375 0.05 0.06875
3 0.20625 0.02421875 0.046875 0.0484375
2 0.68984375 0.33671875 0.021875 0.059375
4 0.7671875 0.2953125 0.015625 0.05546875
3 0.78515625 0.2328125 0.0171875 0.02578125
3 0.74609375 0.2234375 0.03125 0.03125
1 0.74453125 0.5515625 0.02734375 0.02421875
5 0.0703125 0.759375 0.028125 0.0359375
5 0.1625 0.7875 0.0203125 0.028125
3 0.5 0.84375 0.0421875 0.0484375
3 0.54375 0.8515625 0.034375 0.0578125
3 0.603125 0.84375 0.0484375 0.0359375
3 0.6515625 0.8375 0.040625 0.0609375
4 0.584375 0.8984375 0.021875 0.034375
5 0.528125 0.9828125 0.034375 0.034375
5 0.62578125 0.9828125 0.0265625 0.034375
6 0.4859375 0.9734375 0.0234375 0.0359375
6 0.6484375 0.99453125 0.025 0.0109375