3 0.0375 0.1515625 0.05 0.0359375
3 0.0515625 0.190625 0.05625 0.03125
3 0.25 0.1390625 0.06875 0.034375
3 0.265625 0.115625 0.06875 0.0265625
4 0.1828125 0.2171875 0.0375 0.065625
4 0.1328125 0.225 0.0296875 0.0625
2 0.3359375 0.25703125 0.046875 0.0234375
3 0.346875 0.4515625 0.0640625 0.0484375
3 0.46875 0.45 0.0625 0.046875
4 0.43125 0.471875 0.0359375 0.0546875
4 0.3875 0.48125 0.0296875 0.05
3 0.48515625 0.39140625 0.0296875 0.0453125
3 0.4125 0.3890625 0.0875 0.034375
2 0.225 0.546875 0.059375 0.05625
5 0.3375 0.6703125 0.040625 0.0890625
4 0.690625 0.50625 0.021875 0.040625
4 0.6640625 0.5203125 0.021875 0.05
4 0.63125 0.528125 0.0234375 0.0546875
4 0.603125 0.5109375 0.0234375 0.040625
3 0.7296875 0.4859375 0.0546875 0.034375
3 0.5796875 0.478125 0.0640625 0.028125
3 0.65 0.4515625 0.0671875 0.0234375
3 0.559375 0.45625 0.05 0.0296875
3 0.7203125 0.4328125 0.0609375 0.0375
3 0.6375 0.4265625 0.0625 0.034375
3 0.5609375 0.428125 0.078125 0.03125
2 0.50625 0.578125 0.0125 0.04375
2 0.775 0.59375 0.034375 0.0484375
6 0.7734375 0.6484375 0.028125 0.05
5 0.721875 0.70625 0.0453125 0.059375
5 0.5546875 0.7046875 0.0515625 0.0609375
7 0.5296875 0.78125 0.0359375 0.0625
7 0.728125 0.7875 0.0375 0.06875
1 0.6453125 0.8109375 0.0671875 0.028125
6 0.51015625 0.63359375 0.0203125 0.0453125