4 0.3671875 0.14583333333333334 0.040625 0.0625
3 0.353125 0.07765151515151515 0.0765625 0.030303030303030304
3 0.3375 0.043560606060606064 0.1015625 0.028409090909090908
2 0.253125 0.2481060606060606 0.0375 0.056818181818181816
3 0.6671875 0.17992424242424243 0.053125 0.054924242424242424
3 0.7328125 0.17234848484848486 0.053125 0.0625
3 0.7921875 0.17234848484848486 0.046875 0.06628787878787878
3 0.840625 0.17992424242424243 0.0375 0.07386363636363637
2 0.6375 0.2803030303030303 0.0390625 0.041666666666666664
2 0.859375 0.3087121212121212 0.0328125 0.04924242424242424
5 0.43203125 0.7386363636363636 0.0359375 0.07196969696969698
6 0.4109375 0.7992424242424242 0.04375 0.07765151515151515
3 0.709375 0.5492424242424242 0.0296875 0.06060606060606061
3 0.75 0.5606060606060606 0.0375 0.058712121212121215
3 0.7984375 0.5776515151515151 0.0453125 0.054924242424242424
5 0.69375 0.759469696969697 0.04375 0.06818181818181818
7 0.653125 0.8371212121212122 0.021875 0.05303030303030303
5 0.771875 0.821969696969697 0.021875 0.07765151515151515
6 0.628125 0.8484848484848485 0.0234375 0.09090909090909091