4 0.4015625 0.018779342723004695 0.040625 0.03755868544600939
2 0.2875 0.1267605633802817 0.0375 0.07042253521126761
3 0.6515625 0.005868544600938967 0.0875 0.011737089201877934
4 0.80625 0.08215962441314555 0.0234375 0.07511737089201878
2 0.596875 0.2136150234741784 0.0625 0.09389671361502347
2 0.9296875 0.20657276995305165 0.034375 0.07511737089201878
5 0.90390625 0.37910798122065725 0.0390625 0.07746478873239436
5 0.68359375 0.3615023474178404 0.0546875 0.11267605633802817
3 0.1296875 0.7394366197183099 0.0671875 0.05868544600938967
3 0.240625 0.744131455399061 0.0859375 0.05868544600938967
5 0.25 0.9776995305164319 0.03125 0.04460093896713615
7 0.7921875 0.8028169014084507 0.040625 0.07276995305164319
7 0.5859375 0.8098591549295775 0.0359375 0.06103286384976526
6 0.565625 0.9107981220657277 0.0390625 0.09624413145539906
6 0.84375 0.8051643192488263 0.021875 0.1267605633802817
1 0.7015625 0.9272300469483568 0.071875 0.03990610328638498