2 0.20625 0.01171875 0.0375 0.0234375
5 0.0421875 0.1109375 0.034375 0.078125
6 0.2078125 0.125 0.021875 0.075
5 0.896875 0.0859375 0.0265625 0.059375
7 0.928125 0.1671875 0.04375 0.05625
4 0.2578125 0.371875 0.053125 0.0640625
2 0.1015625 0.46875 0.0421875 0.06875
2 0.41875 0.4625 0.046875 0.0578125
3 0.8546875 0.46875 0.0578125 0.0484375
3 0.7171875 0.4546875 0.0453125 0.04375
4 0.7859375 0.5125 0.025 0.046875
5 0.7265625 0.6046875 0.034375 0.05
5 0.825 0.6140625 0.0265625 0.0390625
2 0.8640625 0.5671875 0.0203125 0.03125
2 0.6875 0.5484375 0.025 0.025