3 0.24375 0.1109375 0.046875 0.05625
3 0.053125 0.09375 0.065625 0.040625
5 0.0609375 0.271875 0.028125 0.0515625
5 0.1921875 0.2859375 0.03125 0.053125
3 0.965625 0.159375 0.05 0.01875
3 0.98203125 0.13203125 0.0359375 0.0234375
2 0.946875 0.2421875 0.034375 0.0328125
7 0.98828125 0.334375 0.0234375 0.040625
3 0.3234375 0.640625 0.05 0.0359375
3 0.3375 0.6796875 0.05625 0.03125
3 0.5359375 0.628125 0.06875 0.034375
3 0.5515625 0.6046875 0.06875 0.0265625
4 0.46875 0.70625 0.0375 0.065625
4 0.41875 0.7140625 0.0296875 0.0625
2 0.303125 0.83125 0.053125 0.059375
2 0.60390625 0.759375 0.0109375 0.05
5 0.58984375 0.88203125 0.0390625 0.0515625
5 0.365625 0.9203125 0.046875 0.053125
7 0.60390625 0.98203125 0.0109375 0.0359375