2 0.36953125 0.30234375 0.0203125 0.0421875
3 0.8671875 0.09375 0.0421875 0.025
3 0.9609375 0.10625 0.0703125 0.046875
5 0.940625 0.2515625 0.0375 0.0625
5 0.8453125 0.25625 0.03125 0.053125
7 0.9703125 0.3046875 0.028125 0.046875
3 0.30625 0.4875 0.1265625 0.0265625
3 0.3125 0.51875 0.0984375 0.028125
4 0.3734375 0.61328125 0.0125 0.0484375
5 0.275 0.840625 0.04375 0.05
2 0.5328125 0.7375 0.05625 0.059375
2 0.871875 0.7171875 0.046875 0.0703125
4 0.71875 0.6203125 0.0421875 0.0640625
4 0.665625 0.61875 0.0265625 0.0671875
3 0.7953125 0.5265625 0.071875 0.0515625
3 0.7 0.5109375 0.0984375 0.0484375
3 0.6015625 0.5234375 0.059375 0.053125
5 0.8125 0.8640625 0.05625 0.0625
5 0.60625 0.8640625 0.034375 0.0765625