3 0.2578125 0.134375 0.05625 0.0484375
3 0.3390625 0.11875 0.0734375 0.040625
5 0.22890625 0.3078125 0.0421875 0.04375
5 0.359375 0.30703125 0.046875 0.0453125
6 0.3921875 0.309375 0.028125 0.040625
2 0.171875 0.25 0.028125 0.0421875
2 0.3828125 0.2078125 0.040625 0.0296875
4 0.2609375 0.1796875 0.0375 0.025
2 0.69375 0.1046875 0.0609375 0.06875
5 0.80625 0.240625 0.0640625 0.1109375
6 0.7234375 0.3 0.05625 0.059375
3 0.421875 0.5703125 0.0828125 0.04375
3 0.3359375 0.5859375 0.0671875 0.0578125
5 0.471875 0.7828125 0.0609375 0.0578125
5 0.790625 0.7359375 0.01015625 0.09296875
5 0.8390625 0.72265625 0.01640625 0.08203125
7 0.84453125 0.81015625 0.01171875 0.059375
7 0.790625 0.8328125 0.009375 0.07109375
1 0.81484375 0.85859375 0.01015625 0.04453125