4 0.35546875 0.15078125 0.01484375 0.05390625
2 0.45234375 0.22734375 0.0265625 0.05078125
2 0.23359375 0.24375 0.028125 0.04921875
5 0.2765625 0.35859375 0.02578125 0.05703125
5 0.4234375 0.3515625 0.0453125 0.05859375
2 0.8484375 0.2640625 0.0296875 0.065625
5 0.775 0.34375 0.03125 0.04375
4 0.71796875 0.18984375 0.0578125 0.0421875
3 0.80625 0.153125 0.0578125 0.0359375
3 0.31875 0.56171875 0.08125 0.0234375
4 0.3734375 0.61875 0.046875 0.040625
3 0.44296875 0.56640625 0.0921875 0.0328125
5 0.434375 0.7609375 0.028125 0.0625
5 0.3 0.753125 0.0390625 0.0703125
2 0.496875 0.653125 0.034375 0.0359375
2 0.25625 0.6375 0.0265625 0.0421875
7 0.8328125 0.6078125 0.040625 0.0734375
1 0.9140625 0.6609375 0.0375 0.05625
1 0.940625 0.5875 0.0640625 0.040625