4 0.2109375 0.1609375 0.00859375 0.0578125
2 0.26875 0.24375 0.015625 0.0546875
2 0.1390625 0.2609375 0.01640625 0.05234375
5 0.1640625 0.38359375 0.015625 0.06171875
5 0.2515625 0.3765625 0.0265625 0.06328125
2 0.5171875 0.1765625 0.071875 0.0859375
2 0.890625 0.01328125 0.05 0.0265625
2 0.2125 0.6171875 0.0203125 0.0203125
2 0.03125 0.6203125 0.0234375 0.0234375
5 0.1625 0.68125 0.0390625 0.0484375
5 0.08125 0.684375 0.028125 0.0359375
7 0.1859375 0.746875 0.01875 0.0328125
7 0.0734375 0.7515625 0.0171875 0.03125
4 0.13359375 0.59375 0.0171875 0.009375
4 0.884375 0.60859375 0.028125 0.0390625
2 0.7140625 0.6484375 0.0515625 0.0734375
5 0.784375 0.7625 0.06875 0.0890625
5 0.93125 0.8015625 0.0359375 0.109375
7 0.7328125 0.8890625 0.040625 0.0734375
7 0.9125 0.925 0.0359375 0.0875
1 0.8140625 0.9421875 0.0375 0.05625
1 0.840625 0.86875 0.0640625 0.040625