3 0.40625 0.1640625 0.0546875 0.040625
3 0.4625 0.159375 0.046875 0.0421875
3 0.51875 0.146875 0.0484375 0.0421875
3 0.5625 0.1359375 0.034375 0.05
5 0.7265625 0.24375 0.078125 0.10625
5 0.9546875 0.3015625 0.0328125 0.0828125
3 0.2328125 0.678125 0.05546875 0.01953125
3 0.30625 0.67578125 0.05390625 0.02734375
3 0.37734375 0.67421875 0.06484375 0.025
4 0.3078125 0.703125 0.046875 0.015625
5 0.36953125 0.75078125 0.0359375 0.02578125
5 0.26015625 0.75703125 0.0421875 0.02265625
1 0.36484375 0.7921875 0.0375 0.01640625
1 0.24453125 0.78828125 0.0375 0.02265625
2 0.43125 0.71953125 0.0359375 0.01953125
0 0.33203125 0.72734375 0.04375 0.015625
6 0.40703125 0.7859375 0.0375 0.02421875
2 0.7046875 0.6875 0.0453125 0.0578125
5 0.7296875 0.8859375 0.03125 0.0859375
6 0.7015625 0.9046875 0.028125 0.0953125
6 0.6875 0.8046875 0.0234375 0.0953125