2 0.2578125 0.009375 0.0375 0.01875
6 0.353125 0.03125 0.0359375 0.0484375
5 0.3765625 0.1015625 0.034375 0.0796875
1 0.478125 0.240625 0.0625 0.03125
1 0.3828125 0.234375 0.040625 0.0390625
1 0.478125 0.203125 0.0296875 0.04375
6 0.23125 0.2078125 0.05 0.046875
3 0.70703125 0.30546875 0.0765625 0.0515625
3 0.809375 0.265625 0.10625 0.078125
3 0.94140625 0.27265625 0.1171875 0.0984375
3 0.2578125 0.553125 0.0625 0.0578125
3 0.321875 0.5578125 0.040625 0.0578125
3 0.3765625 0.559375 0.053125 0.059375
4 0.3265625 0.6 0.015625 0.0359375
4 0.29375 0.5953125 0.015625 0.03125
2 0.1953125 0.6359375 0.0265625 0.0328125
5 0.340625 0.709375 0.0265625 0.05
5 0.24375 0.7140625 0.0375 0.0546875
2 0.8140625 0.725 0.059375 0.078125
5 0.71796875 0.93828125 0.0984375 0.1234375
6 0.78984375 0.98671875 0.0421875 0.0265625
6 0.796875 0.809375 0.0609375 0.0453125
3 0.6984375 0.53984375 0.059375 0.0515625