3 0.4265625 0.1171875 0.0578125 0.065625
3 0.4859375 0.096875 0.046875 0.0640625
4 0.55625 0.153125 0.034375 0.0734375
3 0.546875 0.0671875 0.0515625 0.025
3 0.590625 0.1015625 0.01875 0.05
2 0.3875 0.2640625 0.0375 0.05
6 0.4828125 0.3015625 0.0359375 0.0484375
5 0.50625 0.371875 0.034375 0.0796875
1 0.58828125 0.5109375 0.0234375 0.03125
1 0.5125 0.5046875 0.040625 0.0390625
1 0.59609375 0.4734375 0.0078125 0.04375
6 0.3609375 0.478125 0.05 0.046875
2 0.7828125 0.175 0.0421875 0.05625
5 0.875 0.2515625 0.0453125 0.071875
6 0.8078125 0.2859375 0.040625 0.08125
4 0.934375 0.0984375 0.0421875 0.0703125
3 0.928125 0.046875 0.1171875 0.0421875
3 0.83125 0.0703125 0.05625 0.0265625
3 0.1796875 0.6515625 0.0375 0.028125
4 0.2234375 0.690625 0.015625 0.0609375
2 0.08125 0.725 0.040625 0.0390625
5 0.10625 0.825 0.04375 0.0609375
5 0.23125 0.89375 0.0296875 0.08125
2 0.9578125 0.9875 0.05 0.025
3 0.853125 0.8890625 0.1046875 0.0375
3 0.6671875 0.928125 0.071875 0.0390625