3 0.2328125 0.0328125 0.0421875 0.03671875
3 0.23203125 0.07109375 0.04609375 0.03828125
3 0.29375 0.08359375 0.0421875 0.0296875
3 0.28515625 0.03125 0.03359375 0.03671875
3 0.19140625 0.08828125 0.02578125 0.046875
4 0.23046875 0.19921875 0.02109375 0.06796875
2 0.17890625 0.31015625 0.01953125 0.065625
2 0.33984375 0.2359375 0.0265625 0.0609375
6 0.3625 0.33828125 0.03359375 0.0796875
5 0.29921875 0.37265625 0.02265625 0.0484375
6 0.35859375 0.41484375 0.0171875 0.06953125
3 0.578125 0.209375 0.0453125 0.0640625
3 0.6390625 0.1921875 0.053125 0.06875
3 0.6984375 0.209375 0.046875 0.0625
3 0.53203125 0.2125 0.0265625 0.075
2 0.7421875 0.3046875 0.0453125 0.0546875
7 0.746875 0.4328125 0.0390625 0.05625
3 0.0234375 0.9296875 0.0328125 0.0484375
3 0.0765625 0.9296875 0.05625 0.0421875
3 0.1421875 0.94375 0.0484375 0.05
5 0.9296875 0.7703125 0.04375 0.059375
5 0.7046875 0.76171875 0.059375 0.0453125
6 0.6796875 0.8640625 0.0578125 0.10625
6 0.9328125 0.8578125 0.053125 0.1