3 0.0171875 0.02109375 0.034375 0.0328125
3 0.01796875 0.05625 0.0359375 0.034375
3 0.1109375 0.0671875 0.08125 0.0265625
3 0.0953125 0.0203125 0.0640625 0.0328125
4 0.0046875 0.17109375 0.009375 0.0609375
2 0.2 0.2046875 0.0515625 0.0546875
6 0.24375 0.296875 0.0640625 0.071875
5 0.121875 0.328125 0.04375 0.04375
6 0.2359375 0.365625 0.0328125 0.0625
2 0.6765625 0.4 0.04375 0.065625
3 0.928125 0.240625 0.1046875 0.0375
3 0.7421875 0.2796875 0.071875 0.0390625
5 0.74375 0.5234375 0.053125 0.075
6 0.721875 0.55546875 0.04375 0.0484375
5 0.6390625 0.8671875 0.078125 0.10625
5 0.8671875 0.925 0.0328125 0.0828125
3 0.9109375 0.5875 0.078125 0.015625