3 0.2734375 0.19375 0.034375 0.05416666666666667
3 0.328125 0.17291666666666666 0.0484375 0.03958333333333333
3 0.35625 0.20416666666666666 0.046875 0.0375
3 0.3796875 0.17291666666666666 0.0390625 0.03958333333333333
4 0.35 0.24375 0.03125 0.052083333333333336
5 0.2921875 0.38333333333333336 0.0328125 0.07708333333333334
5 0.390625 0.40625 0.0234375 0.06041666666666667
2 0.2390625 0.29375 0.0328125 0.04375
2 0.4171875 0.30625 0.0234375 0.04375
1 0.3390625 0.5083333333333333 0.046875 0.0375
1 0.2890625 0.49583333333333335 0.021875 0.04791666666666667
4 0.9171875 0.11458333333333333 0.025 0.08333333333333333
5 0.978125 0.29583333333333334 0.04375 0.075
6 0.98671875 0.4125 0.0265625 0.11666666666666667
3 0.3609375 0.6333333333333333 0.071875 0.05
3 0.17578125 0.63125 0.0578125 0.04583333333333333