3 0.3046875 0.18359375 0.021875 0.04453125
3 0.33984375 0.16640625 0.03125 0.0328125
3 0.3578125 0.1921875 0.0296875 0.03125
3 0.37265625 0.16640625 0.025 0.0328125
4 0.353125 0.225 0.0203125 0.04296875
5 0.31640625 0.340625 0.02109375 0.06328125
5 0.3796875 0.359375 0.01484375 0.05
2 0.2828125 0.26640625 0.02109375 0.0359375
2 0.39609375 0.2765625 0.01484375 0.0359375
1 0.346875 0.44375 0.0296875 0.03125
1 0.31484375 0.4328125 0.0140625 0.03984375
3 0.67265625 0.140625 0.0671875 0.053125
3 0.75 0.1390625 0.0546875 0.0609375
4 0.68125 0.203125 0.025 0.05625
5 0.7921875 0.440625 0.0375 0.0625
3 0.2640625 0.8375 0.0671875 0.0796875
3 0.3375 0.79375 0.0625 0.0640625
3 0.4109375 0.796875 0.0640625 0.075
3 0.48125 0.821875 0.05 0.0703125
3 0.5328125 0.7984375 0.046875 0.0765625
2 0.27890625 0.97265625 0.0515625 0.0546875
5 0.7328125 0.80625 0.0359375 0.090625
7 0.7015625 0.8796875 0.0375 0.0453125