3 0.4546875 0.08899297423887588 0.046875 0.03747072599531616
3 0.546875 0.11943793911007025 0.053125 0.03981264637002342
4 0.5140625 0.22482435597189696 0.03125 0.0702576112412178
5 0.4234375 0.40749414519906324 0.046875 0.07728337236533958
5 0.56875 0.43559718969555034 0.0203125 0.0585480093676815
2 0.3859375 0.2786885245901639 0.0390625 0.04918032786885246
2 0.60625 0.3161592505854801 0.025 0.04918032786885246
4 0.9375 0.2224824355971897 0.021875 0.07259953161592506
4 0.9109375 0.23653395784543327 0.025 0.06557377049180328
5 0.8953125 0.4812646370023419 0.028125 0.07728337236533958
3 0.259375 0.7798594847775175 0.0328125 0.06557377049180328
3 0.2984375 0.7845433255269321 0.0328125 0.07259953161592506
3 0.3515625 0.7845433255269321 0.05625 0.06323185011709602
3 0.4171875 0.8056206088992974 0.0484375 0.07494145199063232
2 0.9390625 0.7985948477751756 0.0484375 0.06791569086651054
6 0.94453125 0.9800936768149883 0.0453125 0.03981264637002342
7 0.9796875 0.977751756440281 0.021875 0.04449648711943794