3 0.1203125 0.20374707259953162 0.040625 0.06088992974238876
3 0.1890625 0.1990632318501171 0.0609375 0.09601873536299765
3 0.2875 0.20608899297423888 0.04375 0.03981264637002342
2 0.8359375 0.02576112412177986 0.034375 0.05152224824355972
2 0.68203125 0.01288056206088993 0.0234375 0.02576112412177986
5 0.7875 0.10772833723653395 0.025 0.06323185011709602
5 0.7109375 0.09836065573770492 0.028125 0.06088992974238876
3 0.29375 0.5971896955503513 0.0453125 0.0585480093676815
3 0.3453125 0.5831381733021077 0.0453125 0.06557377049180328
3 0.3890625 0.5761124121779859 0.021875 0.0702576112412178
2 0.2859375 0.7447306791569087 0.0234375 0.04449648711943794
5 0.3265625 0.8407494145199064 0.025 0.08196721311475409
7 0.334375 0.9320843091334895 0.025 0.06791569086651054
4 0.34375 0.6510538641686182 0.0203125 0.05620608899297424
4 0.6890625 0.4519906323185012 0.034375 0.08665105386416862
2 0.559375 0.585480093676815 0.06875 0.07962529274004684
5 0.6828125 0.7142857142857143 0.040625 0.12412177985948478
5 0.8578125 0.6018735362997658 0.065625 0.08196721311475409
2 0.89765625 0.4274004683840749 0.0546875 0.07728337236533958