3 0.1671875 0.0625 0.0796875 0.0703125
3 0.31953125 0.02421875 0.1109375 0.0484375
3 0.4359375 0.0203125 0.1 0.0390625
5 0.2578125 0.4359375 0.0640625 0.1125
3 0.6265625 0.04765625 0.034375 0.0546875
3 0.74375 0.0671875 0.1203125 0.0390625
2 0.159375 0.7515625 0.059375 0.059375
5 0.253125 0.80625 0.0421875 0.0703125
5 0.4125 0.7828125 0.053125 0.053125
2 0.453125 0.6875 0.034375 0.04375
4 0.296875 0.653125 0.0234375 0.0359375
4 0.3375 0.6453125 0.025 0.046875
3 0.2171875 0.6203125 0.071875 0.021875
2 0.9390625 0.7 0.034375 0.0375
5 0.98125 0.87109375 0.0375 0.0609375
1 0.9828125 0.971875 0.01875 0.0421875
6 0.9375 0.9078125 0.0234375 0.05625