5 0.009375 0.1296875 0.01875 0.1125
3 0.5515625 0.021875 0.0984375 0.028125
3 0.6734375 0.01484375 0.096875 0.0296875
3 0.74375 0.05625 0.075 0.05
4 0.621875 0.1171875 0.03125 0.0484375
2 0.8078125 0.178125 0.053125 0.04375
5 0.5140625 0.34375 0.04375 0.05
5 0.709375 0.321875 0.0546875 0.04375
4 0.2984375 0.584375 0.075 0.05
2 0.084375 0.64375 0.059375 0.0765625
5 0.1515625 0.834375 0.0265625 0.059375
7 0.1828125 0.915625 0.04375 0.05625
3 0.5 0.5734375 0.1171875 0.0453125
3 0.4171875 0.60390625 0.034375 0.0328125