2 0.2078125 0.1092436974789916 0.0453125 0.06722689075630252
2 0.48828125 0.11974789915966387 0.0234375 0.07142857142857142
5 0.4484375 0.22268907563025211 0.046875 0.0546218487394958
5 0.2953125 0.20378151260504201 0.04375 0.06092436974789916
6 0.7734375 0.10714285714285714 0.025 0.058823529411764705
2 0.2484375 0.5084033613445378 0.0375 0.06722689075630252
5 0.19375 0.6407563025210085 0.0515625 0.08403361344537816
5 0.0671875 0.6722689075630253 0.025 0.09033613445378151
1 0.13125 0.7689075630252101 0.0765625 0.029411764705882353
3 0.796875 0.5882352941176471 0.05 0.06092436974789916
3 0.8890625 0.5756302521008403 0.10625 0.05042016806722689
4 0.865625 0.6323529411764706 0.034375 0.0546218487394958
5 0.934375 0.7626050420168067 0.0546875 0.04411764705882353