2 0.10625 0.2605042016806723 0.0375 0.07142857142857142
3 0.0390625 0.07773109243697479 0.065625 0.04201680672268908
5 0.059375 0.3634453781512605 0.046875 0.0546218487394958
3 0.05234375 0.6039915966386554 0.1046875 0.052521008403361345
5 0.0703125 0.842436974789916 0.0375 0.0546218487394958
1 0.01875 0.9863445378151261 0.0375 0.0273109243697479
4 0.68984375 0.5315126050420168 0.0234375 0.046218487394957986
4 0.7140625 0.5336134453781513 0.025 0.05042016806722689
2 0.5796875 0.6218487394957983 0.03125 0.058823529411764705
2 0.834375 0.6092436974789915 0.034375 0.0546218487394958
5 0.775 0.7247899159663865 0.04375 0.07352941176470588
5 0.6515625 0.7163865546218487 0.0296875 0.06932773109243698