2 0.0921875 0.2359375 0.04375 0.065625
2 0.478125 0.2359375 0.05625 0.065625
4 0.2703125 0.2 0.071875 0.0625
5 0.8828125 0.234375 0.040625 0.06875
6 0.840625 0.2453125 0.040625 0.046875
2 0.3171875 0.603125 0.0390625 0.0375
2 0.5609375 0.6546875 0.0359375 0.0359375
3 0.4328125 0.5328125 0.0734375 0.0390625
3 0.515625 0.5234375 0.0515625 0.03125
3 0.4421875 0.484375 0.0625 0.03125
3 0.509375 0.5 0.0625 0.0375
4 0.84921875 0.46953125 0.01796875 0.0375
4 0.8484375 0.409375 0.025 0.05703125
3 0.82734375 0.36796875 0.01796875 0.02890625
3 0.821875 0.3234375 0.02421875 0.03984375
3 0.8953125 0.3578125 0.01953125 0.0375
3 0.89375 0.32734375 0.01953125 0.04453125
3 0.865625 0.3390625 0.02109375 0.0546875
2 0.78828125 0.53125 0.0125 0.0546875
2 0.9125 0.53515625 0.01484375 0.06328125
5 0.8796875 0.7015625 0.01484375 0.103125
5 0.81875 0.71640625 0.0171875 0.1046875
7 0.89296875 0.83828125 0.0078125 0.0546875
5 0.89296875 0.78359375 0.0125 0.0515625
5 0.80390625 0.80078125 0.0109375 0.06015625
1 0.8171875 0.8625 0.015625 0.03984375
1 0.83671875 0.84375 0.01875 0.04296875
1 0.86484375 0.83828125 0.025 0.04453125
8 0.8515625 0.76796875 0.0078125 0.0484375