4 0.24453125 0.02421875 0.0296875 0.0484375
2 0.0453125 0.13125 0.053125 0.065625
5 0.1203125 0.290625 0.0859375 0.0953125
5 0.3515625 0.2921875 0.071875 0.1140625
6 0.04375 0.3625 0.0609375 0.10625
2 0.4453125 0.146875 0.0453125 0.0671875
4 0.7609375 0.2125 0.028125 0.065625
4 0.7890625 0.2171875 0.0328125 0.071875
3 0.734375 0.13125 0.078125 0.028125
3 0.728125 0.090625 0.084375 0.034375
2 0.6203125 0.284375 0.0421875 0.0640625
2 0.978125 0.3046875 0.04375 0.0625
1 0.79375 0.5890625 0.1 0.021875
2 0.2546875 0.65625 0.0421875 0.0609375
5 0.2203125 0.778125 0.075 0.059375
5 0.0484375 0.8375 0.05 0.078125
1 0.2640625 0.90625 0.046875 0.103125
1 0.08125 0.9640625 0.0671875 0.059375
7 0.253125 0.84375 0.0328125 0.0578125
7 0.0515625 0.9078125 0.03125 0.04375
6 0.7375 0.8796875 0.0265625 0.05
6 0.5546875 0.909375 0.0359375 0.0453125