3 0.234375 0.0109375 0.084375 0.021875
3 0.43515625 0.015625 0.0953125 0.03125
4 0.3703125 0.0484375 0.0296875 0.05
2 0.1703125 0.15625 0.053125 0.065625
5 0.2453125 0.315625 0.0859375 0.0953125
5 0.4765625 0.3171875 0.071875 0.1140625
6 0.16875 0.3875 0.0609375 0.10625
2 0.5703125 0.171875 0.0453125 0.0671875
3 0.690625 0.065625 0.0546875 0.0609375
3 0.7609375 0.065625 0.059375 0.0703125
3 0.825 0.06875 0.05625 0.0765625
3 0.8859375 0.0609375 0.0515625 0.075
3 0.753125 0.01484375 0.0875 0.0296875
5 0.7109375 0.284375 0.0765625 0.059375
1 0.7546875 0.3921875 0.075 0.0359375
6 0.646875 0.3328125 0.0328125 0.05625
1 0.815625 0.378125 0.046875 0.034375
2 0.41875 0.6546875 0.0359375 0.046875
2 0.153125 0.66875 0.028125 0.046875
5 0.3546875 0.7328125 0.0578125 0.0390625
5 0.190625 0.7453125 0.0546875 0.034375
3 0.6609375 0.6015625 0.0515625 0.040625