3 0.2515625 0.0265625 0.084375 0.053125
3 0.41953125 0.00625 0.1328125 0.0125
3 0.453125 0.0390625 0.0953125 0.0484375
4 0.3875 0.0796875 0.0296875 0.05
2 0.1875 0.1875 0.053125 0.065625
5 0.2625 0.346875 0.0859375 0.0953125
5 0.49375 0.3484375 0.071875 0.1140625
6 0.18515625 0.4125 0.0609375 0.09375
2 0.5765625 0.20234375 0.025 0.0671875
2 0.8203125 0.19375 0.034375 0.053125
5 0.97734375 0.2671875 0.0453125 0.05
5 0.8484375 0.265625 0.0453125 0.046875
4 0.0609375 0.50625 0.0234375 0.05
2 0.184375 0.5890625 0.034375 0.05
5 0.159375 0.7234375 0.0390625 0.0890625
7 0.153125 0.8 0.034375 0.046875
6 0.1953125 0.7984375 0.0171875 0.0890625
4 0.8734375 0.46875 0.040625 0.01875
5 0.9203125 0.5546875 0.040625 0.0640625
5 0.8234375 0.565625 0.03125 0.053125
7 0.809375 0.625 0.025 0.040625
7 0.9390625 0.6296875 0.0265625 0.053125
6 0.965625 0.534375 0.034375 0.04375